Average:     CPU    %usr   %nice    %sys %iowait    %irq   %soft  %steal  %guest   %idle
Average:     all    0.33    0.00    1.74   25.38    0.00    0.00    0.00    0.00   72.55
Average:       0    1.08    0.00    4.30   89.78    0.00    0.00    0.00    0.00    4.84
Average:       1    0.25    0.00    1.01    7.32    0.00    0.00    0.00    0.00   91.41
Average:       2    0.00    0.00    0.79    0.26    0.00    0.00    0.00    0.00   98.94
Average:       3    0.00    0.00    0.86    4.58    0.00    0.00    0.00    0.00   94.56
Average:     CPU    %usr   %nice    %sys %iowait    %irq   %soft  %steal  %guest   %idle
Average:     all    0.14    0.00    3.70   19.38    0.00    0.00    0.00    0.00   76.78
Average:       0    0.00    0.00   13.01   78.32    0.00    0.00    0.00    0.00    8.67
Average:       1    0.26    0.00    1.03    3.35    0.00    0.00    0.00    0.00   95.36
Average:       2    0.26    0.00    0.53    0.00    0.00    0.00    0.00    0.00   99.21
Average:       3    0.00    0.00    0.86    0.00    0.00    0.00    0.00    0.00   99.14
Average:     CPU    %usr   %nice    %sys %iowait    %irq   %soft  %steal  %guest   %idle
Average:     all    0.28    0.00    4.34   20.50    0.00    0.00    0.00    0.00   74.88
Average:       0    0.00    0.00   15.36   73.91    0.00    0.00    0.29    0.00   10.43
Average:       1    0.79    0.00    0.79    1.32    0.00    0.00    0.00    0.00   97.09
Average:       2    0.25    0.00    0.76    0.76    0.00    0.00    0.00    0.00   98.24
Average:       3    0.35    0.00    0.69    8.33    0.00    0.00    0.00    0.00   90.62
Average:     CPU    %usr   %nice    %sys %iowait    %irq   %soft  %steal  %guest   %idle
Average:     all    0.21    0.00    3.89   19.94    0.00    0.00    0.07    0.00   75.89
Average:       0    0.00    0.00   14.20   75.65    0.00    0.00    0.29    0.00    9.86
Average:       1    0.53    0.00    0.80    5.57    0.00    0.00    0.00    0.00   93.10
Average:       2    0.00    0.00    0.79    1.58    0.00    0.00    0.00    0.00   97.63
Average:       3    0.29    0.00    0.29    0.00    0.00    0.00    0.00    0.00   99.41
Average:     CPU    %usr   %nice    %sys %iowait    %irq   %soft  %steal  %guest   %idle
Average:     all    0.14    0.00    3.85   21.57    0.00    0.00    0.07    0.00   74.37
Average:       0    0.00    0.00   13.62   75.65    0.00    0.00    0.00    0.00   10.72
Average:       1    0.27    0.00    0.80    9.07    0.00    0.00    0.00    0.00   89.87
Average:       2    0.00    0.00    0.55    3.29    0.00    0.00    0.00    0.00   96.16
Average:       3    0.00    0.00    0.59    0.59    0.00    0.00    0.00    0.00   98.82
Average:     CPU    %usr   %nice    %sys %iowait    %irq   %soft  %steal  %guest   %idle
Average:     all    0.29    0.00    4.41   21.75    0.00    0.00    0.00    0.00   73.55
Average:       0    0.29    0.00   15.50   73.68    0.00    0.00    0.00    0.00   10.53
Average:       1    0.26    0.00    1.05    6.30    0.00    0.00    0.00    0.00   92.39
Average:       2    0.00    0.00    0.79    0.00    0.00    0.00    0.00    0.00   99.21
Average:       3    0.70    0.00    0.70    9.12    0.00    0.00    0.00    0.00   89.47
Average:     CPU    %usr   %nice    %sys %iowait    %irq   %soft  %steal  %guest   %idle
Average:     all    0.20    0.00    3.71   18.28    0.00    0.00    0.00    0.00   77.81
Average:       0    0.29    0.00   13.45   76.32    0.00    0.00    0.00    0.00    9.94
Average:       1    0.27    0.00    1.06    0.80    0.00    0.00    0.00    0.00   97.87
Average:       2    0.00    0.00    1.01    3.02    0.00    0.00    0.00    0.00   95.97
Average:       3    0.00    0.00    0.51    0.00    0.00    0.00    0.00    0.00   99.49
Average:     CPU    %usr   %nice    %sys %iowait    %irq   %soft  %steal  %guest   %idle
Average:     all    0.14    0.00    4.68   18.78    0.00    0.00    0.00    0.00   76.41
Average:       0    0.00    0.00   15.20   72.81    0.00    0.00    0.29    0.00   11.70
Average:       1    0.26    0.00    2.33    1.55    0.00    0.00    0.00    0.00   95.85
Average:       2    0.00    0.00    0.57    4.83    0.00    0.00    0.28    0.00   94.32
Average:       3    0.27    0.00    1.33    0.27    0.00    0.00    0.00    0.00   98.14
Average:     CPU    %usr   %nice    %sys %iowait    %irq   %soft  %steal  %guest   %idle
Average:     all    0.14    0.00    4.85   17.50    0.00    0.00    0.00    0.00   77.51
Average:       0    0.00    0.00   15.25   74.78    0.00    0.00    0.00    0.00    9.97
Average:       1    0.26    0.00    2.56    0.51    0.00    0.00    0.00    0.00   96.67
Average:       2    0.29    0.00    2.02    0.00    0.00    0.00    0.00    0.00   97.69
Average:       3    0.00    0.00    0.52    0.00    0.00    0.00    0.00    0.00   99.48
Average:     CPU    %usr   %nice    %sys %iowait    %irq   %soft  %steal  %guest   %idle
Average:     all    0.20    0.00    4.80   20.81    0.00    0.00    0.00    0.00   74.19
Average:       0    0.00    0.00   13.66   74.42    0.00    0.00    0.00    0.00   11.92
Average:       1    0.00    0.00    1.27   11.65    0.00    0.00    0.00    0.00   87.09
Average:       2    0.28    0.00    1.13    1.69    0.00    0.00    0.00    0.00   96.89
Average:       3    0.26    0.00    3.65    0.00    0.00    0.00    0.00    0.00   96.09
Average:     CPU    %usr   %nice    %sys %iowait    %irq   %soft  %steal  %guest   %idle
Average:     all    0.21    0.00    4.58   20.33    0.00    0.00    0.00    0.00   74.88
Average:       0    0.00    0.00   14.04   73.64    0.00    0.00    0.00    0.00   12.32
Average:       1    0.00    0.00    2.05    5.90    0.00    0.00    0.00    0.00   92.05
Average:       2    0.28    0.00    0.85    3.68    0.00    0.00    0.00    0.00   95.18
Average:       3    0.29    0.00    1.43    0.29    0.00    0.00    0.00    0.00   97.99
Average:     CPU    %usr   %nice    %sys %iowait    %irq   %soft  %steal  %guest   %idle
Average:     all   15.73    0.00    3.66    0.23    0.00    0.00    0.62    0.00   79.75
Average:       0   21.05    0.00    3.62    0.00    0.00    0.00    0.99    0.00   74.34
Average:       1   19.23    0.00    3.85    0.00    0.00    0.00    0.96    0.00   75.96
Average:       2   12.73    0.00    4.24    0.30    0.00    0.00    0.61    0.00   82.12
Average:       3   11.21    0.00    2.95    0.00    0.00    0.00    0.29    0.00   85.55
Average:     CPU    %usr   %nice    %sys %iowait    %irq   %soft  %steal  %guest   %idle
Average:     all   15.50    0.00    3.58    0.23    0.00    0.00    0.62    0.00   80.06
Average:       0   19.23    0.00    4.49    0.96    0.00    0.00    0.64    0.00   74.68
Average:       1   19.17    0.00    4.15    0.32    0.00    0.00    0.64    0.00   75.72
Average:       2   14.60    0.00    3.11    0.00    0.00    0.00    0.62    0.00   81.68
Average:       3    9.20    0.00    2.97    0.00    0.00    0.00    0.30    0.00   87.54
Average:     CPU    %usr   %nice    %sys %iowait    %irq   %soft  %steal  %guest   %idle
Average:     all   15.63    0.00    3.58    0.00    0.00    0.00    0.54    0.00   80.25
Average:       0   16.09    0.00    4.10    0.00    0.00    0.00    0.63    0.00   79.18
Average:       1   17.92    0.00    3.91    0.00    0.00    0.00    0.65    0.00   77.52
Average:       2   17.45    0.00    3.43    0.00    0.00    0.00    0.62    0.00   78.50
Average:       3   11.44    0.00    3.23    0.00    0.00    0.00    0.29    0.00   85.04
Average:     CPU    %usr   %nice    %sys %iowait    %irq   %soft  %steal  %guest   %idle
Average:     all   15.50    0.00    3.27    0.00    0.00    0.00    0.62    0.00   80.61
Average:       0   18.18    0.00    4.22    0.00    0.00    0.00    0.65    0.00   76.95
Average:       1   16.77    0.00    3.48    0.00    0.00    0.00    0.63    0.00   79.11
Average:       2   16.77    0.00    2.48    0.00    0.00    0.00    0.62    0.00   80.12
Average:       3   11.11    0.00    3.22    0.00    0.00    0.00    0.58    0.00   85.09
Average:     CPU    %usr   %nice    %sys %iowait    %irq   %soft  %steal  %guest   %idle
Average:     all   15.50    0.00    3.50    0.16    0.00    0.00    0.62    0.00   80.22
Average:       0   21.31    0.00    4.59    0.00    0.00    0.00    0.98    0.00   73.11
Average:       1   20.46    0.00    5.28    0.66    0.00    0.00    0.66    0.00   72.94
Average:       2   13.85    0.00    3.08    0.00    0.00    0.00    0.62    0.00   82.46
Average:       3    7.93    0.00    1.42    0.00    0.00    0.00    0.57    0.00   90.08
Average:     CPU    %usr   %nice    %sys %iowait    %irq   %soft  %steal  %guest   %idle
Average:     all   15.40    0.00    3.81    0.00    0.00    0.00    0.47    0.00   80.33
Average:       0   19.48    0.00    3.90    0.00    0.00    0.00    0.65    0.00   75.97
Average:       1   18.15    0.00    3.50    0.00    0.00    0.00    0.64    0.00   77.71
Average:       2   13.85    0.00    4.00    0.00    0.00    0.00    0.62    0.00   81.54
Average:       3   10.62    0.00    3.54    0.00    0.00    0.00    0.29    0.00   85.55
Average:     CPU    %usr   %nice    %sys %iowait    %irq   %soft  %steal  %guest   %idle
Average:     all   15.53    0.00    3.67    0.62    0.00    0.00    0.62    0.00   79.55
Average:       0   18.39    0.00    4.52    1.29    0.00    0.00    0.65    0.00   75.16
Average:       1   15.09    0.00    3.77    1.26    0.00    0.00    0.63    0.00   79.25
Average:       2   17.20    0.00    3.18    0.00    0.00    0.00    0.64    0.00   78.98
Average:       3   11.87    0.00    2.67    0.00    0.00    0.00    0.30    0.00   85.16
Average:     CPU    %usr   %nice    %sys %iowait    %irq   %soft  %steal  %guest   %idle
Average:     all   15.56    0.00    4.20    0.00    0.00    0.00    0.54    0.00   79.69
Average:       0   17.42    0.00    5.16    0.00    0.00    0.00    0.65    0.00   76.77
Average:       1   17.80    0.00    4.85    0.00    0.00    0.00    0.65    0.00   76.70
Average:       2   13.94    0.00    3.94    0.00    0.00    0.00    0.30    0.00   81.82
Average:       3   13.17    0.00    2.69    0.00    0.00    0.00    0.30    0.00   83.83
Average:     CPU    %usr   %nice    %sys %iowait    %irq   %soft  %steal  %guest   %idle
Average:     all   15.56    0.00    3.89    0.00    0.00    0.00    0.54    0.00   80.00
Average:       0   20.20    0.00    5.21    0.00    0.00    0.00    0.65    0.00   73.94
Average:       1   18.59    0.00    4.49    0.00    0.00    0.00    0.64    0.00   76.28
Average:       2   12.46    0.00    3.04    0.00    0.00    0.00    0.30    0.00   84.19
Average:       3   11.54    0.00    3.25    0.00    0.00    0.00    0.59    0.00   84.62
Average:     CPU    %usr   %nice    %sys %iowait    %irq   %soft  %steal  %guest   %idle
Average:     all   15.73    0.00    3.89    0.23    0.00    0.00    0.55    0.00   79.60
Average:       0   20.85    0.00    3.91    0.00    0.00    0.00    0.65    0.00   74.59
Average:       1   16.61    0.00    4.47    0.96    0.00    0.00    0.64    0.00   77.32
Average:       2   15.64    0.00    4.29    0.00    0.00    0.00    0.31    0.00   79.75
Average:       3   10.88    0.00    2.94    0.00    0.00    0.00    0.29    0.00   85.88
Average:     CPU    %usr   %nice    %sys %iowait    %irq   %soft  %steal  %guest   %idle
Average:     all   15.79    0.00    3.60    0.00    0.00    0.00    0.55    0.00   80.06
Average:       0   18.59    0.00    3.53    0.00    0.00    0.00    0.64    0.00   77.24
Average:       1   16.67    0.00    5.13    0.00    0.00    0.00    0.64    0.00   77.56
Average:       2   17.41    0.00    2.85    0.00    0.00    0.00    0.63    0.00   79.11
Average:       3   10.85    0.00    2.93    0.00    0.00    0.00    0.59    0.00   85.63
Average:     CPU    %usr   %nice    %sys %iowait    %irq   %soft  %steal  %guest   %idle
Average:     all   15.06    0.00    3.80    0.39    0.00    0.00    0.54    0.00   80.20
Average:       0   16.24    0.00    3.82    1.59    0.00    0.00    0.64    0.00   77.71
Average:       1   16.77    0.00    3.80    0.00    0.00    0.00    0.32    0.00   79.11
Average:       2   14.11    0.00    4.29    0.00    0.00    0.00    0.31    0.00   81.29
Average:       3   13.55    0.00    3.61    0.00    0.00    0.00    0.60    0.00   82.23
Average:     CPU    %usr   %nice    %sys %iowait    %irq   %soft  %steal  %guest   %idle
Average:     all   15.32    0.00    3.97    0.00    0.00    0.00    0.54    0.00   80.17
Average:       0   18.71    0.00    5.48    0.00    0.00    0.00    0.65    0.00   75.16
Average:       1   16.51    0.00    4.44    0.00    0.00    0.00    0.63    0.00   78.41
Average:       2   15.58    0.00    3.43    0.00    0.00    0.00    0.62    0.00   80.37
Average:       3   10.62    0.00    2.65    0.00    0.00    0.00    0.29    0.00   86.43
Average:     CPU    %usr   %nice    %sys %iowait    %irq   %soft  %steal  %guest   %idle
Average:     all   15.50    0.00    3.89    0.00    0.00    0.00    0.55    0.00   80.06
Average:       0   17.95    0.00    4.81    0.00    0.00    0.00    0.64    0.00   76.60
Average:       1   18.59    0.00    4.17    0.00    0.00    0.00    0.64    0.00   76.60
Average:       2   13.31    0.00    4.02    0.00    0.00    0.00    0.62    0.00   82.04
Average:       3   12.43    0.00    2.96    0.00    0.00    0.00    0.30    0.00   84.32
Average:     CPU    %usr   %nice    %sys %iowait    %irq   %soft  %steal  %guest   %idle
Average:     all   15.37    0.00    3.88    0.39    0.00    0.00    0.54    0.00   79.81
Average:       0   19.61    0.00    4.90    0.33    0.00    0.00    0.65    0.00   74.51
Average:       1   18.91    0.00    4.17    0.00    0.00    0.00    0.64    0.00   76.28
Average:       2   14.20    0.00    3.70    1.54    0.00    0.00    0.62    0.00   79.94
Average:       3    9.51    0.00    3.17    0.00    0.00    0.00    0.29    0.00   87.03
Average:     CPU    %usr   %nice    %sys %iowait    %irq   %soft  %steal  %guest   %idle
Average:     all   16.06    0.00    3.57    0.00    0.00    0.00    0.54    0.00   79.83
Average:       0   18.91    0.00    4.49    0.00    0.00    0.00    0.96    0.00   75.64
Average:       1   21.09    0.00    3.51    0.00    0.00    0.00    0.64    0.00   74.76
Average:       2   14.91    0.00    2.80    0.00    0.00    0.00    0.62    0.00   81.68
Average:       3   10.17    0.00    3.20    0.00    0.00    0.00    0.58    0.00   86.05
Average:     CPU    %usr   %nice    %sys %iowait    %irq   %soft  %steal  %guest   %idle
Average:     all   15.47    0.00    3.44    0.94    0.00    0.00    0.55    0.00   79.61
Average:       0   16.88    0.00    3.50    0.00    0.00    0.00    0.64    0.00   78.98
Average:       1   16.09    0.00    3.15    2.52    0.00    0.00    0.63    0.00   77.60
Average:       2   16.56    0.00    4.38    0.94    0.00    0.00    0.62    0.00   77.50
Average:       3   12.69    0.00    2.72    0.00    0.00    0.00    0.30    0.00   84.29
Average:     CPU    %usr   %nice    %sys %iowait    %irq   %soft  %steal  %guest   %idle
Average:     all   15.23    0.00    4.12    0.00    0.00    0.00    0.54    0.00   80.11
Average:       0   18.63    0.00    4.58    0.00    0.00    0.00    0.65    0.00   76.14
Average:       1   19.75    0.00    4.14    0.00    0.00    0.00    0.64    0.00   75.48
Average:       2   13.35    0.00    4.66    0.00    0.00    0.00    0.62    0.00   81.37
Average:       3    9.59    0.00    3.20    0.00    0.00    0.00    0.29    0.00   86.92
Average:     CPU    %usr   %nice    %sys %iowait    %irq   %soft  %steal  %guest   %idle
Average:     all   15.40    0.00    3.27    0.16    0.00    0.00    0.54    0.00   80.64
Average:       0   18.33    0.00    3.22    0.00    0.00    0.00    0.64    0.00   77.81
Average:       1   19.16    0.00    4.22    0.00    0.00    0.00    0.65    0.00   75.97
Average:       2   13.07    0.00    3.34    0.61    0.00    0.00    0.61    0.00   82.37
Average:       3   11.70    0.00    2.34    0.00    0.00    0.00    0.58    0.00   85.38
Average:     CPU    %usr   %nice    %sys %iowait    %irq   %soft  %steal  %guest   %idle
Average:     all   15.63    0.00    3.27    0.23    0.00    0.00    0.62    0.00   80.25
Average:       0   16.77    0.00    4.19    0.65    0.00    0.00    0.65    0.00   77.74
Average:       1   21.82    0.00    2.61    0.00    0.00    0.00    0.65    0.00   74.92
Average:       2   12.54    0.00    3.28    0.00    0.00    0.00    0.60    0.00   83.58
Average:       3   11.98    0.00    2.99    0.30    0.00    0.00    0.60    0.00   84.13
Average:     CPU    %usr   %nice    %sys %iowait    %irq   %soft  %steal  %guest   %idle
Average:     all   15.19    0.00    3.57    0.70    0.00    0.00    0.54    0.00   80.00
Average:       0   17.78    0.00    3.81    0.00    0.00    0.00    0.63    0.00   77.78
Average:       1   16.24    0.00    4.46    2.87    0.00    0.00    0.64    0.00   75.80
Average:       2   14.86    0.00    3.41    0.00    0.00    0.00    0.62    0.00   81.11
Average:       3   12.09    0.00    2.36    0.00    0.00    0.00    0.59    0.00   84.96
Average:     CPU    %usr   %nice    %sys %iowait    %irq   %soft  %steal  %guest   %idle
Average:     all   15.44    0.00    3.98    0.00    0.00    0.00    0.55    0.00   80.03
Average:       0   16.67    0.00    4.81    0.32    0.00    0.00    0.64    0.00   77.56
Average:       1   17.46    0.00    4.44    0.00    0.00    0.00    0.63    0.00   77.46
Average:       2   15.58    0.00    4.05    0.00    0.00    0.00    0.62    0.00   79.75
Average:       3   12.20    0.00    2.68    0.00    0.00    0.00    0.60    0.00   84.52
Average:     CPU    %usr   %nice    %sys %iowait    %irq   %soft  %steal  %guest   %idle
Average:     all   15.44    0.00    3.41    0.00    0.00    0.00    0.54    0.00   80.61
Average:       0   17.04    0.00    4.18    0.00    0.00    0.00    0.64    0.00   78.14
Average:       1   20.13    0.00    3.51    0.00    0.00    0.00    0.64    0.00   75.72
Average:       2   15.74    0.00    3.09    0.00    0.00    0.00    0.62    0.00   80.56
Average:       3    9.38    0.00    2.64    0.00    0.00    0.00    0.59    0.00   87.39
Average:     CPU    %usr   %nice    %sys %iowait    %irq   %soft  %steal  %guest   %idle
Average:     all   15.73    0.00    3.50    0.00    0.00    0.00    0.62    0.00   80.14
Average:       0   16.83    0.00    4.13    0.00    0.00    0.00    0.63    0.00   78.41
Average:       1   19.68    0.00    4.19    0.00    0.00    0.00    0.65    0.00   75.48
Average:       2   17.14    0.00    3.17    0.00    0.00    0.00    0.63    0.00   79.05
Average:       3    9.86    0.00    2.90    0.00    0.00    0.00    0.29    0.00   86.96
Average:     CPU    %usr   %nice    %sys %iowait    %irq   %soft  %steal  %guest   %idle
Average:     all   15.10    0.00    3.64    1.94    0.00    0.00    0.62    0.00   78.70
Average:       0   18.97    0.00    2.89    0.00    0.00    0.00    0.96    0.00   77.17
Average:       1   17.32    0.00    5.56    3.92    0.00    0.00    0.98    0.00   72.22
Average:       2   13.21    0.00    3.60    3.90    0.00    0.00    0.60    0.00   78.68
Average:       3   11.11    0.00    2.63    0.00    0.00    0.00    0.29    0.00   85.96
Average:     CPU    %usr   %nice    %sys %iowait    %irq   %soft  %steal  %guest   %idle
Average:     all   15.71    0.00    3.73    0.00    0.00    0.00    0.54    0.00   80.02
Average:       0   19.28    0.00    4.90    0.00    0.00    0.00    0.65    0.00   75.16
Average:       1   16.88    0.00    3.82    0.00    0.00    0.00    0.64    0.00   78.66
Average:       2   15.81    0.00    3.04    0.00    0.00    0.00    0.61    0.00   80.55
Average:       3   10.95    0.00    3.25    0.00    0.00    0.00    0.59    0.00   85.21
Average:     CPU    %usr   %nice    %sys %iowait    %irq   %soft  %steal  %guest   %idle
Average:     all   15.50    0.00    3.33    0.47    0.00    0.00    0.54    0.00   80.16
Average:       0   19.54    0.00    4.23    0.00    0.00    0.00    0.65    0.00   75.57
Average:       1   17.63    0.00    3.53    0.00    0.00    0.00    0.64    0.00   78.21
Average:       2   14.85    0.00    2.73    1.21    0.00    0.00    0.61    0.00   80.61
Average:       3   10.29    0.00    2.94    0.88    0.00    0.00    0.29    0.00   85.59
Average:     CPU    %usr   %nice    %sys %iowait    %irq   %soft  %steal  %guest   %idle
Average:     all   15.40    0.00    3.97    0.00    0.00    0.00    0.54    0.00   80.09
Average:       0   19.93    0.00    5.23    0.00    0.00    0.00    0.65    0.00   74.18
Average:       1   18.15    0.00    5.61    0.00    0.00    0.00    0.66    0.00   75.58
Average:       2   15.24    0.00    2.74    0.00    0.00    0.00    0.61    0.00   81.40
Average:       3    8.91    0.00    2.59    0.00    0.00    0.00    0.29    0.00   88.22
Average:     CPU    %usr   %nice    %sys %iowait    %irq   %soft  %steal  %guest   %idle
Average:     all   15.35    0.00    3.35    0.00    0.00    0.00    0.62    0.00   80.67
Average:       0   23.33    0.00    5.00    0.00    0.00    0.00    1.00    0.00   70.67
Average:       1   17.68    0.00    4.50    0.00    0.00    0.00    0.64    0.00   77.17
Average:       2   11.66    0.00    2.45    0.00    0.00    0.00    0.61    0.00   85.28
Average:       3    9.80    0.00    1.73    0.00    0.00    0.00    0.29    0.00   88.18
Average:     CPU    %usr   %nice    %sys %iowait    %irq   %soft  %steal  %guest   %idle
Average:     all   15.90    0.00    3.59    0.31    0.00    0.00    0.55    0.00   79.66
Average:       0   18.65    0.00    4.18    0.00    0.00    0.00    0.64    0.00   76.53
Average:       1   15.14    0.00    4.10    0.95    0.00    0.00    0.63    0.00   79.18
Average:       2   15.22    0.00    3.42    0.00    0.00    0.00    0.62    0.00   80.75
Average:       3   14.50    0.00    2.42    0.00    0.00    0.00    0.60    0.00   82.48
Average:     CPU    %usr   %nice    %sys %iowait    %irq   %soft  %steal  %guest   %idle
Average:     all   15.67    0.00    3.72    0.08    0.00    0.00    0.54    0.00   79.98
Average:       0   20.78    0.00    4.22    0.00    0.00    0.00    0.65    0.00   74.35
Average:       1   16.40    0.00    4.10    0.32    0.00    0.00    0.63    0.00   78.55
Average:       2   16.72    0.00    4.10    0.00    0.00    0.00    0.63    0.00   78.55
Average:       3    9.48    0.00    2.87    0.00    0.00    0.00    0.29    0.00   87.36
Average:     CPU    %usr   %nice    %sys %iowait    %irq   %soft  %steal  %guest   %idle
Average:     all   15.70    0.00    3.19    0.23    0.00    0.00    0.54    0.00   80.34
Average:       0   19.28    0.00    4.25    1.31    0.00    0.00    0.65    0.00   74.51
Average:       1   18.97    0.00    2.57    0.00    0.00    0.00    0.64    0.00   77.81
Average:       2   14.94    0.00    3.05    0.00    0.00    0.00    0.30    0.00   81.71
Average:       3    9.97    0.00    2.93    0.00    0.00    0.00    0.29    0.00   86.80
Average:     CPU    %usr   %nice    %sys %iowait    %irq   %soft  %steal  %guest   %idle
Average:     all   15.62    0.00    3.65    0.00    0.00    0.00    0.54    0.00   80.19
Average:       0   19.81    0.00    3.90    0.00    0.00    0.00    0.65    0.00   75.65
Average:       1   15.61    0.00    4.46    0.00    0.00    0.00    0.64    0.00   79.30
Average:       2   17.55    0.00    4.70    0.00    0.00    0.00    0.63    0.00   77.12
Average:       3    9.80    0.00    2.02    0.00    0.00    0.00    0.29    0.00   87.90
Average:     CPU    %usr   %nice    %sys %iowait    %irq   %soft  %steal  %guest   %idle
Average:     all   15.19    0.00    3.89    0.00    0.00    0.00    0.62    0.00   80.30
Average:       0   20.97    0.00    4.52    0.00    0.00    0.00    0.65    0.00   73.87
Average:       1   16.56    0.00    3.82    0.00    0.00    0.00    0.64    0.00   78.98
Average:       2   13.62    0.00    4.33    0.00    0.00    0.00    0.62    0.00   81.42
Average:       3   10.39    0.00    2.97    0.00    0.00    0.00    0.59    0.00   86.05
Average:     CPU    %usr   %nice    %sys %iowait    %irq   %soft  %steal  %guest   %idle
Average:     all   15.04    0.00    3.88    0.78    0.00    0.00    0.54    0.00   79.77
Average:       0   19.87    0.00    5.54    0.00    0.00    0.00    0.65    0.00   73.94
Average:       1   17.36    0.00    4.82    0.00    0.00    0.00    0.64    0.00   77.17
Average:       2   13.19    0.00    2.76    2.76    0.00    0.00    0.61    0.00   80.67
Average:       3   10.40    0.00    2.31    0.00    0.00    0.00    0.29    0.00   86.99
Average:     CPU    %usr   %nice    %sys %iowait    %irq   %soft  %steal  %guest   %idle
Average:     all   15.81    0.00    3.43    0.00    0.00    0.00    0.62    0.00   80.14
Average:       0   16.98    0.00    3.77    0.00    0.00    0.00    0.63    0.00   78.62
Average:       1   18.27    0.00    3.85    0.00    0.00    0.00    0.64    0.00   77.24
Average:       2   17.03    0.00    4.73    0.00    0.00    0.00    0.63    0.00   77.60
Average:       3   11.54    0.00    1.48    0.00    0.00    0.00    0.30    0.00   86.69
Average:     CPU    %usr   %nice    %sys %iowait    %irq   %soft  %steal  %guest   %idle
Average:     all   15.05    0.00    4.45    5.38    0.00    0.00    0.62    0.00   74.49
Average:       0   18.18    0.00    5.84   11.04    0.00    0.00    0.65    0.00   64.29
Average:       1   17.52    0.00    4.78    7.32    0.00    0.00    0.96    0.00   69.43
Average:       2   12.05    0.00    3.92    2.71    0.00    0.00    0.60    0.00   80.72
Average:       3   12.46    0.00    3.34    1.22    0.00    0.00    0.30    0.00   82.67
Average:     CPU    %usr   %nice    %sys %iowait    %irq   %soft  %steal  %guest   %idle
Average:     all   15.25    0.00    3.81    0.00    0.00    0.00    0.54    0.00   80.39
Average:       0   17.97    0.00    5.56    0.00    0.00    0.00    0.65    0.00   75.82
Average:       1   18.39    0.00    4.19    0.00    0.00    0.00    0.65    0.00   76.77
Average:       2   14.63    0.00    2.74    0.00    0.00    0.00    0.61    0.00   82.01
Average:       3   10.36    0.00    2.96    0.00    0.00    0.00    0.30    0.00   86.39
Average:     CPU    %usr   %nice    %sys %iowait    %irq   %soft  %steal  %guest   %idle
Average:     all    6.69    0.00    2.37    0.91    0.00    0.00    0.21    0.00   89.83
Average:       0    6.42    0.00    2.79    2.51    0.00    0.00    0.28    0.00   87.99
Average:       1    8.60    0.00    2.87    1.15    0.00    0.00    0.29    0.00   87.11
Average:       2    7.50    0.00    2.22    0.00    0.00    0.00    0.28    0.00   90.00
Average:       3    4.35    0.00    1.36    0.00    0.00    0.00    0.00    0.00   94.29
Average:     CPU    %usr   %nice    %sys %iowait    %irq   %soft  %steal  %guest   %idle
Average:     all   14.91    0.00    3.63    0.70    0.00    0.00    0.54    0.00   80.22
Average:       0   17.14    0.00    4.44    0.00    0.00    0.00    0.63    0.00   77.78
Average:       1   18.85    0.00    3.51    2.88    0.00    0.00    0.64    0.00   74.12
Average:       2   15.58    0.00    3.74    0.00    0.00    0.00    0.62    0.00   80.06
Average:       3    8.96    0.00    2.60    0.00    0.00    0.00    0.29    0.00   88.15
Average:     CPU    %usr   %nice    %sys %iowait    %irq   %soft  %steal  %guest   %idle
Average:     all   15.90    0.00    3.57    0.16    0.00    0.00    0.54    0.00   79.83
Average:       0   18.27    0.00    4.17    0.64    0.00    0.00    0.64    0.00   76.28
Average:       1   15.82    0.00    3.80    0.00    0.00    0.00    0.63    0.00   79.75
Average:       2   17.18    0.00    3.07    0.00    0.00    0.00    0.31    0.00   79.45
Average:       3   12.57    0.00    3.59    0.00    0.00    0.00    0.30    0.00   83.53
Average:     CPU    %usr   %nice    %sys %iowait    %irq   %soft  %steal  %guest   %idle
Average:     all   15.32    0.00    3.73    0.23    0.00    0.00    0.54    0.00   80.17
Average:       0   19.54    0.00    4.56    0.98    0.00    0.00    0.65    0.00   74.27
Average:       1   17.10    0.00    4.19    0.00    0.00    0.00    0.65    0.00   78.06
Average:       2   16.56    0.00    3.75    0.31    0.00    0.00    0.62    0.00   78.75
Average:       3    8.86    0.00    2.57    0.00    0.00    0.00    0.29    0.00   88.29
Average:     CPU    %usr   %nice    %sys %iowait    %irq   %soft  %steal  %guest   %idle
Average:     all   15.50    0.00    3.27    0.00    0.00    0.00    0.55    0.00   80.69
Average:       0   18.85    0.00    4.47    0.00    0.00    0.00    0.64    0.00   76.04
Average:       1   19.80    0.00    2.31    0.00    0.00    0.00    0.66    0.00   77.23
Average:       2   14.20    0.00    3.32    0.00    0.00    0.00    0.30    0.00   82.18
Average:       3    9.85    0.00    2.69    0.00    0.00    0.00    0.30    0.00   87.16
Average:     CPU    %usr   %nice    %sys %iowait    %irq   %soft  %steal  %guest   %idle
Average:     all   15.52    0.00    3.18    0.23    0.00    0.00    0.54    0.00   80.53
Average:       0   17.65    0.00    4.90    0.00    0.00    0.00    0.65    0.00   76.80
Average:       1   15.77    0.00    4.42    0.95    0.00    0.00    0.63    0.00   78.23
Average:       2   18.75    0.00    1.25    0.00    0.00    0.00    0.62    0.00   79.38
Average:       3   10.17    0.00    2.33    0.00    0.00    0.00    0.29    0.00   87.21
Average:     CPU    %usr   %nice    %sys %iowait    %irq   %soft  %steal  %guest   %idle
Average:     all   15.70    0.00    3.89    0.00    0.00    0.00    0.54    0.00   79.88
Average:       0   18.91    0.00    4.81    0.00    0.00    0.00    0.64    0.00   75.64
Average:       1   18.06    0.00    4.84    0.00    0.00    0.00    0.65    0.00   76.45
Average:       2   14.51    0.00    3.40    0.00    0.00    0.00    0.31    0.00   81.79
Average:       3   11.73    0.00    2.93    0.00    0.00    0.00    0.59    0.00   84.75
Average:     CPU    %usr   %nice    %sys %iowait    %irq   %soft  %steal  %guest   %idle
Average:     all   14.95    0.00    4.05    0.00    0.00    0.00    0.62    0.00   80.37
Average:       0   14.97    0.00    4.46    0.00    0.00    0.00    0.64    0.00   79.94
Average:       1   18.12    0.00    5.50    0.00    0.00    0.00    0.65    0.00   75.73
Average:       2   18.67    0.00    3.80    0.00    0.00    0.00    0.63    0.00   76.90
Average:       3    8.65    0.00    2.59    0.00    0.00    0.00    0.58    0.00   88.18
Average:     CPU    %usr   %nice    %sys %iowait    %irq   %soft  %steal  %guest   %idle
Average:     all   15.25    0.00    3.74    0.39    0.00    0.00    0.54    0.00   80.08
Average:       0   16.83    0.00    3.88    0.00    0.00    0.00    0.65    0.00   78.64
Average:       1   18.91    0.00    4.49    1.60    0.00    0.00    0.64    0.00   74.36
Average:       2   14.02    0.00    3.96    0.00    0.00    0.00    0.61    0.00   81.40
Average:       3   11.50    0.00    2.65    0.00    0.00    0.00    0.59    0.00   85.25
Average:     CPU    %usr   %nice    %sys %iowait    %irq   %soft  %steal  %guest   %idle
Average:     all   15.28    0.00    3.72    0.39    0.00    0.00    0.54    0.00   80.06
Average:       0   18.39    0.00    4.84    0.00    0.00    0.00    0.65    0.00   76.13
Average:       1   20.26    0.00    3.59    0.00    0.00    0.00    0.65    0.00   75.49
Average:       2   14.15    0.00    3.08    0.00    0.00    0.00    0.62    0.00   82.15
Average:       3    9.20    0.00    3.45    1.72    0.00    0.00    0.29    0.00   85.34
Average:     CPU    %usr   %nice    %sys %iowait    %irq   %soft  %steal  %guest   %idle
Average:     all   15.63    0.00    3.81    0.16    0.00    0.00    0.62    0.00   79.78
Average:       0   17.86    0.00    5.84    0.65    0.00    0.00    0.65    0.00   75.00
Average:       1   19.05    0.00    3.81    0.00    0.00    0.00    0.63    0.00   76.51
Average:       2   15.99    0.00    3.76    0.00    0.00    0.00    0.63    0.00   79.62
Average:       3    9.94    0.00    2.05    0.00    0.00    0.00    0.29    0.00   87.72
Average:     CPU    %usr   %nice    %sys %iowait    %irq   %soft  %steal  %guest   %idle
Average:     all   16.15    0.00    3.42    0.00    0.00    0.00    0.62    0.00   79.81
Average:       0   21.36    0.00    3.56    0.00    0.00    0.00    0.65    0.00   74.43
Average:       1   17.78    0.00    4.76    0.00    0.00    0.00    0.63    0.00   76.83
Average:       2   15.67    0.00    3.76    0.00    0.00    0.00    0.63    0.00   79.94
Average:       3   10.72    0.00    1.74    0.00    0.00    0.00    0.58    0.00   86.96
Average:     CPU    %usr   %nice    %sys %iowait    %irq   %soft  %steal  %guest   %idle
Average:     all   15.45    0.00    3.73    0.00    0.00    0.00    0.54    0.00   80.28
Average:       0   16.50    0.00    5.18    0.00    0.00    0.00    0.65    0.00   77.67
Average:       1   16.40    0.00    3.47    0.00    0.00    0.00    0.63    0.00   79.50
Average:       2   18.12    0.00    3.75    0.00    0.00    0.00    0.62    0.00   77.50
Average:       3   10.85    0.00    2.64    0.00    0.00    0.00    0.29    0.00   86.22
Average:     CPU    %usr   %nice    %sys %iowait    %irq   %soft  %steal  %guest   %idle
Average:     all   15.38    0.00    3.96    0.39    0.00    0.00    0.54    0.00   79.72
Average:       0   18.30    0.00    5.56    0.00    0.00    0.00    0.65    0.00   75.49
Average:       1   17.57    0.00    4.47    1.28    0.00    0.00    0.64    0.00   76.04
Average:       2   14.46    0.00    3.08    0.00    0.00    0.00    0.62    0.00   81.85
Average:       3   11.50    0.00    2.65    0.00    0.00    0.00    0.29    0.00   85.55
Average:     CPU    %usr   %nice    %sys %iowait    %irq   %soft  %steal  %guest   %idle
Average:     all   15.92    0.00    3.57    0.00    0.00    0.00    0.62    0.00   79.89
Average:       0   20.77    0.00    3.83    0.00    0.00    0.00    0.64    0.00   74.76
Average:       1   17.09    0.00    3.48    0.00    0.00    0.00    0.63    0.00   78.80
Average:       2   16.56    0.00    4.78    0.00    0.00    0.00    0.64    0.00   78.03
Average:       3    9.86    0.00    2.03    0.00    0.00    0.00    0.58    0.00   87.54
Average:     CPU    %usr   %nice    %sys %iowait    %irq   %soft  %steal  %guest   %idle
Average:     all   15.44    0.00    3.67    0.62    0.00    0.00    0.55    0.00   79.72
Average:       0   16.99    0.00    5.88    1.96    0.00    0.00    0.65    0.00   74.51
Average:       1   18.85    0.00    3.51    0.64    0.00    0.00    0.64    0.00   76.36
Average:       2   14.02    0.00    3.66    0.00    0.00    0.00    0.61    0.00   81.71
Average:       3   12.24    0.00    2.09    0.00    0.00    0.00    0.30    0.00   85.37
Average:     CPU    %usr   %nice    %sys %iowait    %irq   %soft  %steal  %guest   %idle
Average:     all   15.43    0.00    4.13    0.00    0.00    0.00    0.62    0.00   79.81
Average:       0   16.99    0.00    4.17    0.00    0.00    0.00    0.64    0.00   78.21
Average:       1   17.68    0.00    4.50    0.00    0.00    0.00    0.64    0.00   77.17
Average:       2   14.91    0.00    4.04    0.00    0.00    0.00    0.62    0.00   80.43
Average:       3   12.13    0.00    3.85    0.00    0.00    0.00    0.30    0.00   83.73
Average:     CPU    %usr   %nice    %sys %iowait    %irq   %soft  %steal  %guest   %idle
Average:     all   15.02    0.00    3.56    0.23    0.00    0.00    0.54    0.00   80.65
Average:       0   17.89    0.00    4.79    0.32    0.00    0.00    0.64    0.00   76.36
Average:       1   18.57    0.00    4.23    0.65    0.00    0.00    0.65    0.00   75.90
Average:       2   15.34    0.00    2.15    0.00    0.00    0.00    0.61    0.00   81.90
Average:       3    8.99    0.00    2.90    0.00    0.00    0.00    0.58    0.00   87.54
Average:     CPU    %usr   %nice    %sys %iowait    %irq   %soft  %steal  %guest   %idle
Average:     all   15.54    0.00    3.50    0.85    0.00    0.00    0.54    0.00   79.56
Average:       0   19.68    0.00    4.19    2.26    0.00    0.00    0.97    0.00   72.90
Average:       1   14.78    0.00    4.09    1.26    0.00    0.00    0.63    0.00   79.25
Average:       2   16.82    0.00    3.74    0.00    0.00    0.00    0.62    0.00   78.82
Average:       3   11.14    0.00    2.35    0.00    0.00    0.00    0.29    0.00   86.22
Average:     CPU    %usr   %nice    %sys %iowait    %irq   %soft  %steal  %guest   %idle
Average:     all   15.71    0.00    3.11    0.08    0.00    0.00    0.54    0.00   80.56
Average:       0   19.35    0.00    3.55    0.00    0.00    0.00    0.32    0.00   76.77
Average:       1   17.55    0.00    3.45    0.00    0.00    0.00    0.63    0.00   78.37
Average:       2   14.07    0.00    2.45    0.00    0.00    0.00    0.31    0.00   83.18
Average:       3   12.12    0.00    3.03    0.61    0.00    0.00    0.30    0.00   83.94
Average:     CPU    %usr   %nice    %sys %iowait    %irq   %soft  %steal  %guest   %idle
Average:     all   15.54    0.00    3.73    0.16    0.00    0.00    0.54    0.00   80.03
Average:       0   20.52    0.00    3.91    0.00    0.00    0.00    0.65    0.00   74.92
Average:       1   15.41    0.00    5.35    0.63    0.00    0.00    0.63    0.00   77.99
Average:       2   14.33    0.00    3.05    0.00    0.00    0.00    0.61    0.00   82.01
Average:       3   12.24    0.00    2.69    0.00    0.00    0.00    0.30    0.00   84.78
Average:     CPU    %usr   %nice    %sys %iowait    %irq   %soft  %steal  %guest   %idle
Average:     all   15.38    0.00    3.67    0.00    0.00    0.00    0.62    0.00   80.33
Average:       0   17.42    0.00    3.87    0.00    0.00    0.00    0.65    0.00   78.06
Average:       1   17.63    0.00    5.13    0.00    0.00    0.00    0.96    0.00   76.28
Average:       2   15.26    0.00    4.05    0.00    0.00    0.00    0.62    0.00   80.06
Average:       3   11.70    0.00    2.05    0.00    0.00    0.00    0.58    0.00   85.67
Average:     CPU    %usr   %nice    %sys %iowait    %irq   %soft  %steal  %guest   %idle
Average:     all   14.83    0.00    3.65    0.54    0.00    0.00    0.54    0.00   80.43
Average:       0   18.85    0.00    4.15    0.00    0.00    0.00    0.64    0.00   76.36
Average:       1   14.87    0.00    3.80    0.00    0.00    0.00    0.32    0.00   81.01
Average:       2   13.98    0.00    3.73    2.17    0.00    0.00    0.62    0.00   79.50
Average:       3   11.90    0.00    3.27    0.00    0.00    0.00    0.30    0.00   84.52
Average:     CPU    %usr   %nice    %sys %iowait    %irq   %soft  %steal  %guest   %idle
Average:     all   15.12    0.00    4.52    0.39    0.00    0.00    0.55    0.00   79.42
Average:       0   16.19    0.00    5.08    0.32    0.00    0.00    0.63    0.00   77.78
Average:       1   19.02    0.00    5.57    1.31    0.00    0.00    0.66    0.00   73.44
Average:       2   15.36    0.00    4.39    0.00    0.00    0.00    0.31    0.00   79.94
Average:       3   10.43    0.00    3.19    0.00    0.00    0.00    0.58    0.00   85.80
Average:     CPU    %usr   %nice    %sys %iowait    %irq   %soft  %steal  %guest   %idle
Average:     all   15.64    0.00    3.66    0.00    0.00    0.00    0.54    0.00   80.16
Average:       0   17.09    0.00    5.38    0.00    0.00    0.00    0.63    0.00   76.90
Average:       1   17.95    0.00    4.17    0.00    0.00    0.00    0.64    0.00   77.24
Average:       2   15.43    0.00    3.09    0.00    0.00    0.00    0.31    0.00   81.17
Average:       3   12.20    0.00    2.68    0.00    0.00    0.00    0.60    0.00   84.52
Average:     CPU    %usr   %nice    %sys %iowait    %irq   %soft  %steal  %guest   %idle
Average:     all   15.75    0.00    3.57    0.31    0.00    0.00    0.54    0.00   79.83
Average:       0   18.71    0.00    5.48    1.29    0.00    0.00    0.65    0.00   73.87
Average:       1   19.09    0.00    4.85    0.00    0.00    0.00    0.65    0.00   75.40
Average:       2   15.99    0.00    2.51    0.00    0.00    0.00    0.63    0.00   80.88
