Average:     all    0.08    0.00    0.00   31.83    0.00    0.00    0.00    0.00   68.09
Average:     all   14.62    0.00    2.36    6.13    0.00    0.00    0.00    0.00   76.88
Average:     all   12.41    0.00    1.79    0.22    0.00    0.00    0.00    0.00   85.58
Average:     all   12.64    0.00    2.02   17.62    0.00    0.00    0.07    0.00   67.65
Average:     all   12.54    0.00    1.58    0.36    0.00    0.00    0.00    0.00   85.53
Average:     all   12.46    0.00    2.02    5.40    0.00    0.00    0.07    0.00   80.04
Average:     all   12.57    0.00    1.80    8.41    0.00    0.07    0.00    0.00   77.16
Average:     all   12.35    0.00    1.87    0.07    0.00    0.00    0.00    0.00   85.71
Average:     all   12.87    0.00    1.95   12.44    0.00    0.00    0.07    0.00   72.67
Average:     all   12.80    0.00    3.15    9.80    0.00    0.00    0.00    0.00   74.25
Average:     all   12.23    0.00    2.16    5.47    0.00    0.00    0.00    0.00   80.14
Average:     all    3.52    0.00    0.85   19.52    0.00    0.00    0.00    0.00   76.11
Average:     all    3.11    0.00    0.07   26.98    0.00    0.00    0.00    0.00   69.84
Average:     all   18.18    0.00    0.15    0.00    0.00    0.00    0.08    0.00   81.59
Average:     all   18.24    0.00    0.15    0.08    0.00    0.00    0.00    0.00   81.53
Average:     all   18.27    0.00    0.08    0.00    0.00    0.00    0.00    0.00   81.65
Average:     all   18.71    0.00    0.30    0.00    0.00    0.00    0.00    0.00   80.99
Average:     all   19.07    0.00    0.23    0.00    0.00    0.00    0.08    0.00   80.62
Average:     all   18.66    0.00    0.08    0.00    0.00    0.00    0.00    0.00   81.27
Average:     all   19.18    0.00    0.16    0.16    0.00    0.00    0.00    0.00   80.50
Average:     all   18.51    0.00    0.00    0.00    0.00    0.00    0.00    0.00   81.49
Average:     all   19.10    0.00    0.24    0.63    0.00    0.00    0.00    0.00   80.03
Average:     all   18.31    0.00    0.08    0.00    0.00    0.00    0.00    0.00   81.61
Average:     all   18.70    0.00    0.15    0.00    0.00    0.00    0.00    0.00   81.15
Average:     all   19.13    0.00    0.16    0.08    0.00    0.00    0.00    0.00   80.64
Average:     all   19.97    0.00    0.16    0.00    0.00    0.00    0.00    0.00   79.87
Average:     all   18.38    0.00    0.23    0.23    0.00    0.00    0.00    0.00   81.16
Average:     all   18.11    0.00    0.07    0.00    0.00    0.00    0.00    0.00   81.82
Average:     all   17.88    0.00    0.00    0.00    0.00    0.00    0.07    0.00   82.05
Average:     all   18.53    0.00    0.08    0.23    0.00    0.00    0.00    0.00   81.17
Average:     all   18.71    0.00    0.08    0.00    0.00    0.00    0.08    0.00   81.14
Average:     all   18.56    0.00    0.15    0.76    0.00    0.00    0.00    0.00   80.53
Average:     all   18.92    0.00    0.08    0.00    0.00    0.00    0.00    0.00   81.01
Average:     all   19.00    0.00    0.08    0.00    0.00    0.00    0.00    0.00   80.93
Average:     all   18.81    0.00    0.15    0.39    0.00    0.00    0.00    0.00   80.65
Average:     all   19.00    0.00    0.08    0.00    0.00    0.00    0.00    0.00   80.93
Average:     all   18.34    0.00    0.15    0.08    0.00    0.00    0.00    0.00   81.43
Average:     all   18.59    0.00    0.15    0.00    0.00    0.00    0.00    0.00   81.25
Average:     all   21.58    0.00    0.09    0.00    0.00    0.00    0.00    0.00   78.33
Average:     all   19.75    0.00    0.23    5.39    0.00    0.00    0.00    0.00   74.63
Average:     all   19.17    0.00    0.15    0.00    0.00    0.00    0.00    0.00   80.67
Average:     all   17.86    0.00    0.22    0.00    0.00    0.00    0.00    0.00   81.91
Average:     all   18.89    0.00    0.24    0.00    0.00    0.00    0.00    0.00   80.87
Average:     all   21.42    0.00    0.09    0.00    0.00    0.00    0.00    0.00   78.50
Average:     all   18.66    0.00    0.00    0.23    0.00    0.00    0.00    0.00   81.11
Average:     all   18.57    0.00    0.16    0.00    0.00    0.00    0.08    0.00   81.20
Average:     all   17.69    0.00    0.00    0.07    0.00    0.00    0.00    0.00   82.23
Average:     all   17.83    0.00    0.15    0.00    0.00    0.00    0.00    0.00   82.02
Average:     all   17.59    0.00    0.07    0.07    0.00    0.00    0.00    0.00   82.26
Average:     all   17.39    0.00    0.14    0.00    0.00    0.00    0.07    0.00   82.40
Average:     all   17.83    0.00    0.00    0.00    0.00    0.00    0.00    0.00   82.17
Average:     all   17.83    0.00    0.00    0.15    0.00    0.00    0.00    0.00   82.03
Average:     all   17.87    0.00    0.22    0.00    0.00    0.00    0.00    0.00   81.91
Average:     all   17.78    0.00    0.15    0.59    0.00    0.00    0.00    0.00   81.48
Average:     all   17.85    0.00    0.15    0.00    0.00    0.00    0.00    0.00   82.00
Average:     all   18.35    0.00    0.15    0.00    0.00    0.00    0.00    0.00   81.50
Average:     all   18.79    0.00    0.08    0.23    0.00    0.00    0.00    0.00   80.89
Average:     all   18.93    0.00    0.16    0.00    0.00    0.00    0.00    0.00   80.91
Average:     all   18.30    0.00    0.23    0.15    0.00    0.00    0.00    0.00   81.32
Average:     all   18.90    0.00    0.08    0.00    0.00    0.00    0.00    0.00   81.02
Average:     all   18.97    0.00    0.08    0.00    0.00    0.00    0.00    0.00   80.95
Average:     all   18.47    0.00    0.00    0.15    0.00    0.00    0.00    0.00   81.37
Average:     all   19.78    0.00    0.00    0.00    0.00    0.00    0.00    0.00   80.22
Average:     all   18.01    0.00    0.15    0.15    0.00    0.00    0.00    0.00   81.70
Average:     all   17.96    0.00    0.15    0.00    0.00    0.00    0.07    0.00   81.82
Average:     all   19.62    0.00    0.16    0.08    0.00    0.00    0.00    0.00   80.14
Average:     all   19.30    0.00    0.24    0.00    0.00    0.00    0.00    0.00   80.46
Average:     all   19.74    0.00    0.16    0.00    0.00    0.00    0.00    0.00   80.10
Average:     all   19.42    0.00    0.16    0.16    0.00    0.00    0.00    0.00   80.26
Average:     all   19.58    0.00    0.16    0.00    0.00    0.00    0.08    0.00   80.18
Average:     all   18.40    0.00    0.23    0.08    0.00    0.00    0.00    0.00   81.29
Average:     all   17.94    0.00    0.15    0.00    0.00    0.00    0.07    0.00   81.84
Average:     all   19.92    0.00    0.08    0.00    0.00    0.00    0.00    0.00   80.00
Average:     all   19.64    0.00    0.24    1.06    0.00    0.00    0.00    0.00   79.05
Average:     all   20.68    0.00    0.08    0.00    0.00    0.00    0.00    0.00   79.24
Average:     all   23.24    0.00    0.19    0.38    0.00    0.00    0.00    0.00   76.20
Average:     all   21.13    0.00    0.26    0.00    0.00    0.00    0.00    0.00   78.61
Average:     all   21.08    0.00    0.09    0.00    0.00    0.00    0.00    0.00   78.84
Average:     all   21.25    0.00    0.26    1.21    0.00    0.00    0.00    0.00   77.28
Average:     all   23.39    0.00    0.29    0.00    0.00    0.00    0.00    0.00   76.32
Average:     all   23.38    0.00    0.29    0.10    0.00    0.00    0.00    0.00   76.23
Average:     all   17.19    0.00    0.07    0.00    0.00    0.00    0.00    0.00   82.74
Average:     all   18.46    0.00    0.08    0.00    0.00    0.00    0.00    0.00   81.46
Average:     all   21.43    0.00    0.26    2.18    0.00    0.00    0.09    0.00   76.05
Average:     all   21.21    0.00    0.09    0.00    0.00    0.00    0.00    0.00   78.70
Average:     all   20.60    0.00    0.17    0.08    0.00    0.00    0.00    0.00   79.15
Average:     all   20.76    0.00    0.17    0.00    0.00    0.00    0.00    0.00   79.08
Average:     all   18.59    0.00    0.00    0.15    0.00    0.00    0.00    0.00   81.26
Average:     all   19.54    0.00    0.08    0.00    0.00    0.00    0.00    0.00   80.38
Average:     all   20.99    0.00    0.17    0.00    0.00    0.00    0.00    0.00   78.83
Average:     all   18.60    0.00    0.15    0.15    0.00    0.00    0.00    0.00   81.10
Average:     all   17.40    0.00    0.21    0.00    0.00    0.00    0.00    0.00   82.39
Average:     all   20.97    0.00    0.17    0.26    0.00    0.00    0.00    0.00   78.60
Average:     all   20.92    0.00    0.09    0.00    0.00    0.00    0.00    0.00   78.99
Average:     all   21.31    0.00    0.17    0.00    0.00    0.00    0.00    0.00   78.52
Average:     all   20.94    0.00    0.34    0.17    0.00    0.00    0.00    0.00   78.54
Average:     all   20.17    0.00    0.17    0.00    0.00    0.00    0.00    0.00   79.67
Average:     all   23.80    0.00    0.10    0.10    0.00    0.00    0.00    0.00   76.01
Average:     all   21.24    0.00    0.09    0.00    0.00    0.00    0.00    0.00   78.68
Average:     all   16.68    0.00    0.20    0.00    0.00    0.00    0.07    0.00   83.05
Average:     all   19.79    0.00    0.08    0.24    0.00    0.00    0.00    0.00   79.89
Average:     all   21.35    0.00    0.09    0.00    0.00    0.00    0.00    0.00   78.56
Average:     all   20.08    0.00    0.25    0.17    0.00    0.00    0.00    0.00   79.50
Average:     all   18.05    0.00    0.07    0.00    0.00    0.00    0.00    0.00   81.88
Average:     all   18.55    0.00    0.15    0.00    0.00    0.00    0.00    0.00   81.30
Average:     all   18.60    0.00    0.07    0.90    0.00    0.00    0.00    0.00   80.43
Average:     all   18.21    0.00    0.15    0.00    0.00    0.00    0.00    0.00   81.64
Average:     all   18.65    0.00    0.08    0.23    0.00    0.00    0.00    0.00   81.05
Average:     all   17.80    0.00    0.24    1.12    0.00    0.00    0.00    0.00   80.85
Average:     all   15.95    0.00    1.93    1.19    0.00    0.00    0.00    0.00   80.93
Average:     all   12.51    0.00    1.86    0.00    0.00    0.00    0.07    0.00   85.56
Average:     all   12.09    0.00    2.23    1.58    0.00    0.00    0.00    0.00   84.10
Average:     all   12.49    0.00    2.09   12.27    0.00    0.00    0.00    0.00   73.14
Average:     all   12.63    0.00    1.72    0.07    0.00    0.00    0.00    0.00   85.58
Average:     all   12.75    0.00    1.87   14.41    0.00    0.00    0.07    0.00   70.89
Average:     all   12.43    0.00    1.87    0.14    0.00    0.00    0.00    0.00   85.56
Average:     all   12.32    0.00    1.86    0.14    0.00    0.00    0.07    0.00   85.60
Average:     all   12.35    0.00    2.02    7.80    0.00    0.00    0.00    0.00   77.83
Average:     all   12.29    0.00    1.72    0.21    0.00    0.00    0.00    0.00   85.78
Average:     all   14.81    0.00    1.89   11.26    0.00    0.00    0.00    0.00   72.03
Average:     all   18.55    0.00    0.08    0.00    0.00    0.00    0.00    0.00   81.37
Average:     all   18.67    0.00    0.00    0.08    0.00    0.00    0.00    0.00   81.25
Average:     all   18.58    0.00    0.15    2.09    0.00    0.00    0.00    0.00   79.18
Average:     all   18.76    0.00    0.08    0.00    0.00    0.00    0.00    0.00   81.16
Average:     all   18.30    0.00    0.00    0.37    0.00    0.00    0.07    0.00   81.25
Average:     all   18.74    0.00    0.00    0.00    0.00    0.00    0.00    0.00   81.26
Average:     all   18.03    0.00    0.15    0.00    0.00    0.00    0.07    0.00   81.74
Average:     all   17.59    0.00    0.14    0.07    0.00    0.00    0.00    0.00   82.19
Average:     all   18.24    0.00    0.15    0.00    0.00    0.00    0.00    0.00   81.62
Average:     all   18.13    0.00    0.07    0.07    0.00    0.00    0.00    0.00   81.72
Average:     all   18.15    0.00    0.07    0.00    0.00    0.00    0.00    0.00   81.78
Average:     all   18.16    0.00    0.15    0.00    0.00    0.00    0.00    0.00   81.69
Average:     all   18.23    0.00    0.15    0.07    0.00    0.00    0.00    0.00   81.55
Average:     all   18.42    0.00    0.15    0.00    0.00    0.00    0.00    0.00   81.43
Average:     all   18.24    0.00    0.15    0.74    0.00    0.00    0.00    0.00   80.87
Average:     all   18.48    0.00    0.15    0.00    0.00    0.00    0.00    0.00   81.37
Average:     all   23.74    0.00    0.30    0.49    0.00    0.00    0.00    0.00   75.47
Average:     all   19.62    0.00    0.24    0.00    0.00    0.00    0.00    0.00   80.14
Average:     all   17.95    0.00    0.22    0.00    0.00    0.00    0.00    0.00   81.82
Average:     all   18.64    0.00    0.00    1.57    0.00    0.00    0.00    0.00   79.79
Average:     all   19.90    0.00    0.16    0.00    0.00    0.00    0.00    0.00   79.94
Average:     all   18.58    0.00    0.07    0.30    0.00    0.00    0.00    0.00   81.04
Average:     all   18.50    0.00    0.15    0.00    0.00    0.00    0.00    0.00   81.35
Average:     all   18.41    0.00    0.15    0.00    0.00    0.00    0.00    0.00   81.44
Average:     all   18.38    0.00    0.23    1.28    0.00    0.00    0.08    0.00   80.05
Average:     all   18.57    0.00    0.08    0.00    0.00    0.00    0.00    0.00   81.36
Average:     all   18.51    0.00    0.23    1.28    0.00    0.00    0.00    0.00   79.98
Average:     all   18.48    0.00    0.15    0.00    0.00    0.00    0.00    0.00   81.36
Average:     all   18.75    0.00    0.08    0.00    0.00    0.00    0.00    0.00   81.17
Average:     all   18.66    0.00    0.15    0.00    0.00    0.00    0.00    0.00   81.19
Average:     all   18.74    0.00    0.23    0.00    0.00    0.00    0.00    0.00   81.04
Average:     all   18.69    0.00    0.30    0.45    0.00    0.00    0.00    0.00   80.56
Average:     all   19.22    0.00    0.08    0.00    0.00    0.00    0.00    0.00   80.70
Average:     all   19.75    0.00    0.16    0.00    0.00    0.00    0.00    0.00   80.09
Average:     all   18.75    0.00    0.23    0.08    0.00    0.00    0.08    0.00   80.88
Average:     all   18.98    0.00    0.23    0.00    0.00    0.00    0.00    0.00   80.79
Average:     all   19.18    0.00    0.15    0.08    0.00    0.00    0.00    0.00   80.59
Average:     all   19.71    0.00    0.16    0.00    0.00    0.00    0.00    0.00   80.14
Average:     all   18.97    0.00    0.08    0.00    0.00    0.00    0.00    0.00   80.96
Average:     all   19.37    0.00    0.31    0.08    0.00    0.00    0.00    0.00   80.24
Average:     all   19.91    0.00    0.16    0.00    0.00    0.00    0.00    0.00   79.94
Average:     all   19.11    0.00    0.15    0.08    0.00    0.00    0.00    0.00   80.66
Average:     all   19.86    0.00    0.08    0.00    0.00    0.00    0.00    0.00   80.06
Average:     all   19.67    0.00    0.24    0.16    0.00    0.00    0.00    0.00   79.94
Average:     all   19.40    0.00    0.08    0.00    0.00    0.00    0.00    0.00   80.52
Average:     all   19.65    0.00    0.24    0.00    0.00    0.00    0.08    0.00   80.03
Average:     all   19.92    0.00    0.08    1.04    0.00    0.00    0.00    0.00   78.96
Average:     all   19.40    0.00    0.15    0.00    0.00    0.00    0.00    0.00   80.44
Average:     all   20.48    0.00    0.16    0.16    0.00    0.00    0.00    0.00   79.20
Average:     all   20.13    0.00    0.08    0.00    0.00    0.00    0.00    0.00   79.79
Average:     all   18.99    0.00    0.15    0.00    0.00    0.00    0.00    0.00   80.86
Average:     all   20.16    0.00    0.08    0.00    0.00    0.00    0.00    0.00   79.76
Average:     all   19.11    0.00    0.08    0.00    0.00    0.00    0.00    0.00   80.82
Average:     all   18.85    0.00    0.15    0.45    0.00    0.00    0.00    0.00   80.55
Average:     all   18.05    0.00    0.07    0.00    0.00    0.00    0.00    0.00   81.88
Average:     all   17.92    0.00    0.22    0.00    0.00    0.00    0.00    0.00   81.86
Average:     all   18.15    0.00    0.15    0.07    0.00    0.00    0.00    0.00   81.62
Average:     all   18.18    0.00    0.07    0.00    0.00    0.00    0.00    0.00   81.74
Average:     all   18.19    0.00    0.15    0.52    0.00    0.00    0.07    0.00   81.06
Average:     all   20.79    0.00    0.25    0.00    0.00    0.00    0.00    0.00   78.96
Average:     all   18.28    0.00    0.15    0.00    0.00    0.00    0.00    0.00   81.57
Average:     all   18.18    0.00    0.08    0.15    0.00    0.00    0.00    0.00   81.59
Average:     all   18.06    0.00    0.15    0.00    0.00    0.00    0.00    0.00   81.79
Average:     all   18.24    0.00    0.08    0.08    0.00    0.00    0.08    0.00   81.54
Average:     all   18.23    0.00    0.15    0.00    0.00    0.00    0.00    0.00   81.62
Average:     all   18.04    0.00    0.22    0.30    0.00    0.00    0.00    0.00   81.44
Average:     all   18.50    0.00    0.15    0.00    0.00    0.00    0.00    0.00   81.35
Average:     all   18.77    0.00    0.08    0.00    0.00    0.00    0.00    0.00   81.16
Average:     all   18.78    0.00    0.08    0.15    0.00    0.00    0.00    0.00   80.99
Average:     all   18.72    0.00    0.08    0.00    0.00    0.00    0.00    0.00   81.21
Average:     all   18.59    0.00    0.23    0.15    0.00    0.00    0.00    0.00   81.03
Average:     all   18.24    0.00    0.22    0.00    0.00    0.00    0.00    0.00   81.54
Average:     all   18.89    0.00    0.15    0.00    0.00    0.00    0.00    0.00   80.95
Average:     all   18.88    0.00    0.08    0.08    0.00    0.00    0.00    0.00   80.97
Average:     all   18.60    0.00    0.08    0.00    0.00    0.00    0.00    0.00   81.33
Average:     all   18.70    0.00    0.08    0.38    0.00    0.00    0.00    0.00   80.85
Average:     all   18.59    0.00    0.07    0.00    0.00    0.00    0.00    0.00   81.33
Average:     all   18.96    0.00    0.16    0.00    0.00    0.00    0.00    0.00   80.89
Average:     all   18.60    0.00    0.15    1.43    0.00    0.00    0.08    0.00   79.74
Average:     all   18.71    0.00    0.00    0.00    0.00    0.00    0.00    0.00   81.29
Average:     all   20.73    0.00    0.17    1.19    0.00    0.00    0.00    0.00   77.91
Average:     all   19.31    0.00    0.16    0.00    0.00    0.00    0.00    0.00   80.53
Average:     all   21.57    0.00    0.09    0.43    0.00    0.00    0.00    0.00   77.91
Average:     all   18.83    0.00    0.15    0.00    0.00    0.00    0.00    0.00   81.02
Average:     all   17.18    0.00    0.14    0.00    0.00    0.00    0.00    0.00   82.68
Average:     all   21.74    0.00    0.18    1.41    0.00    0.00    0.00    0.00   76.67
Average:     all   21.03    0.00    0.09    0.00    0.00    0.00    0.00    0.00   78.88
Average:     all   20.78    0.00    0.25    0.42    0.00    0.00    0.00    0.00   78.55
Average:     all   22.08    0.00    0.09    0.00    0.00    0.00    0.00    0.00   77.84
Average:     all   21.29    0.00    0.17    0.00    0.00    0.00    0.00    0.00   78.54
Average:     all   21.91    0.00    0.09    0.09    0.00    0.00    0.00    0.00   77.91
Average:     all   19.84    0.00    0.00    0.00    0.00    0.00    0.00    0.00   80.16
Average:     all   15.49    0.00    0.08    0.15    0.00    0.00    0.00    0.00   84.28
Average:     all   13.11    0.00    1.51    0.07    0.00    0.00    0.00    0.00   85.30
Average:     all   12.23    0.00    2.09    6.55    0.00    0.00    0.00    0.00   79.14
Average:     all   12.54    0.00    1.66    6.27    0.00    0.00    0.00    0.00   79.54
Average:     all   12.73    0.00    1.44    0.07    0.00    0.00    0.00    0.00   85.76
Average:     all   12.74    0.00    1.80    7.92    0.00    0.00    0.00    0.00   77.54
Average:     all   12.68    0.00    1.65    0.07    0.00    0.00    0.00    0.00   85.60
Average:     all   12.27    0.00    1.94    5.02    0.00    0.00    0.00    0.00   80.77
Average:     all   12.42    0.00    1.87    7.61    0.00    0.00    0.07    0.00   78.03
Average:     all   12.51    0.00    1.72    0.29    0.00    0.00    0.00    0.00   85.49
Average:     all   13.97    0.00    2.04   12.99    0.00    0.00    0.00    0.00   71.00
Average:     all   18.57    0.00    0.15    0.00    0.00    0.00    0.00    0.00   81.27
Average:     all   18.63    0.00    0.61    0.00    0.00    0.00    0.00    0.00   80.76
Average:     all   20.00    0.00    0.24    0.16    0.00    0.00    0.00    0.00   79.59
Average:     all   19.68    0.00    0.16    0.00    0.00    0.00    0.00    0.00   80.16
Average:     all   21.13    0.00    0.17    0.86    0.00    0.00    0.00    0.00   77.84
Average:     all   20.23    0.00    0.08    0.00    0.00    0.00    0.00    0.00   79.68
Average:     all   17.49    0.00    0.21    0.00    0.00    0.00    0.00    0.00   82.30
Average:     all   18.89    0.00    0.15    0.46    0.00    0.00    0.00    0.00   80.50
Average:     all   18.96    0.00    0.08    0.00    0.00    0.00    0.00    0.00   80.96
Average:     all   21.98    0.00    0.18    0.09    0.00    0.00    0.00    0.00   77.76
Average:     all   20.64    0.00    0.17    0.00    0.00    0.00    0.00    0.00   79.19
Average:     all   17.24    0.00    0.07    0.00    0.00    0.00    0.00    0.00   82.69
Average:     all   23.12    0.00    0.26    0.26    0.00    0.00    0.00    0.00   76.36
Average:     all   20.82    0.00    0.08    0.00    0.00    0.00    0.00    0.00   79.10
Average:     all   17.80    0.00    0.30    2.08    0.00    0.00    0.00    0.00   79.82
Average:     all   20.36    0.00    0.17    0.00    0.00    0.00    0.00    0.00   79.47
Average:     all   19.02    0.00    0.24    0.24    0.00    0.00    0.00    0.00   80.51
Average:     all   20.26    0.00    0.17    0.00    0.00    0.00    0.09    0.00   79.49
Average:     all   20.85    0.00    0.09    0.00    0.00    0.00    0.00    0.00   79.06
Average:     all   20.63    0.00    0.09    0.68    0.00    0.00    0.00    0.00   78.60
Average:     all   20.72    0.00    0.17    0.00    0.00    0.00    0.09    0.00   79.02
Average:     all   15.99    0.00    0.07    0.07    0.00    0.00    0.00    0.00   83.88
Average:     all   20.64    0.00    0.17    0.00    0.00    0.00    0.00    0.00   79.19
Average:     all   20.23    0.00    0.00    0.00    0.00    0.00    0.00    0.00   79.77
Average:     all   17.61    0.00    0.22    0.29    0.00    0.00    0.07    0.00   81.80
Average:     all   17.76    0.00    0.07    0.00    0.00    0.00    0.00    0.00   82.16
Average:     all   17.60    0.00    0.15    0.37    0.00    0.00    0.00    0.00   81.88
Average:     all   18.36    0.00    0.22    0.00    0.00    0.00    0.00    0.00   81.42
Average:     all   18.17    0.00    0.07    0.00    0.00    0.00    0.00    0.00   81.76
Average:     all   18.39    0.00    0.15    1.05    0.00    0.00    0.00    0.00   80.42
Average:     all   17.59    0.00    0.07    0.00    0.00    0.00    0.00    0.00   82.33
Average:     all   18.09    0.00    0.15    0.15    0.00    0.00    0.00    0.00   81.61
Average:     all   18.23    0.00    0.08    0.00    0.00    0.00    0.00    0.00   81.70
Average:     all   18.05    0.00    0.15    0.00    0.00    0.00    0.00    0.00   81.80
Average:     all   18.28    0.00    0.00    0.15    0.00    0.00    0.00    0.00   81.57
Average:     all   20.62    0.00    0.17    0.00    0.00    0.00    0.00    0.00   79.21
Average:     all   18.29    0.00    0.08    0.15    0.00    0.00    0.00    0.00   81.48
Average:     all   17.80    0.00    0.07    0.00    0.00    0.00    0.07    0.00   82.05
Average:     all   20.90    0.00    0.18    0.00    0.00    0.00    0.00    0.00   78.93
Average:     all   18.56    0.00    0.23    0.00    0.00    0.00    0.00    0.00   81.21
Average:     all   21.80    0.00    0.09    0.00    0.00    0.00    0.00    0.00   78.11
Average:     all   17.84    0.00    0.15    0.15    0.00    0.00    0.00    0.00   81.87
Average:     all   22.38    0.00    0.36    0.36    0.00    0.00    0.00    0.00   76.89
Average:     all   18.01    0.00    0.15    0.15    0.00    0.00    0.00    0.00   81.69
Average:     all   18.18    0.00    0.07    0.00    0.00    0.00    0.00    0.00   81.75
Average:     all   18.47    0.00    0.08    0.00    0.00    0.00    0.00    0.00   81.46
Average:     all   18.03    0.00    0.15    0.07    0.00    0.00    0.00    0.00   81.74
Average:     all   18.45    0.00    0.08    0.00    0.00    0.00    0.00    0.00   81.47
Average:     all   21.39    0.00    0.09    0.09    0.00    0.00    0.00    0.00   78.44
Average:     all   20.27    0.00    0.08    0.00    0.00    0.00    0.00    0.00   79.65
Average:     all   20.99    0.00    0.17    0.00    0.00    0.00    0.00    0.00   78.84
Average:     all   21.08    0.00    0.09    0.00    0.00    0.00    0.00    0.00   78.84
Average:     all   21.29    0.00    0.17    0.00    0.00    0.00    0.00    0.00   78.54
Average:     all   18.58    0.00    0.15    0.46    0.00    0.00    0.00    0.00   80.81
Average:     all   18.38    0.00    0.15    0.00    0.00    0.00    0.00    0.00   81.47
Average:     all   18.50    0.00    0.00    0.61    0.00    0.00    0.08    0.00   80.82
Average:     all   18.86    0.00    0.00    0.00    0.00    0.00    0.00    0.00   81.14
Average:     all   18.59    0.00    0.15    0.00    0.00    0.00    0.00    0.00   81.26
Average:     all   18.53    0.00    0.08    0.08    0.00    0.00    0.00    0.00   81.32
Average:     all   18.84    0.00    0.00    0.00    0.00    0.00    0.00    0.00   81.16
Average:     all   18.12    0.00    0.00    0.44    0.00    0.00    0.00    0.00   81.43
Average:     all   18.65    0.00    0.23    0.00    0.00    0.00    0.00    0.00   81.12
Average:     all   18.06    0.00    0.07    0.00    0.00    0.00    0.00    0.00   81.87
Average:     all   19.04    0.00    0.00    3.41    0.00    0.00    0.00    0.00   77.55
Average:     all   19.85    0.00    0.08    0.00    0.00    0.00    0.00    0.00   80.06
Average:     all   18.48    0.00    0.00    0.23    0.00    0.00    0.00    0.00   81.30
Average:     all   18.60    0.00    0.15    0.00    0.00    0.00    0.00    0.00   81.25
Average:     all   18.40    0.00    0.23    0.00    0.00    0.00    0.00    0.00   81.37
Average:     all   19.02    0.00    0.15    0.08    0.00    0.00    0.00    0.00   80.75
Average:     all   18.50    0.00    0.23    0.00    0.00    0.00    0.00    0.00   81.27
Average:     all   18.90    0.00    0.15    0.15    0.00    0.00    0.00    0.00   80.80
Average:     all   19.92    0.00    0.08    0.00    0.00    0.00    0.00    0.00   80.00
Average:     all   19.70    0.00    0.25    0.00    0.00    0.00    0.00    0.00   80.05
Average:     all   18.57    0.00    0.08    0.15    0.00    0.00    0.00    0.00   81.20
Average:     all   18.20    0.00    0.15    0.00    0.00    0.00    0.00    0.00   81.66
Average:     all   18.53    0.00    0.08    0.08    0.00    0.00    0.00    0.00   81.32
Average:     all   18.72    0.00    0.08    0.00    0.00    0.00    0.00    0.00   81.21
Average:     all   18.26    0.00    0.23    0.61    0.00    0.00    0.08    0.00   80.83
Average:     all   18.62    0.00    0.15    0.00    0.00    0.00    0.00    0.00   81.23
Average:     all   18.71    0.00    0.08    0.00    0.00    0.00    0.00    0.00   81.22
Average:     all   18.73    0.00    0.31    0.00    0.00    0.00    0.00    0.00   80.96
Average:     all   19.18    0.00    0.15    0.00    0.00    0.00    0.00    0.00   80.67
Average:     all   18.90    0.00    0.08    2.02    0.00    0.00    0.00    0.00   79.00
Average:     all   19.48    0.00    0.16    0.00    0.00    0.00    0.00    0.00   80.36
Average:     all   19.31    0.00    0.16    0.00    0.00    0.00    0.00    0.00   80.53
Average:     all   19.05    0.00    0.23    0.15    0.00    0.00    0.00    0.00   80.56
Average:     all   19.01    0.00    0.15    0.00    0.00    0.00    0.00    0.00   80.84
Average:     all   19.81    0.00    0.24    0.08    0.00    0.00    0.00    0.00   79.87
Average:     all   21.01    0.00    0.17    0.00    0.00    0.00    0.00    0.00   78.82
Average:     all   18.76    0.00    0.15    0.00    0.00    0.00    0.00    0.00   81.08
Average:     all   20.75    0.00    0.16    0.00    0.00    0.00    0.00    0.00   79.09
Average:     all   16.30    0.00    0.00    0.00    0.00    0.00    0.00    0.00   83.70
Average:     all   12.92    0.00    1.88   10.76    0.00    0.00    0.07    0.00   74.37
Average:     all   12.75    0.00    1.73    0.07    0.00    0.00    0.00    0.00   85.45
Average:     all   12.48    0.00    1.95    7.86    0.00    0.00    0.07    0.00   77.63
Average:     all   12.35    0.00    2.08    3.30    0.00    0.00    0.00    0.00   82.27
Average:     all   12.17    0.00    1.79    0.29    0.00    0.00    0.07    0.00   85.68
Average:     all   12.57    0.00    2.31   12.36    0.00    0.00    0.00    0.00   72.76
Average:     all   12.47    0.00    1.58    0.22    0.00    0.00    0.00    0.00   85.73
Average:     all   12.55    0.00    3.58    8.54    0.00    0.00    0.07    0.00   75.26
Average:     all   12.36    0.00    2.08    4.38    0.00    0.00    0.00    0.00   81.18
Average:     all   12.41    0.00    1.79    0.07    0.00    0.00    0.00    0.00   85.72
Average:     all   18.36    0.00    0.45   11.34    0.00    0.00    0.00    0.00   69.85
Average:     all   18.58    0.00    0.84    0.15    0.00    0.00    0.00    0.00   80.43
Average:     all   18.26    0.00    0.15    0.00    0.00    0.00    0.00    0.00   81.59
Average:     all   18.20    0.00    0.08    0.30    0.00    0.00    0.00    0.00   81.43
Average:     all   17.81    0.00    0.15    0.00    0.00    0.00    0.00    0.00   82.04
Average:     all   18.10    0.00    0.15    0.15    0.00    0.00    0.00    0.00   81.60
Average:     all   18.23    0.00    0.08    0.00    0.00    0.00    0.00    0.00   81.69
Average:     all   18.16    0.00    0.07    0.15    0.00    0.00    0.00    0.00   81.61
Average:     all   21.04    0.00    0.00    0.00    0.00    0.00    0.00    0.00   78.96
Average:     all   18.40    0.00    0.00    0.00    0.00    0.00    0.00    0.00   81.60
Average:     all   18.17    0.00    0.15    0.76    0.00    0.00    0.00    0.00   80.92
Average:     all   18.07    0.00    0.15    0.00    0.00    0.00    0.00    0.00   81.78
Average:     all   18.20    0.00    0.00    0.07    0.00    0.00    0.00    0.00   81.72
Average:     all   18.93    0.00    0.08    0.00    0.00    0.00    0.00    0.00   81.00
Average:     all   18.48    0.00    0.08    0.00    0.00    0.00    0.00    0.00   81.45
Average:     all   17.92    0.00    0.15    0.75    0.00    0.00    0.00    0.00   81.18
Average:     all   18.16    0.00    0.23    0.00    0.00    0.00    0.00    0.00   81.61
Average:     all   18.99    0.00    0.00    1.09    0.00    0.00    0.00    0.00   79.92
Average:     all   18.53    0.00    0.00    0.00    0.00    0.00    0.00    0.00   81.47
Average:     all   18.68    0.00    0.16    0.00    0.00    0.00    0.00    0.00   81.17
Average:     all   19.32    0.00    0.16    1.35    0.00    0.00    0.00    0.00   79.17
Average:     all   18.00    0.00    0.15    0.00    0.00    0.00    0.07    0.00   81.78
Average:     all   19.09    0.00    0.16    0.16    0.00    0.00    0.00    0.00   80.59
Average:     all   19.07    0.00    0.00    0.00    0.00    0.00    0.00    0.00   80.93
Average:     all   19.17    0.00    0.08    0.00    0.00    0.00    0.00    0.00   80.75
Average:     all   19.56    0.00    0.24    0.00    0.00    0.00    0.00    0.00   80.19
Average:     all   19.30    0.00    0.08    0.00    0.00    0.00    0.00    0.00   80.62
Average:     all   19.35    0.00    0.16    0.08    0.00    0.00    0.00    0.00   80.41
Average:     all   18.52    0.00    0.08    0.00    0.00    0.00    0.00    0.00   81.41
Average:     all   18.60    0.00    0.08    0.15    0.00    0.00    0.00    0.00   81.17
Average:     all   18.42    0.00    0.08    0.00    0.00    0.00    0.00    0.00   81.50
Average:     all   19.39    0.00    0.16    0.00    0.00    0.00    0.00    0.00   80.45
Average:     all   18.45    0.00    0.15    0.15    0.00    0.00    0.00    0.00   81.25
Average:     all   17.91    0.00    0.22    0.00    0.00    0.00    0.00    0.00   81.87
Average:     all   19.50    0.00    0.24    1.61    0.00    0.00    0.00    0.00   78.65
Average:     all   18.49    0.00    0.23    0.00    0.00    0.00    0.00    0.00   81.28
Average:     all   17.89    0.00    0.15    0.00    0.00    0.00    0.00    0.00   81.97
Average:     all   19.71    0.00    0.08    1.13    0.00    0.00    0.00    0.00   79.08
Average:     all   19.77    0.00    0.00    0.00    0.00    0.00    0.00    0.00   80.23
Average:     all   19.40    0.00    0.16    0.08    0.00    0.00    0.00    0.00   80.36
Average:     all   19.18    0.00    0.08    0.00    0.00    0.00    0.00    0.00   80.75
Average:     all   21.07    0.00    0.00    0.00    0.00    0.00    0.00    0.00   78.93
Average:     all   19.03    0.00    0.15    0.15    0.00    0.00    0.00    0.00   80.67
Average:     all   18.99    0.00    0.08    0.00    0.00    0.00    0.00    0.00   80.93
Average:     all   19.57    0.00    0.00    0.08    0.00    0.00    0.00    0.00   80.34
Average:     all   18.72    0.00    0.00    0.00    0.00    0.00    0.00    0.00   81.28
Average:     all   19.47    0.00    0.08    0.00    0.00    0.00    0.08    0.00   80.36
Average:     all   19.67    0.00    0.00    0.16    0.00    0.00    0.00    0.00   80.16
Average:     all   18.18    0.00    0.08    0.00    0.00    0.00    0.00    0.00   81.74
Average:     all   19.65    0.00    0.08    0.66    0.00    0.00    0.00    0.00   79.60
Average:     all   19.47    0.00    0.17    0.00    0.00    0.00    0.00    0.00   80.36
Average:     all   19.83    0.00    0.17    0.66    0.00    0.00    0.00    0.00   79.34
Average:     all   19.64    0.00    0.25    0.00    0.00    0.00    0.00    0.00   80.10
Average:     all   18.47    0.00    0.08    0.00    0.00    0.00    0.00    0.00   81.46
Average:     all   17.29    0.00    0.15    0.00    0.00    0.00    0.00    0.00   82.56
Average:     all   19.70    0.00    0.00    0.00    0.00    0.00    0.00    0.00   80.30
Average:     all   20.25    0.00    0.17    1.18    0.00    0.00    0.00    0.00   78.40
Average:     all   20.48    0.00    0.09    0.00    0.00    0.00    0.00    0.00   79.44
Average:     all   18.79    0.00    0.08    0.00    0.00    0.00    0.08    0.00   81.05
Average:     all   20.43    0.00    0.00    0.17    0.00    0.00    0.00    0.00   79.40
Average:     all   17.35    0.00    0.07    0.00    0.00    0.00    0.00    0.00   82.57
Average:     all   20.60    0.00    0.17    0.17    0.00    0.00    0.00    0.00   79.06
Average:     all   20.07    0.00    0.26    0.00    0.00    0.00    0.09    0.00   79.59
Average:     all   20.17    0.00    0.17    0.00    0.00    0.00    0.00    0.00   79.66
Average:     all   17.24    0.00    0.15    0.15    0.00    0.00    0.07    0.00   82.39
Average:     all   20.29    0.00    0.17    0.00    0.00    0.00    0.00    0.00   79.54
Average:     all   18.95    0.00    0.08    0.16    0.00    0.00    0.00    0.00   80.81
Average:     all   17.47    0.00    0.00    0.00    0.00    0.00    0.00    0.00   82.53
Average:     all   20.52    0.00    0.09    0.17    0.00    0.00    0.00    0.00   79.22
Average:     all   16.34    0.00    0.14    0.00    0.00    0.00    0.00    0.00   83.53
Average:     all   20.34    0.00    0.09    0.00    0.00    0.00    0.00    0.00   79.57
Average:     all   18.59    0.00    0.08    0.24    0.00    0.00    0.00    0.00   81.09
Average:     all   20.34    0.00    0.00    0.00    0.00    0.00    0.00    0.00   79.66
Average:     all   18.70    0.00    0.16    0.16    0.00    0.00    0.00    0.00   80.99
Average:     all   20.09    0.00    0.26    0.00    0.00    0.00    0.00    0.00   79.66
Average:     all   20.29    0.00    0.17    0.00    0.00    0.00    0.09    0.00   79.45
Average:     all   17.70    0.00    0.15    0.08    0.00    0.00    0.00    0.00   82.07
Average:     all   18.95    0.00    0.16    0.00    0.00    0.00    0.08    0.00   80.81
Average:     all   20.53    0.00    0.09    0.00    0.00    0.00    0.00    0.00   79.38
Average:     all   16.25    0.00    0.07    0.00    0.00    0.00    0.00    0.00   83.69
Average:     all   20.41    0.00    0.17    0.00    0.00    0.00    0.09    0.00   79.33
Average:     all   18.14    0.00    0.00    0.08    0.00    0.00    0.00    0.00   81.78
Average:     all   20.10    0.00    0.09    0.00    0.00    0.00    0.00    0.00   79.81
Average:     all   21.17    0.00    0.09    0.09    0.00    0.00    0.09    0.00   78.57
Average:     all   19.32    0.00    0.32    0.00    0.00    0.00    0.00    0.00   80.36
Average:     all   17.56    0.00    0.15    0.22    0.00    0.00    0.00    0.00   82.07
Average:     all   18.90    0.00    0.00    0.00    0.00    0.00    0.00    0.00   81.10
Average:     all   20.73    0.00    0.17    0.00    0.00    0.00    0.00    0.00   79.10
Average:     all   20.52    0.00    0.17    0.69    0.00    0.00    0.00    0.00   78.62
Average:     all   17.69    0.00    0.07    0.00    0.00    0.00    0.00    0.00   82.24
Average:     all   20.43    0.00    0.09    0.17    0.00    0.00    0.00    0.00   79.31
Average:     all   20.21    0.00    0.17    0.00    0.00    0.00    0.00    0.00   79.62
Average:     all   20.28    0.00    0.17    0.00    0.00    0.00    0.00    0.00   79.55
Average:     all   21.64    0.00    0.18    2.58    0.00    0.00    0.00    0.00   75.60
Average:     all   20.64    0.00    0.09    0.00    0.00    0.00    0.00    0.00   79.27
Average:     all   21.98    0.00    0.09    0.83    0.00    0.00    0.00    0.00   77.10
Average:     all   17.23    0.00    0.07    0.00    0.00    0.00    0.00    0.00   82.70
Average:     all   17.81    0.00    0.07    0.00    0.00    0.00    0.00    0.00   82.12
Average:     all   22.39    0.00    0.19    0.00    0.00    0.00    0.00    0.00   77.43
Average:     all   20.59    0.00    0.09    0.00    0.00    0.00    0.00    0.00   79.33
Average:     all   20.33    0.00    0.17    0.35    0.00    0.00    0.00    0.00   79.15
Average:     all   22.38    0.00    0.19    0.00    0.00    0.00    0.00    0.00   77.43
Average:     all   19.67    0.00    0.17    0.17    0.00    0.00    0.00    0.00   80.00
Average:     all   19.14    0.00    0.08    0.00    0.00    0.00    0.00    0.00   80.78
Average:     all   14.34    0.00    0.07    0.00    0.00    0.00    0.00    0.00   85.59
Average:     all   14.29    0.00    0.07    0.14    0.00    0.00    0.00    0.00   85.50
Average:     all   12.18    0.00    2.09    0.43    0.00    0.00    0.07    0.00   85.22
Average:     all   12.48    0.00    2.16   12.91    0.00    0.00    0.00    0.00   72.44
Average:     all   12.31    0.00    1.80    0.22    0.00    0.00    0.00    0.00   85.67
Average:     all   12.61    0.00    2.16    8.36    0.00    0.00    0.00    0.00   76.87
Average:     all   12.57    0.00    1.87    7.40    0.00    0.00    0.00    0.00   78.16
Average:     all   13.08    0.00    1.15    0.22    0.00    0.00    0.00    0.00   85.55
Average:     all   12.94    0.00    2.02   13.23    0.00    0.00    0.07    0.00   71.73
Average:     all   12.71    0.00    1.58    0.00    0.00    0.00    0.00    0.00   85.71
Average:     all   12.63    0.00    1.58    0.14    0.00    0.00    0.00    0.00   85.65
Average:     all   12.98    0.00    1.51    8.44    0.00    0.00    0.00    0.00   77.07
Average:     all   18.17    0.00    0.15    0.00    0.00    0.00    0.00    0.00   81.68
Average:     all   18.04    0.00    0.22    0.07    0.00    0.00    0.00    0.00   81.66
Average:     all   17.55    0.00    0.22    0.00    0.00    0.00    0.00    0.00   82.23
Average:     all   17.52    0.00    0.15    0.00    0.00    0.00    0.00    0.00   82.34
Average:     all   18.26    0.00    0.00    0.53    0.00    0.00    0.00    0.00   81.21
Average:     all   18.08    0.00    0.23    0.00    0.00    0.00    0.00    0.00   81.69
Average:     all   17.38    0.00    0.07    0.15    0.00    0.00    0.00    0.00   82.40
Average:     all   18.60    0.00    0.15    0.00    0.00    0.00    0.00    0.00   81.25
