Average:     all    5.61    0.00    0.97   16.15    0.00    0.00    0.07    0.00   77.20
Average:     all   14.05    0.00    0.79   15.13    0.00    0.00    0.00    0.00   70.03
Average:     all   14.09    0.00    1.03    0.00    0.00    0.00    0.00    0.00   84.89
Average:     all   13.42    0.00    0.80    4.96    0.00    0.00    0.00    0.00   80.82
Average:     all   15.07    0.00    0.61    0.08    0.00    0.00    0.00    0.00   84.25
Average:     all   14.44    0.00    0.81    0.59    0.00    0.00    0.00    0.00   84.16
Average:     all   13.98    0.00    0.72    3.77    0.00    0.00    0.07    0.00   81.46
Average:     all   14.95    0.00    0.76    0.08    0.00    0.00    0.00    0.00   84.21
Average:     all   15.01    0.00    1.17    4.61    0.00    0.00    0.00    0.00   79.20
Average:     all   14.03    0.00    0.63    0.07    0.00    0.00    0.00    0.00   85.27
Average:     all   14.99    0.00    0.84    0.76    0.00    0.00    0.00    0.00   83.41
Average:     all   14.49    0.00    1.22    3.59    0.00    0.00    0.00    0.00   80.70
Average:     all   13.85    0.00    0.56    0.00    0.00    0.00    0.00    0.00   85.59
Average:     all   13.64    0.00    0.86    4.95    0.00    0.00    0.00    0.00   80.55
Average:     all   14.31    0.00    0.80    0.00    0.00    0.00    0.00    0.00   84.89
Average:     all   14.06    0.00    0.80    0.07    0.00    0.00    0.00    0.00   85.07
Average:     all   13.63    0.00    0.79    5.19    0.00    0.00    0.07    0.00   80.32
Average:     all   14.68    0.00    0.60    0.00    0.00    0.00    0.00    0.00   84.72
Average:     all   13.41    0.00    0.88    7.15    0.00    0.00    0.00    0.00   78.56
Average:     all   14.81    0.00    0.75    0.00    0.00    0.00    0.00    0.00   84.44
Average:     all   14.46    0.00    0.82    0.00    0.00    0.00    0.00    0.00   84.73
Average:     all   13.89    0.00    0.65    6.01    0.00    0.00    0.00    0.00   79.45
Average:     all   15.34    0.00    0.94    1.42    0.00    0.00    0.00    0.00   82.30
Average:     all   13.92    0.00    1.33   10.16    0.00    0.00    0.00    0.00   74.59
Average:     all   15.19    0.00    0.85    0.00    0.00    0.00    0.00    0.00   83.95
Average:     all   15.03    0.00    0.84    0.00    0.00    0.00    0.00    0.00   84.13
Average:     all   15.12    0.00    0.85    5.58    0.00    0.00    0.00    0.00   78.45
Average:     all   14.45    0.00    0.73    0.00    0.00    0.00    0.00    0.00   84.81
Average:     all   14.88    0.00    1.02    5.28    0.00    0.00    0.00    0.00   78.82
Average:     all   15.52    0.00    0.95    0.00    0.00    0.00    0.00    0.00   83.53
Average:     all   14.81    0.00    0.93    0.15    0.00    0.00    0.00    0.00   84.10
Average:     all   14.48    0.00    0.89    5.49    0.00    0.00    0.00    0.00   79.14
Average:     all   14.10    0.00    0.94    0.00    0.00    0.00    0.00    0.00   84.96
Average:     all   13.21    0.00    1.04    4.53    0.00    0.00    0.00    0.00   81.22
Average:     all   15.67    0.00    0.80    0.08    0.00    0.00    0.00    0.00   83.45
Average:     all   14.71    0.00    0.75    0.07    0.00    0.00    0.00    0.00   84.47
Average:     all   14.40    0.00    0.84    7.50    0.00    0.00    0.00    0.00   77.26
Average:     all   15.67    0.00    0.72    0.00    0.00    0.00    0.00    0.00   83.61
Average:     all   15.06    0.00    1.09    4.04    0.00    0.00    0.00    0.00   79.81
Average:     all   15.17    0.00    0.93    0.00    0.00    0.00    0.00    0.00   83.90
Average:     all   15.12    0.00    0.94    0.24    0.00    0.00    0.00    0.00   83.70
Average:     all   15.21    0.00    0.78    5.51    0.00    0.00    0.00    0.00   78.51
Average:     all   14.41    0.00    0.89    0.00    0.00    0.00    0.00    0.00   84.70
Average:     all   15.21    0.00    0.96    6.37    0.00    0.00    0.00    0.00   77.47
Average:     all   15.51    0.00    1.12    0.00    0.00    0.00    0.00    0.00   83.37
Average:     all   15.36    0.00    0.95    0.00    0.00    0.00    0.00    0.00   83.69
Average:     all   11.59    0.00    1.09    8.25    0.00    0.00    0.07    0.00   79.00
Average:     all   15.46    0.00    0.96    0.00    0.00    0.00    0.00    0.00   83.59
Average:     all   13.65    0.00    0.83    8.67    0.00    0.00    0.00    0.00   76.85
Average:     all   15.44    0.00    1.04    0.08    0.00    0.00    0.00    0.00   83.44
Average:     all   14.83    0.00    1.06    0.00    0.00    0.00    0.00    0.00   84.11
Average:     all   14.29    0.00    0.97    5.58    0.00    0.00    0.00    0.00   79.17
Average:     all   14.95    0.00    0.76    0.00    0.00    0.00    0.00    0.00   84.29
Average:     all   14.07    0.00    0.88    5.13    0.00    0.00    0.00    0.00   79.93
Average:     all   14.66    0.00    0.90    0.00    0.00    0.00    0.00    0.00   84.44
Average:     all   14.09    0.00    0.90    0.98    0.00    0.00    0.00    0.00   84.02
Average:     all   14.59    0.00    0.76    6.65    0.00    0.00    0.00    0.00   78.00
Average:     all   14.50    0.00    0.97    0.00    0.00    0.00    0.00    0.00   84.53
Average:     all   14.62    0.00    0.76    3.03    0.00    0.00    0.00    0.00   81.59
Average:     all   15.05    0.00    1.00    0.00    0.00    0.00    0.00    0.00   83.95
Average:     all   14.69    0.00    0.90    0.00    0.00    0.00    0.00    0.00   84.40
Average:     all   13.67    0.00    0.84    6.80    0.00    0.00    0.00    0.00   78.69
Average:     all   14.50    0.00    0.97    0.00    0.00    0.00    0.00    0.00   84.53
Average:     all   14.61    0.00    0.61    4.39    0.00    0.00    0.00    0.00   80.39
Average:     all   14.60    0.00    0.66    0.00    0.00    0.00    0.00    0.00   84.73
Average:     all   15.44    0.00    1.10    0.00    0.00    0.00    0.00    0.00   83.46
Average:     all   14.53    0.00    0.92    6.50    0.00    0.00    0.00    0.00   78.06
Average:     all   14.90    0.00    0.76    0.00    0.00    0.00    0.00    0.00   84.34
Average:     all   13.83    0.00    0.89    3.62    0.00    0.00    0.00    0.00   81.66
Average:     all   14.28    0.00    0.81    1.99    0.00    0.00    0.00    0.00   82.93
Average:     all   14.82    0.00    0.67    0.00    0.00    0.00    0.00    0.00   84.51
Average:     all   15.35    0.00    0.46    5.30    0.00    0.00    0.00    0.00   78.89
Average:     all   14.74    0.00    0.83    0.00    0.00    0.00    0.00    0.00   84.44
Average:     all   14.45    0.00    1.20    0.98    0.00    0.00    0.00    0.00   83.37
Average:     all   14.73    0.00    0.98    2.42    0.00    0.00    0.00    0.00   81.87
Average:     all   14.33    0.00    0.96    0.00    0.00    0.00    0.00    0.00   84.71
Average:     all   14.06    0.00    0.98    7.41    0.00    0.00    0.00    0.00   77.55
Average:     all   14.91    0.00    0.68    0.00    0.00    0.00    0.00    0.00   84.41
Average:     all   14.42    0.00    0.81    1.84    0.00    0.00    0.00    0.00   82.93
Average:     all   13.45    0.00    0.93    3.58    0.00    0.00    0.00    0.00   82.05
Average:     all   14.03    0.00    1.16    0.00    0.00    0.00    0.07    0.00   84.74
Average:     all   13.79    0.00    0.87    4.84    0.00    0.00    0.00    0.00   80.51
Average:     all   13.98    0.00    0.86    0.07    0.00    0.00    0.00    0.00   85.09
Average:     all   14.02    0.00    1.01    0.65    0.00    0.00    0.00    0.00   84.32
Average:     all   13.43    0.00    0.98    3.01    0.00    0.00    0.00    0.00   82.59
Average:     all   14.06    0.00    0.72    0.07    0.00    0.00    0.00    0.00   85.15
Average:     all   13.96    0.00    1.02    4.22    0.00    0.00    0.00    0.00   80.80
Average:     all   13.60    0.00    0.91    0.00    0.00    0.00    0.00    0.00   85.48
Average:     all   14.88    0.00    0.83    0.00    0.00    0.00    0.00    0.00   84.29
Average:     all   13.50    0.00    1.23    3.90    0.00    0.00    0.00    0.00   81.37
Average:     all   14.09    0.00    0.87    0.00    0.00    0.00    0.00    0.00   85.04
Average:     all   13.72    0.00    0.95    5.99    0.00    0.00    0.00    0.00   79.34
Average:     all   14.68    0.00    0.98    0.00    0.00    0.00    0.00    0.00   84.34
Average:     all   15.05    0.00    0.76    0.00    0.00    0.00    0.00    0.00   84.19
Average:     all   14.02    0.00    0.80    3.21    0.00    0.00    0.00    0.00   81.96
Average:     all   14.06    0.00    1.24    0.29    0.00    0.00    0.07    0.00   84.33
Average:     all   14.67    0.00    0.84    6.23    0.00    0.00    0.00    0.00   78.27
Average:     all   14.74    0.00    0.75    0.00    0.00    0.00    0.00    0.00   84.51
Average:     all   14.85    0.00    0.84    0.00    0.00    0.00    0.00    0.00   84.30
Average:     all   13.63    0.00    1.04    3.33    0.00    0.00    0.00    0.00   82.00
Average:     all   14.44    0.00    0.89    0.00    0.00    0.00    0.00    0.00   84.67
Average:     all   14.14    0.00    0.81    3.63    0.00    0.00    0.00    0.00   81.42
Average:     all   15.00    0.00    0.84    0.00    0.00    0.00    0.00    0.00   84.16
Average:     all   14.30    0.00    0.96    0.00    0.00    0.00    0.00    0.00   84.74
Average:     all   14.75    0.00    0.91    3.50    0.00    0.00    0.00    0.00   80.84
Average:     all   14.96    0.00    0.84    0.00    0.00    0.00    0.00    0.00   84.20
Average:     all   14.50    0.00    0.76    5.54    0.00    0.00    0.00    0.00   79.20
Average:     all   14.62    0.00    0.90    0.00    0.00    0.00    0.00    0.00   84.48
Average:     all   14.60    0.00    0.98    0.15    0.00    0.00    0.00    0.00   84.27
Average:     all   14.26    0.00    0.98    7.21    0.00    0.00    0.00    0.00   77.55
Average:     all   14.66    0.00    1.28    0.08    0.00    0.00    0.00    0.00   83.98
Average:     all   14.25    0.00    0.98    6.30    0.00    0.00    0.00    0.00   78.47
Average:     all   14.83    0.00    0.75    0.00    0.00    0.00    0.00    0.00   84.41
Average:     all   14.19    0.00    0.88    0.00    0.00    0.00    0.00    0.00   84.93
Average:     all   14.42    0.00    0.81    3.61    0.00    0.00    0.07    0.00   81.09
Average:     all   14.40    0.00    0.97    0.00    0.00    0.00    0.00    0.00   84.63
Average:     all   13.72    0.00    0.97    5.62    0.00    0.00    0.00    0.00   79.69
Average:     all   14.60    0.00    1.13    0.00    0.00    0.00    0.00    0.00   84.27
Average:     all   14.39    0.00    0.81    0.00    0.00    0.00    0.00    0.00   84.80
Average:     all   14.06    0.00    1.13    5.56    0.00    0.00    0.00    0.00   79.25
Average:     all   14.70    0.00    0.91    0.00    0.00    0.00    0.00    0.00   84.39
Average:     all   13.64    0.00    1.04    8.05    0.00    0.00    0.00    0.00   77.27
Average:     all   14.76    0.00    0.91    0.08    0.00    0.00    0.00    0.00   84.25
Average:     all   15.09    0.00    0.61    0.00    0.00    0.00    0.00    0.00   84.31
Average:     all   13.95    0.00    0.88    4.02    0.00    0.00    0.07    0.00   81.08
Average:     all   14.58    0.00    1.20    1.35    0.00    0.00    0.00    0.00   82.87
Average:     all   14.38    0.00    1.06    5.45    0.00    0.00    0.00    0.00   79.11
Average:     all   14.66    0.00    0.98    0.00    0.00    0.00    0.00    0.00   84.35
Average:     all   14.25    0.00    0.72    0.00    0.00    0.00    0.00    0.00   85.03
Average:     all   14.20    0.00    0.96    2.80    0.00    0.00    0.00    0.00   82.05
Average:     all   14.87    0.00    0.84    0.00    0.00    0.00    0.00    0.00   84.29
Average:     all   14.38    0.00    0.99    4.87    0.00    0.00    0.00    0.00   79.76
Average:     all   14.41    0.00    0.80    0.00    0.00    0.00    0.00    0.00   84.78
Average:     all   14.97    0.00    0.76    0.00    0.00    0.00    0.00    0.00   84.26
Average:     all   14.85    0.00    0.61    3.33    0.00    0.00    0.00    0.00   81.21
Average:     all   14.54    0.00    0.74    0.00    0.00    0.00    0.00    0.00   84.72
Average:     all   14.26    0.00    0.83    7.77    0.00    0.00    0.00    0.00   77.13
Average:     all   14.10    0.00    0.89    0.44    0.00    0.00    0.00    0.00   84.58
Average:     all   13.27    0.00    0.94    0.94    0.00    0.00    0.00    0.00   84.86
Average:     all   13.77    0.00    0.94    3.99    0.00    0.00    0.00    0.00   81.30
Average:     all   14.35    0.00    0.73    0.00    0.00    0.00    0.00    0.00   84.92
Average:     all   14.29    0.00    0.58    2.41    0.00    0.00    0.00    0.00   82.73
Average:     all   14.18    0.00    0.65    0.58    0.00    0.00    0.00    0.00   84.59
Average:     all   14.20    0.00    0.87    0.00    0.00    0.00    0.00    0.00   84.92
Average:     all   13.64    0.00    0.95    5.69    0.00    0.00    0.00    0.00   79.72
Average:     all   14.25    0.00    0.72    0.00    0.00    0.00    0.00    0.00   85.02
Average:     all   14.29    0.00    0.51    3.28    0.00    0.00    0.00    0.00   81.92
Average:     all   14.03    0.00    0.87    1.01    0.00    0.00    0.00    0.00   84.09
Average:     all   14.33    0.00    1.02    0.29    0.00    0.00    0.00    0.00   84.36
Average:     all   14.06    0.00    0.66    7.14    0.00    0.00    0.07    0.00   78.08
Average:     all   14.28    0.00    0.81    0.15    0.00    0.00    0.00    0.00   84.77
Average:     all   13.37    0.00    1.09    4.22    0.00    0.00    0.00    0.00   81.32
Average:     all   14.19    0.00    0.88    0.95    0.00    0.00    0.00    0.00   83.98
Average:     all   14.89    0.00    0.76    0.00    0.00    0.00    0.00    0.00   84.35
Average:     all   13.70    0.00    0.79    4.28    0.00    0.00    0.00    0.00   81.23
Average:     all   14.51    0.00    0.81    0.00    0.00    0.00    0.00    0.00   84.68
Average:     all   14.77    0.00    0.67    0.00    0.00    0.00    0.00    0.00   84.56
Average:     all   13.91    0.00    0.95    3.20    0.00    0.00    0.00    0.00   81.94
Average:     all   14.54    0.00    0.90    0.00    0.00    0.00    0.00    0.00   84.56
Average:     all   15.32    0.00    0.95    4.13    0.00    0.00    0.00    0.00   79.60
Average:     all   15.00    0.00    0.76    3.26    0.00    0.00    0.00    0.00   80.98
Average:     all   15.01    0.00    0.84    1.53    0.00    0.00    0.00    0.00   82.62
Average:     all   14.86    0.00    0.68    4.22    0.00    0.00    0.00    0.00   80.24
Average:     all   14.28    0.00    1.11    0.96    0.00    0.00    0.00    0.00   83.65
Average:     all   14.04    0.00    0.99    7.06    0.00    0.00    0.00    0.00   77.92
Average:     all   14.78    0.00    0.91    0.00    0.00    0.00    0.00    0.00   84.31
Average:     all   13.56    0.00    0.85    2.90    0.00    0.00    0.00    0.00   82.70
Average:     all   14.47    0.00    1.07    2.89    0.00    0.00    0.00    0.00   81.57
Average:     all   14.94    0.00    0.77    0.00    0.00    0.00    0.00    0.00   84.29
Average:     all   14.58    0.00    1.07    4.53    0.00    0.00    0.00    0.00   79.82
Average:     all   15.22    0.00    0.94    0.00    0.00    0.00    0.08    0.00   83.76
Average:     all   15.04    0.00    1.09    0.00    0.00    0.00    0.00    0.00   83.88
Average:     all   13.66    0.00    0.87    4.41    0.00    0.00    0.00    0.00   81.07
Average:     all   14.08    0.00    0.86    0.00    0.00    0.00    0.00    0.00   85.06
Average:     all   14.47    0.00    1.15    6.47    0.00    0.00    0.00    0.00   77.91
Average:     all   14.96    0.00    1.09    0.08    0.00    0.00    0.00    0.00   83.88
Average:     all   15.04    0.00    0.84    0.00    0.00    0.00    0.00    0.00   84.12
Average:     all   14.78    0.00    0.91    3.87    0.00    0.00    0.00    0.00   80.44
Average:     all   14.56    0.00    1.05    1.35    0.00    0.00    0.00    0.00   83.03
Average:     all   13.63    0.00    0.98    6.63    0.00    0.00    0.00    0.00   78.77
Average:     all   15.55    0.00    0.87    0.00    0.00    0.00    0.00    0.00   83.58
Average:     all   14.94    0.00    0.93    0.23    0.00    0.00    0.00    0.00   83.90
Average:     all   14.24    0.00    0.91    4.85    0.00    0.00    0.00    0.00   80.00
Average:     all   14.64    0.00    0.75    0.23    0.00    0.00    0.00    0.00   84.38
Average:     all   15.06    0.00    0.95    7.45    0.00    0.00    0.00    0.00   76.55
Average:     all   14.90    0.00    1.13    0.98    0.00    0.00    0.00    0.00   82.98
Average:     all   15.09    0.00    0.76    0.00    0.00    0.00    0.00    0.00   84.15
Average:     all   14.76    0.00    0.85    4.00    0.00    0.00    0.00    0.00   80.40
Average:     all   14.69    0.00    0.99    0.68    0.00    0.00    0.00    0.00   83.64
Average:     all   14.26    0.00    0.60    3.36    0.00    0.00    0.00    0.00   81.78
Average:     all   15.07    0.00    0.85    0.00    0.00    0.00    0.00    0.00   84.08
Average:     all   15.30    0.00    0.62    0.00    0.00    0.00    0.00    0.00   84.08
Average:     all   12.94    0.00    0.89    7.17    0.00    0.00    0.00    0.00   78.99
Average:     all   14.28    0.00    0.73    0.00    0.00    0.00    0.00    0.00   85.00
Average:     all   14.36    0.00    1.15    2.37    0.00    0.00    0.00    0.00   82.12
Average:     all   15.17    0.00    0.93    0.00    0.00    0.00    0.00    0.00   83.90
Average:     all   14.67    0.00    1.07    0.00    0.00    0.00    0.00    0.00   84.26
Average:     all   14.56    0.00    1.16    6.93    0.00    0.00    0.00    0.00   77.35
Average:     all   14.01    0.00    1.10    0.00    0.00    0.00    0.00    0.00   84.89
Average:     all   14.76    0.00    0.93    6.18    0.00    0.00    0.00    0.00   78.13
Average:     all   14.73    0.00    0.75    0.00    0.00    0.00    0.00    0.00   84.52
Average:     all   14.46    0.00    0.82    0.00    0.00    0.00    0.00    0.00   84.73
Average:     all   13.22    0.00    0.73    7.45    0.00    0.00    0.00    0.00   78.60
Average:     all   14.04    0.00    0.79    0.22    0.00    0.00    0.00    0.00   84.95
Average:     all   14.36    0.00    0.75    4.66    0.00    0.00    0.00    0.00   80.23
Average:     all   14.92    0.00    0.84    0.00    0.00    0.00    0.00    0.00   84.25
Average:     all   14.85    0.00    0.83    0.00    0.00    0.00    0.00    0.00   84.32
Average:     all   14.72    0.00    0.84    7.48    0.00    0.00    0.00    0.00   76.96
Average:     all   15.08    0.00    0.77    0.00    0.00    0.00    0.00    0.00   84.15
Average:     all   13.91    0.00    1.06    6.61    0.00    0.00    0.00    0.00   78.42
Average:     all   14.80    0.00    0.83    0.00    0.00    0.00    0.00    0.00   84.37
Average:     all   14.87    0.00    0.84    0.00    0.00    0.00    0.00    0.00   84.29
Average:     all   14.84    0.00    1.22    3.14    0.00    0.00    0.00    0.00   80.80
Average:     all   14.19    0.00    0.86    0.00    0.00    0.00    0.00    0.00   84.94
Average:     all   14.49    0.00    1.08    4.86    0.00    0.00    0.00    0.00   79.57
Average:     all   13.49    0.00    0.67    1.63    0.00    0.00    0.00    0.00   84.21
Average:     all   14.92    0.00    0.91    0.00    0.00    0.00    0.00    0.00   84.17
Average:     all   13.21    0.00    0.99    9.69    0.00    0.00    0.00    0.00   76.11
Average:     all   14.63    0.00    0.69    0.46    0.00    0.00    0.00    0.00   84.22
Average:     all   14.03    0.00    1.09    7.13    0.00    0.00    0.00    0.00   77.75
Average:     all   14.85    0.00    1.24    0.00    0.00    0.00    0.00    0.00   83.90
Average:     all   15.29    0.00    0.86    0.00    0.00    0.00    0.00    0.00   83.85
Average:     all   14.64    0.00    0.77    6.35    0.00    0.00    0.00    0.00   78.23
Average:     all   15.28    0.00    0.86    0.00    0.00    0.00    0.00    0.00   83.87
Average:     all   14.43    0.00    1.01    3.51    0.00    0.00    0.08    0.00   80.97
Average:     all   14.67    0.00    1.06    0.00    0.00    0.00    0.00    0.00   84.27
Average:     all   15.52    0.00    0.63    0.00    0.00    0.00    0.00    0.00   83.86
Average:     all   14.75    0.00    1.48    6.64    0.00    0.00    0.00    0.00   77.13
Average:     all   15.28    0.00    0.78    0.00    0.00    0.00    0.00    0.00   83.94
Average:     all   14.28    0.00    0.81    2.51    0.00    0.00    0.00    0.00   82.40
Average:     all   14.57    0.00    0.82    2.39    0.00    0.00    0.00    0.00   82.21
Average:     all   15.29    0.00    0.86    0.00    0.00    0.00    0.00    0.00   83.84
Average:     all   13.79    0.00    0.83    5.58    0.00    0.00    0.00    0.00   79.80
Average:     all   15.35    0.00    0.94    0.00    0.00    0.00    0.00    0.00   83.71
Average:     all   14.80    0.00    0.76    2.19    0.00    0.00    0.00    0.00   82.25
Average:     all   14.83    0.00    0.82    1.72    0.00    0.00    0.00    0.00   82.62
Average:     all   14.47    0.00    0.89    0.00    0.00    0.00    0.00    0.00   84.64
Average:     all   14.24    0.00    0.76    5.79    0.00    0.00    0.00    0.00   79.21
Average:     all   14.98    0.00    0.61    0.23    0.00    0.00    0.00    0.00   84.17
Average:     all   14.82    0.00    0.61    2.60    0.00    0.00    0.00    0.00   81.97
Average:     all   14.51    0.00    0.66    3.30    0.00    0.00    0.00    0.00   81.54
Average:     all   14.22    0.00    1.03    0.00    0.00    0.00    0.00    0.00   84.75
Average:     all   14.02    0.00    1.14    7.09    0.00    0.00    0.00    0.00   77.74
Average:     all   14.59    0.00    0.84    0.69    0.00    0.00    0.00    0.00   83.88
Average:     all   14.25    0.00    0.75    2.46    0.00    0.00    0.00    0.00   82.54
Average:     all   13.84    0.00    0.86    3.30    0.00    0.00    0.00    0.00   82.01
Average:     all   14.26    0.00    0.80    0.00    0.00    0.00    0.00    0.00   84.93
Average:     all   13.98    0.00    1.13    6.24    0.00    0.00    0.00    0.00   78.65
Average:     all   15.04    0.00    0.76    0.00    0.00    0.00    0.00    0.00   84.20
Average:     all   14.73    0.00    1.08    2.31    0.00    0.00    0.00    0.00   81.88
Average:     all   13.52    0.00    0.86    3.88    0.00    0.00    0.00    0.00   81.74
Average:     all   14.95    0.00    0.68    0.00    0.00    0.00    0.00    0.00   84.37
Average:     all   13.65    0.00    0.84    9.13    0.00    0.00    0.00    0.00   76.38
Average:     all   14.90    0.00    0.84    0.00    0.00    0.00    0.00    0.00   84.26
Average:     all   15.14    0.00    0.85    0.00    0.00    0.00    0.00    0.00   84.01
Average:     all   13.51    0.00    1.04    6.61    0.00    0.00    0.00    0.00   78.84
Average:     all   14.64    0.00    1.14    0.00    0.00    0.00    0.00    0.00   84.22
Average:     all   14.58    0.00    0.93    8.30    0.00    0.00    0.00    0.00   76.18
Average:     all   14.89    0.00    0.92    0.00    0.00    0.00    0.00    0.00   84.19
Average:     all   14.96    0.00    0.76    0.00    0.00    0.00    0.00    0.00   84.28
Average:     all   14.21    0.00    0.82    9.65    0.00    0.00    0.00    0.00   75.32
Average:     all   15.03    0.00    0.68    0.00    0.00    0.00    0.00    0.00   84.28
Average:     all   13.83    0.00    1.15    8.63    0.00    0.00    0.00    0.00   76.39
Average:     all   14.54    0.00    0.97    0.00    0.00    0.00    0.00    0.00   84.49
Average:     all   14.18    0.00    0.96    0.51    0.00    0.00    0.00    0.00   84.35
Average:     all   12.93    0.00    1.24    8.18    0.00    0.00    0.00    0.00   77.65
Average:     all   15.08    0.00    0.85    0.15    0.00    0.00    0.00    0.00   83.91
Average:     all   15.05    0.00    0.93    6.40    0.00    0.00    0.00    0.00   77.62
Average:     all   14.93    0.00    0.92    0.00    0.00    0.00    0.00    0.00   84.14
Average:     all   14.48    0.00    0.90    0.67    0.00    0.00    0.00    0.00   83.96
Average:     all   14.26    0.00    0.58    4.59    0.00    0.00    0.00    0.00   80.57
Average:     all   14.71    0.00    0.82    0.00    0.00    0.00    0.00    0.00   84.47
Average:     all   13.96    0.00    0.89    7.65    0.00    0.00    0.07    0.00   77.43
Average:     all   14.41    0.00    1.04    0.00    0.00    0.00    0.00    0.00   84.55
Average:     all   14.62    0.00    0.82    0.00    0.00    0.00    0.00    0.00   84.56
Average:     all   13.90    0.00    0.78    4.28    0.00    0.00    0.00    0.00   81.04
Average:     all   14.81    0.00    0.75    0.00    0.00    0.00    0.00    0.00   84.44
Average:     all   14.31    0.00    1.20    5.47    0.00    0.00    0.07    0.00   78.95
Average:     all   14.57    0.00    0.75    0.07    0.00    0.00    0.00    0.00   84.60
Average:     all   14.61    0.00    0.82    0.00    0.00    0.00    0.00    0.00   84.57
Average:     all   13.07    0.00    0.87    8.35    0.00    0.00    0.00    0.00   77.71
Average:     all   14.43    0.00    1.13    0.00    0.00    0.00    0.00    0.00   84.44
Average:     all   14.34    0.00    0.98    5.51    0.00    0.00    0.00    0.00   79.17
Average:     all   14.61    0.00    0.74    0.00    0.00    0.00    0.00    0.00   84.64
Average:     all   14.91    0.00    0.83    0.00    0.00    0.00    0.00    0.00   84.25
Average:     all   14.27    0.00    0.83    7.40    0.00    0.00    0.00    0.00   77.49
Average:     all   14.35    0.00    0.88    0.00    0.00    0.00    0.00    0.00   84.77
Average:     all   14.73    0.00    0.76    3.59    0.00    0.00    0.00    0.00   80.92
Average:     all   13.75    0.00    1.12    1.12    0.00    0.00    0.00    0.00   84.01
Average:     all   14.55    0.00    0.89    2.36    0.00    0.00    0.00    0.00   82.20
Average:     all   13.78    0.00    1.10    6.23    0.00    0.00    0.00    0.00   78.89
Average:     all   14.49    0.00    0.81    0.00    0.00    0.00    0.00    0.00   84.71
Average:     all   12.85    0.00    1.30    5.85    0.00    0.00    0.00    0.00   80.00
Average:     all   14.20    0.00    0.87    0.00    0.00    0.00    0.00    0.00   84.92
Average:     all   13.82    0.00    0.94    0.14    0.00    0.00    0.07    0.00   85.03
Average:     all   14.07    0.00    0.73    5.80    0.00    0.00    0.00    0.00   79.41
Average:     all   14.34    0.00    0.73    0.22    0.00    0.00    0.00    0.00   84.72
Average:     all   13.77    0.00    0.80    3.12    0.00    0.00    0.00    0.00   82.32
Average:     all   14.43    0.00    0.58    0.00    0.00    0.00    0.00    0.00   84.99
Average:     all   14.05    0.00    0.86    0.00    0.00    0.00    0.00    0.00   85.09
Average:     all   13.52    0.00    0.94    3.54    0.00    0.00    0.00    0.00   82.00
Average:     all   14.40    0.00    0.58    0.00    0.00    0.00    0.00    0.00   85.02
Average:     all   13.56    0.00    0.94    6.74    0.00    0.00    0.00    0.00   78.75
Average:     all   14.02    0.00    1.01    0.51    0.00    0.00    0.00    0.00   84.47
Average:     all   14.05    0.00    1.09    0.00    0.00    0.00    0.00    0.00   84.86
Average:     all   14.18    0.00    0.66    4.39    0.00    0.00    0.00    0.00   80.77
Average:     all   14.49    0.00    0.73    0.00    0.00    0.00    0.00    0.00   84.77
Average:     all   13.01    0.00    1.09    5.74    0.00    0.00    0.00    0.00   80.16
Average:     all   14.23    0.00    1.17    2.63    0.00    0.00    0.00    0.00   81.97
Average:     all   14.16    0.00    1.03    0.00    0.00    0.00    0.00    0.00   84.81
Average:     all   13.61    0.00    0.87    3.26    0.00    0.00    0.00    0.00   82.26
Average:     all   14.45    0.00    0.80    0.00    0.00    0.00    0.00    0.00   84.74
Average:     all   13.95    0.00    1.01    3.25    0.00    0.00    0.00    0.00   81.79
Average:     all   14.13    0.00    0.94    4.18    0.00    0.00    0.00    0.00   80.75
Average:     all   14.42    0.00    0.66    0.00    0.00    0.00    0.00    0.00   84.92
Average:     all   14.40    0.00    0.66    7.46    0.00    0.00    0.00    0.00   77.49
Average:     all   14.44    0.00    0.66    0.00    0.00    0.00    0.00    0.00   84.90
Average:     all   14.09    0.00    0.80    2.32    0.00    0.00    0.00    0.00   82.79
Average:     all   13.97    0.00    0.87    3.55    0.00    0.00    0.00    0.00   81.62
Average:     all   14.35    0.00    0.81    0.00    0.00    0.00    0.00    0.00   84.85
Average:     all   12.51    0.00    0.79    7.98    0.00    0.00    0.00    0.00   78.72
Average:     all   14.12    0.00    0.86    0.00    0.00    0.00    0.00    0.00   85.02
Average:     all   13.10    0.00    1.16    2.40    0.00    0.00    0.00    0.00   83.33
Average:     all   13.84    0.00    0.87    5.32    0.00    0.00    0.00    0.00   79.97
Average:     all   14.36    0.00    0.88    0.00    0.00    0.00    0.00    0.00   84.76
Average:     all   14.09    0.00    0.95    5.04    0.00    0.00    0.00    0.00   79.93
Average:     all   13.93    0.00    0.93    0.07    0.00    0.00    0.00    0.00   85.07
Average:     all   14.20    0.00    0.79    0.00    0.00    0.00    0.00    0.00   85.01
Average:     all   13.99    0.00    0.87   12.61    0.00    0.00    0.00    0.00   72.52
Average:     all   14.14    0.00    0.87    0.07    0.00    0.00    0.00    0.00   84.92
Average:     all   12.21    0.00    0.78   10.23    0.00    0.00    0.00    0.00   76.78
Average:     all   14.45    0.00    0.66    0.00    0.00    0.00    0.00    0.00   84.89
Average:     all   14.21    0.00    0.95    0.00    0.00    0.00    0.00    0.00   84.84
Average:     all   11.46    0.00    0.71    7.83    0.00    0.07    0.00    0.00   79.93
Average:     all   14.24    0.00    0.88    0.00    0.00    0.00    0.00    0.00   84.88
Average:     all   14.29    0.00    0.66    7.80    0.00    0.00    0.00    0.00   77.26
Average:     all   14.08    0.00    1.02    0.00    0.00    0.00    0.00    0.00   84.90
Average:     all   13.99    0.00    1.37    0.00    0.00    0.00    0.00    0.00   84.64
Average:     all   13.54    0.00    0.94    8.00    0.00    0.00    0.00    0.00   77.52
Average:     all   14.28    0.00    0.80    0.00    0.00    0.00    0.00    0.00   84.93
Average:     all   13.95    0.00    0.94    5.56    0.00    0.00    0.00    0.00   79.55
Average:     all   14.19    0.00    0.80    0.00    0.00    0.00    0.00    0.00   85.01
Average:     all   13.83    0.00    0.93    0.14    0.00    0.00    0.00    0.00   85.10
Average:     all   13.73    0.00    0.94    6.07    0.00    0.00    0.00    0.00   79.26
Average:     all   14.24    0.00    0.72    0.00    0.00    0.00    0.00    0.00   85.03
Average:     all   14.10    0.00    0.72    4.60    0.00    0.00    0.00    0.00   80.58
Average:     all   14.21    0.00    0.94    0.00    0.00    0.00    0.00    0.00   84.84
Average:     all   14.18    0.00    0.72    0.00    0.00    0.00    0.00    0.00   85.09
Average:     all   13.27    0.00    0.79    5.95    0.00    0.00    0.00    0.00   79.99
Average:     all   14.02    0.00    0.79    0.00    0.00    0.00    0.00    0.00   85.19
Average:     all   13.53    0.00    0.72    8.23    0.00    0.00    0.00    0.00   77.52
Average:     all   14.05    0.00    0.94    0.00    0.00    0.00    0.00    0.00   85.01
Average:     all   14.23    0.00    0.87    0.00    0.00    0.00    0.00    0.00   84.89
Average:     all   13.78    0.00    0.93    6.17    0.00    0.00    0.00    0.00   79.11
Average:     all   14.01    0.00    0.93    0.00    0.00    0.00    0.00    0.00   85.06
Average:     all   11.17    0.00    0.70   10.88    0.00    0.00    0.00    0.00   77.25
Average:     all   14.13    0.00    0.87    0.00    0.00    0.00    0.00    0.00   85.00
Average:     all   13.69    0.00    0.94    0.29    0.00    0.00    0.00    0.00   85.09
Average:     all   13.32    0.00    0.64    6.45    0.00    0.00    0.00    0.00   79.58
Average:     all   14.01    0.00    0.78    0.00    0.00    0.00    0.00    0.00   85.21
Average:     all   12.57    0.00    0.92    7.53    0.00    0.00    0.00    0.00   78.98
Average:     all   14.17    0.00    0.58    0.00    0.00    0.00    0.00    0.00   85.25
Average:     all   14.08    0.00    0.79    0.00    0.00    0.00    0.00    0.00   85.13
Average:     all   13.87    0.00    0.79    3.81    0.00    0.00    0.00    0.00   81.52
Average:     all   14.17    0.00    0.80    0.00    0.00    0.00    0.00    0.00   85.03
Average:     all   13.78    0.00    1.08    3.54    0.00    0.00    0.00    0.00   81.60
Average:     all   13.84    0.00    1.15    0.00    0.00    0.00    0.00    0.00   85.02
Average:     all   14.20    0.00    0.72    0.00    0.00    0.00    0.00    0.00   85.08
Average:     all   12.98    0.00    0.93    4.78    0.00    0.00    0.00    0.00   81.31
Average:     all   14.07    0.00    0.86    0.00    0.00    0.00    0.00    0.00   85.07
Average:     all   13.79    0.00    0.86    3.88    0.00    0.00    0.00    0.00   81.47
Average:     all   14.19    0.00    0.72    0.00    0.00    0.00    0.00    0.00   85.09
Average:     all   13.88    0.00    1.29    0.00    0.00    0.00    0.07    0.00   84.75
Average:     all   13.08    0.00    0.93    4.29    0.00    0.00    0.00    0.00   81.70
Average:     all   13.93    0.00    1.01    0.00    0.00    0.00    0.00    0.00   85.07
Average:     all   12.43    0.00    1.07    7.74    0.00    0.00    0.00    0.00   78.76
Average:     all   13.97    0.00    1.00    0.00    0.00    0.00    0.00    0.00   85.03
Average:     all   14.17    0.00    0.72    0.00    0.00    0.00    0.00    0.00   85.11
Average:     all   13.19    0.00    0.71    5.84    0.00    0.00    0.00    0.00   80.26
Average:     all   13.92    0.00    1.00    0.00    0.00    0.00    0.00    0.00   85.08
Average:     all   13.85    0.00    1.08    2.87    0.00    0.00    0.00    0.00   82.20
Average:     all   14.00    0.00    0.79    0.65    0.00    0.00    0.00    0.00   84.57
Average:     all   14.01    0.00    0.79    0.00    0.00    0.00    0.00    0.00   85.20
Average:     all   12.41    0.00    0.97    5.79    0.00    0.00    0.00    0.00   80.83
Average:     all   14.02    0.00    0.93    0.00    0.00    0.00    0.00    0.00   85.05
Average:     all   12.42    0.00    0.89    4.05    0.00    0.00    0.00    0.00   82.64
Average:     all   13.47    0.00    0.93    2.22    0.00    0.00    0.00    0.00   83.38
Average:     all   14.13    0.00    0.94    0.07    0.00    0.00    0.00    0.00   84.86
Average:     all   13.78    0.00    0.93    4.57    0.00    0.00    0.00    0.00   80.73
Average:     all   14.08    0.00    0.86    0.00    0.00    0.00    0.00    0.00   85.06
Average:     all   11.75    0.00    0.77    8.59    0.00    0.00    0.00    0.00   78.89
Average:     all   13.76    0.00    0.93    1.94    0.00    0.00    0.00    0.00   83.37
Average:     all   14.29    0.00    0.65    0.00    0.00    0.00    0.00    0.00   85.07
Average:     all   13.92    0.00    0.72    5.45    0.00    0.00    0.00    0.00   79.91
Average:     all   13.91    0.00    0.86    0.14    0.00    0.00    0.00    0.00   85.09
Average:     all   13.23    0.00    1.14    2.92    0.00    0.00    0.00    0.00   82.72
Average:     all   13.63    0.00    1.15    5.02    0.00    0.00    0.00    0.00   80.20
Average:     all   14.14    0.00    0.79    0.00    0.00    0.00    0.00    0.00   85.07
Average:     all   12.42    0.00    0.92    7.38    0.00    0.00    0.00    0.00   79.28
Average:     all   14.14    0.00    0.72    0.00    0.00    0.00    0.00    0.00   85.14
Average:     all   13.72    0.00    0.64    1.79    0.00    0.00    0.00    0.00   83.85
Average:     all   13.55    0.00    0.93    5.52    0.00    0.00    0.00    0.00   80.00
Average:     all   14.12    0.00    1.15    0.07    0.00    0.00    0.00    0.00   84.65
Average:     all   13.75    0.00    0.72    3.87    0.00    0.00    0.00    0.00   81.66
Average:     all   13.73    0.00    1.15    0.00    0.00    0.00    0.00    0.00   85.12
Average:     all   14.08    0.00    0.57    0.07    0.00    0.00    0.00    0.00   85.27
Average:     all   13.31    0.00    1.07    6.23    0.00    0.00    0.00    0.00   79.38
Average:     all   13.77    0.00    1.00    0.14    0.00    0.00    0.00    0.00   85.08
Average:     all   13.27    0.00    1.07    4.99    0.00    0.00    0.00    0.00   80.67
Average:     all   14.08    0.00    0.72    0.00    0.00    0.00    0.00    0.00   85.20
Average:     all   14.07    0.00    0.86    0.00    0.00    0.00    0.00    0.00   85.07
Average:     all   13.58    0.00    0.79    6.43    0.00    0.00    0.07    0.00   79.13
Average:     all   14.09    0.00    0.79    0.00    0.00    0.00    0.00    0.00   85.12
Average:     all   12.16    0.00    0.92    7.14    0.00    0.00    0.00    0.00   79.79
Average:     all   13.86    0.00    0.86    0.07    0.00    0.00    0.00    0.00   85.20
Average:     all   14.22    0.00    0.65    0.00    0.00    0.00    0.00    0.00   85.13
Average:     all   12.50    0.00    0.85    6.46    0.00    0.00    0.00    0.00   80.18
Average:     all   13.82    0.00    1.37    0.36    0.00    0.00    0.00    0.00   84.45
Average:     all   13.76    0.00    1.00    4.44    0.00    0.00    0.00    0.00   80.79
Average:     all   14.16    0.00    0.79    0.00    0.00    0.00    0.00    0.00   85.05
Average:     all   13.84    0.00    0.93    0.22    0.00    0.00    0.00    0.00   85.02
Average:     all   13.99    0.00    0.79    5.09    0.00    0.00    0.00    0.00   80.13
Average:     all   13.87    0.00    0.93    0.00    0.00    0.00    0.00    0.00   85.19
Average:     all   13.83    0.00    0.72    5.44    0.00    0.00    0.00    0.00   80.01
Average:     all   14.01    0.00    0.79    0.00    0.00    0.00    0.00    0.00   85.20
Average:     all   14.00    0.00    0.93    0.00    0.00    0.00    0.00    0.00   85.07
Average:     all   13.76    0.00    0.86    5.95    0.00    0.00    0.00    0.00   79.43
Average:     all   14.21    0.00    0.65    0.07    0.00    0.00    0.00    0.00   85.07
Average:     all   12.53    0.00    0.64    8.99    0.00    0.00    0.00    0.00   77.85
Average:     all   14.06    0.00    0.79    0.00    0.00    0.00    0.00    0.00   85.15
Average:     all   14.14    0.00    0.79    0.00    0.00    0.00    0.00    0.00   85.07
Average:     all   13.97    0.00    0.64    4.80    0.00    0.00    0.00    0.00   80.59
Average:     all   14.12    0.00    1.15    0.58    0.00    0.00    0.00    0.00   84.15
Average:     all   13.58    0.00    0.71    6.00    0.00    0.00    0.00    0.00   79.70
Average:     all   14.21    0.00    0.72    0.00    0.00    0.00    0.00    0.00   85.07
Average:     all   14.14    0.00    0.57    0.00    0.00    0.00    0.00    0.00   85.28
Average:     all   13.67    0.00    1.00    2.56    0.00    0.00    0.00    0.00   82.78
Average:     all   14.07    0.00    0.72    0.00    0.00    0.00    0.00    0.00   85.21
Average:     all   12.48    0.00    0.86    7.17    0.00    0.00    0.07    0.00   79.41
Average:     all   13.99    0.00    0.79    0.00    0.00    0.00    0.00    0.00   85.22
Average:     all   14.38    0.00    0.81    0.00    0.00    0.00    0.00    0.00   84.81
Average:     all   14.17    0.00    0.75    5.17    0.00    0.00    0.00    0.00   79.91
Average:     all   14.45    0.00    0.81    0.00    0.00    0.00    0.00    0.00   84.74
Average:     all   15.07    0.00    0.81    6.32    0.00    0.00    0.00    0.00   77.80
Average:     all   14.80    0.00    0.76    0.00    0.00    0.00    0.00    0.00   84.45
Average:     all   14.59    0.00    0.67    0.00    0.00    0.00    0.00    0.00   84.74
Average:     all   14.68    0.00    0.95    4.13    0.00    0.00    0.00    0.00   80.24
Average:     all   15.34    0.00    0.93    2.79    0.00    0.00    0.00    0.00   80.95
Average:     all   14.07    0.00    0.73    3.66    0.00    0.00    0.00    0.00   81.54
