Average:     all   20.82    0.00    0.30    0.91    0.00    0.00    0.00    0.00   77.97
Average:     all   21.26    0.00    0.23    0.23    0.00    0.00    0.00    0.00   78.28
Average:     all   21.20    0.00    0.08    0.00    0.00    0.00    0.00    0.00   78.72
Average:     all   21.27    0.00    0.23    0.30    0.00    0.00    0.00    0.00   78.20
Average:     all   21.62    0.00    0.23    0.00    0.00    0.00    0.08    0.00   78.08
Average:     all   21.66    0.00    0.16    0.39    0.00    0.00    0.00    0.00   77.80
Average:     all   21.29    0.00    0.15    0.00    0.00    0.00    0.08    0.00   78.48
Average:     all   20.80    0.00    0.15    0.00    0.00    0.00    0.08    0.00   78.97
Average:     all   21.74    0.00    0.39    0.39    0.00    0.00    0.00    0.00   77.48
Average:     all   21.96    0.00    0.16    0.16    0.00    0.00    0.00    0.00   77.73
Average:     all   21.20    0.00    0.23    0.84    0.00    0.00    0.08    0.00   77.65
Average:     all   21.42    0.00    0.23    0.00    0.00    0.00    0.00    0.00   78.35
Average:     all   21.67    0.00    0.23    0.00    0.00    0.00    0.00    0.00   78.10
Average:     all   22.69    0.00    0.08    0.72    0.00    0.00    0.00    0.00   76.51
Average:     all   21.27    0.00    0.23    0.00    0.00    0.00    0.00    0.00   78.51
Average:     all   21.41    0.00    0.15    0.23    0.00    0.00    0.00    0.00   78.21
Average:     all   22.00    0.00    0.16    0.00    0.00    0.00    0.08    0.00   77.77
Average:     all   21.73    0.00    0.15    0.00    0.00    0.00    0.00    0.00   78.11
Average:     all   21.21    0.00    0.23    0.00    0.00    0.00    0.08    0.00   78.49
Average:     all   21.33    0.00    0.23    0.00    0.00    0.00    0.00    0.00   78.45
Average:     all   21.85    0.00    0.16    1.25    0.00    0.00    0.08    0.00   76.66
Average:     all   22.35    0.00    0.32    0.00    0.00    0.00    0.00    0.00   77.33
Average:     all   22.35    0.00    0.00    0.16    0.00    0.00    0.00    0.00   77.49
Average:     all   22.36    0.00    0.16    0.00    0.00    0.00    0.08    0.00   77.40
Average:     all   22.27    0.00    0.16    0.00    0.00    0.00    0.00    0.00   77.57
Average:     all   21.35    0.00    0.30    0.30    0.00    0.00    0.08    0.00   77.96
Average:     all   21.51    0.00    0.08    0.00    0.00    0.00    0.00    0.00   78.41
Average:     all   23.06    0.00    0.40    0.32    0.00    0.00    0.00    0.00   76.21
Average:     all   22.45    0.00    0.16    0.00    0.00    0.00    0.00    0.00   77.39
Average:     all   21.75    0.00    0.08    0.00    0.00    0.00    0.08    0.00   78.10
Average:     all   21.68    0.00    0.23    0.15    0.00    0.00    0.00    0.00   77.94
Average:     all   21.23    0.00    0.15    0.00    0.00    0.00    0.00    0.00   78.61
Average:     all   21.34    0.00    0.15    0.53    0.00    0.00    0.00    0.00   77.97
Average:     all   21.79    0.00    0.15    0.00    0.00    0.00    0.00    0.00   78.06
Average:     all   21.89    0.00    0.15    0.00    0.00    0.00    0.08    0.00   77.88
Average:     all   21.38    0.00    0.15    0.31    0.00    0.00    0.00    0.00   78.16
Average:     all   21.59    0.00    0.23    0.00    0.00    0.00    0.00    0.00   78.18
Average:     all   21.82    0.00    0.23    0.31    0.00    0.00    0.00    0.00   77.65
Average:     all   21.76    0.00    0.31    0.00    0.00    0.00    0.00    0.00   77.94
Average:     all   21.77    0.00    0.31    0.23    0.00    0.00    0.00    0.00   77.69
Average:     all   22.30    0.00    0.08    0.00    0.00    0.00    0.08    0.00   77.55
Average:     all   22.60    0.00    0.23    0.00    0.00    0.00    0.00    0.00   77.17
Average:     all   21.99    0.00    0.15    0.31    0.00    0.00    0.00    0.00   77.55
Average:     all   21.90    0.00    0.15    0.00    0.00    0.00    0.08    0.00   77.87
Average:     all   22.72    0.00    0.23    0.00    0.00    0.00    0.08    0.00   76.97
Average:     all   22.49    0.00    0.15    0.00    0.00    0.00    0.00    0.00   77.36
Average:     all   22.53    0.00    0.16    0.00    0.00    0.00    0.00    0.00   77.31
Average:     all   21.87    0.00    0.23    0.38    0.00    0.00    0.08    0.00   77.45
Average:     all   21.95    0.00    0.23    0.00    0.00    0.00    0.00    0.00   77.82
Average:     all   21.90    0.00    0.15    0.46    0.00    0.00    0.00    0.00   77.49
Average:     all   22.07    0.00    0.31    0.00    0.00    0.00    0.00    0.00   77.62
Average:     all   22.18    0.00    0.15    0.00    0.00    0.00    0.00    0.00   77.67
Average:     all   21.93    0.00    0.23    0.00    0.00    0.00    0.08    0.00   77.76
Average:     all   22.15    0.00    0.15    0.00    0.00    0.00    0.00    0.00   77.70
Average:     all   23.23    0.00    0.16    0.24    0.00    0.00    0.08    0.00   76.29
Average:     all   22.30    0.00    0.23    0.00    0.00    0.00    0.00    0.00   77.47
Average:     all   22.38    0.00    0.31    0.31    0.00    0.00    0.00    0.00   77.01
Average:     all   22.22    0.00    0.08    0.00    0.00    0.00    0.08    0.00   77.62
Average:     all   22.41    0.00    0.15    0.00    0.00    0.00    0.00    0.00   77.44
Average:     all   22.58    0.00    0.31    0.31    0.00    0.00    0.00    0.00   76.80
Average:     all   22.47    0.00    0.15    0.00    0.00    0.00    0.00    0.00   77.38
Average:     all   22.05    0.00    0.23    0.15    0.00    0.00    0.08    0.00   77.49
Average:     all   23.23    0.00    0.24    0.00    0.00    0.00    0.00    0.00   76.53
Average:     all   22.49    0.00    0.31    0.00    0.00    0.00    0.08    0.00   77.13
Average:     all   22.52    0.00    0.15    0.38    0.00    0.00    0.00    0.00   76.94
Average:     all   22.56    0.00    0.15    0.00    0.00    0.00    0.00    0.00   77.28
Average:     all   22.45    0.00    0.23    0.61    0.00    0.00    0.00    0.00   76.70
Average:     all   22.17    0.00    0.23    0.00    0.00    0.00    0.00    0.00   77.60
Average:     all   23.65    0.00    0.23    0.00    0.00    0.00    0.00    0.00   76.12
Average:     all   20.97    0.00    0.31    0.15    0.00    0.00    0.00    0.00   78.57
Average:     all   20.99    0.00    0.15    0.00    0.00    0.00    0.00    0.00   78.86
Average:     all   20.94    0.00    0.15    0.08    0.00    0.00    0.08    0.00   78.76
Average:     all   21.51    0.00    0.23    0.00    0.00    0.00    0.00    0.00   78.26
Average:     all   20.85    0.00    0.15    0.00    0.00    0.00    0.00    0.00   79.00
Average:     all   21.59    0.00    0.23    0.16    0.00    0.00    0.00    0.00   78.02
Average:     all   21.43    0.00    0.23    0.00    0.00    0.00    0.08    0.00   78.25
Average:     all   21.39    0.00    0.15    0.38    0.00    0.00    0.00    0.00   78.08
Average:     all   21.35    0.00    0.15    0.00    0.00    0.00    0.08    0.00   78.42
Average:     all   21.90    0.00    0.16    0.08    0.00    0.00    0.00    0.00   77.86
Average:     all   21.44    0.00    0.15    0.30    0.00    0.00    0.08    0.00   78.02
Average:     all   21.63    0.00    0.08    0.00    0.00    0.00    0.08    0.00   78.22
Average:     all   21.46    0.00    0.23    0.30    0.00    0.00    0.00    0.00   78.01
Average:     all   21.87    0.00    0.08    0.00    0.00    0.00    0.00    0.00   78.06
Average:     all   21.61    0.00    0.16    0.08    0.00    0.00    0.00    0.00   78.15
Average:     all   21.49    0.00    0.15    0.00    0.00    0.00    0.08    0.00   78.27
Average:     all   21.09    0.00    0.15    0.00    0.00    0.00    0.08    0.00   78.68
Average:     all   21.28    0.00    0.15    2.96    0.00    0.00    0.08    0.00   75.53
Average:     all   21.83    0.00    0.30    0.00    0.00    0.00    0.00    0.00   77.87
Average:     all   21.31    0.00    0.15    0.53    0.00    0.00    0.00    0.00   78.01
Average:     all   21.25    0.00    0.15    0.00    0.00    0.00    0.00    0.00   78.60
Average:     all   20.88    0.00    0.23    0.00    0.00    0.00    0.08    0.00   78.82
Average:     all   20.88    0.00    0.23    1.07    0.00    0.00    0.00    0.00   77.82
Average:     all   21.00    0.00    0.30    0.08    0.00    0.00    0.00    0.00   78.61
Average:     all   21.35    0.00    0.15    0.61    0.00    0.00    0.00    0.00   77.89
Average:     all   21.35    0.00    0.08    0.00    0.00    0.00    0.00    0.00   78.57
Average:     all   21.54    0.00    0.15    0.00    0.00    0.00    0.00    0.00   78.31
Average:     all   21.31    0.00    0.15    0.23    0.00    0.00    0.08    0.00   78.23
Average:     all   21.88    0.00    0.15    0.00    0.00    0.00    0.00    0.00   77.96
Average:     all   21.44    0.00    0.23    0.23    0.00    0.00    0.08    0.00   78.02
Average:     all   22.05    0.00    0.16    0.00    0.00    0.00    0.08    0.00   77.71
Average:     all   21.36    0.00    0.15    0.00    0.00    0.00    0.00    0.00   78.49
Average:     all   21.35    0.00    0.30    0.23    0.00    0.00    0.08    0.00   78.04
Average:     all   23.32    0.00    0.08    0.00    0.00    0.00    0.00    0.00   76.60
Average:     all   21.49    0.00    0.15    0.15    0.00    0.00    0.00    0.00   78.20
Average:     all   21.61    0.00    0.15    0.00    0.00    0.00    0.00    0.00   78.24
Average:     all   22.17    0.00    0.15    0.08    0.00    0.00    0.00    0.00   77.60
Average:     all   21.63    0.00    0.38    0.00    0.00    0.00    0.00    0.00   77.99
Average:     all   21.91    0.00    0.15    0.00    0.00    0.00    0.00    0.00   77.94
Average:     all   21.80    0.00    0.23    0.23    0.00    0.00    0.08    0.00   77.67
Average:     all   21.76    0.00    0.08    0.00    0.00    0.00    0.00    0.00   78.17
Average:     all   21.67    0.00    0.23    0.23    0.00    0.00    0.08    0.00   77.79
Average:     all   23.19    0.00    0.16    0.16    0.00    0.00    0.00    0.00   76.48
Average:     all   21.54    0.00    0.31    0.00    0.00    0.00    0.00    0.00   78.15
Average:     all   21.73    0.00    0.31    0.92    0.00    0.00    0.00    0.00   77.05
Average:     all   21.99    0.00    0.15    0.00    0.00    0.00    0.00    0.00   77.85
Average:     all   23.24    0.00    0.16    0.24    0.00    0.00    0.00    0.00   76.35
Average:     all   22.34    0.00    0.15    0.08    0.00    0.00    0.00    0.00   77.43
Average:     all   22.39    0.00    0.15    0.00    0.00    0.00    0.08    0.00   77.38
Average:     all   22.32    0.00    0.15    0.15    0.00    0.00    0.00    0.00   77.37
Average:     all   22.82    0.00    0.15    0.00    0.00    0.00    0.00    0.00   77.03
Average:     all   22.11    0.00    0.23    0.46    0.00    0.00    0.00    0.00   77.20
Average:     all   23.43    0.00    0.32    0.00    0.00    0.00    0.08    0.00   76.17
Average:     all   22.32    0.00    0.08    0.00    0.00    0.00    0.00    0.00   77.60
Average:     all   22.04    0.00    0.23    0.23    0.00    0.00    0.00    0.00   77.50
Average:     all   22.21    0.00    0.23    0.00    0.00    0.00    0.08    0.00   77.49
Average:     all   22.09    0.00    0.23    0.23    0.00    0.00    0.00    0.00   77.45
Average:     all   22.09    0.00    0.08    0.00    0.00    0.00    0.08    0.00   77.76
Average:     all   21.75    0.00    0.31    0.46    0.00    0.00    0.08    0.00   77.41
Average:     all   21.74    0.00    0.23    0.00    0.00    0.00    0.08    0.00   77.95
Average:     all   22.15    0.00    0.15    0.00    0.00    0.00    0.08    0.00   77.62
Average:     all   22.42    0.00    0.15    0.08    0.00    0.00    0.00    0.00   77.35
Average:     all   22.27    0.00    0.15    0.00    0.00    0.00    0.00    0.00   77.58
Average:     all   22.69    0.00    0.31    0.46    0.00    0.00    0.00    0.00   76.54
Average:     all   21.86    0.00    0.15    0.00    0.00    0.00    0.00    0.00   77.98
Average:     all   22.06    0.00    0.31    0.00    0.00    0.00    0.00    0.00   77.63
Average:     all   22.70    0.00    0.15    0.70    0.00    0.00    0.00    0.00   76.45
Average:     all   22.52    0.00    0.08    0.00    0.00    0.00    0.00    0.00   77.41
Average:     all   22.33    0.00    0.23    0.31    0.00    0.00    0.08    0.00   77.05
Average:     all   22.07    0.00    0.23    0.00    0.00    0.00    0.08    0.00   77.62
Average:     all   22.94    0.00    0.31    0.00    0.00    0.00    0.08    0.00   76.67
Average:     all   23.78    0.00    0.31    0.47    0.00    0.00    0.00    0.00   75.45
Average:     all   20.62    0.00    0.23    0.00    0.00    0.00    0.00    0.00   79.15
Average:     all   20.88    0.00    0.15    0.91    0.00    0.00    0.00    0.00   78.06
Average:     all   21.47    0.00    0.23    0.00    0.00    0.00    0.08    0.00   78.22
Average:     all   21.00    0.00    0.23    0.00    0.00    0.00    0.08    0.00   78.70
Average:     all   20.92    0.00    0.23    0.00    0.00    0.00    0.00    0.00   78.85
Average:     all   21.35    0.00    0.23    0.00    0.00    0.00    0.00    0.00   78.42
Average:     all   21.44    0.00    0.15    0.23    0.00    0.00    0.00    0.00   78.17
Average:     all   21.11    0.00    0.15    0.00    0.00    0.00    0.00    0.00   78.74
Average:     all   21.11    0.00    0.15    0.30    0.00    0.00    0.00    0.00   78.44
Average:     all   20.96    0.00    0.23    0.00    0.00    0.00    0.00    0.00   78.82
Average:     all   21.12    0.00    0.08    0.00    0.00    0.00    0.00    0.00   78.80
Average:     all   21.46    0.00    0.15    0.70    0.00    0.00    0.00    0.00   77.69
Average:     all   21.17    0.00    0.23    0.00    0.00    0.00    0.00    0.00   78.60
Average:     all   21.17    0.00    0.15    2.81    0.00    0.00    0.08    0.00   75.80
Average:     all   21.34    0.00    0.16    0.00    0.00    0.00    0.00    0.00   78.50
Average:     all   21.03    0.00    0.15    0.00    0.00    0.00    0.00    0.00   78.82
Average:     all   21.19    0.00    0.23    0.23    0.00    0.00    0.00    0.00   78.35
Average:     all   21.03    0.00    0.15    0.00    0.00    0.00    0.08    0.00   78.74
Average:     all   21.09    0.00    0.08    0.15    0.00    0.00    0.08    0.00   78.60
Average:     all   20.92    0.00    0.15    0.00    0.00    0.00    0.08    0.00   78.85
Average:     all   21.28    0.00    0.08    0.00    0.00    0.00    0.00    0.00   78.65
Average:     all   21.13    0.00    0.15    1.30    0.00    0.00    0.00    0.00   77.41
Average:     all   21.06    0.00    0.23    0.00    0.00    0.00    0.00    0.00   78.71
Average:     all   21.60    0.00    0.16    0.24    0.00    0.00    0.08    0.00   77.93
Average:     all   21.45    0.00    0.08    0.00    0.00    0.00    0.08    0.00   78.40
Average:     all   21.21    0.00    0.15    0.38    0.00    0.00    0.00    0.00   78.25
Average:     all   21.43    0.00    0.15    0.00    0.00    0.00    0.08    0.00   78.34
Average:     all   21.22    0.00    0.15    0.00    0.00    0.00    0.00    0.00   78.63
Average:     all   21.33    0.00    0.15    1.14    0.00    0.00    0.08    0.00   77.30
Average:     all   21.30    0.00    0.22    0.00    0.00    0.00    0.00    0.00   78.48
Average:     all   21.48    0.00    0.31    0.15    0.00    0.00    0.08    0.00   77.98
Average:     all   21.33    0.00    0.23    0.00    0.00    0.00    0.00    0.00   78.45
Average:     all   21.42    0.00    0.30    0.00    0.00    0.00    0.08    0.00   78.20
Average:     all   21.31    0.00    0.23    0.00    0.00    0.00    0.00    0.00   78.46
Average:     all   22.06    0.00    0.23    0.00    0.00    0.00    0.00    0.00   77.71
Average:     all   21.53    0.00    0.23    0.23    0.00    0.00    0.00    0.00   78.02
Average:     all   21.96    0.00    0.15    0.00    0.00    0.00    0.00    0.00   77.88
Average:     all   21.40    0.00    0.30    0.00    0.00    0.00    0.00    0.00   78.29
Average:     all   21.34    0.00    0.23    0.00    0.00    0.00    0.00    0.00   78.43
Average:     all   21.39    0.00    0.15    0.00    0.00    0.00    0.00    0.00   78.46
Average:     all   22.82    0.00    0.08    0.32    0.00    0.00    0.00    0.00   76.78
Average:     all   21.93    0.00    0.15    0.00    0.00    0.00    0.00    0.00   77.92
Average:     all   21.71    0.00    0.31    0.00    0.00    0.00    0.00    0.00   77.98
Average:     all   21.60    0.00    0.08    0.15    0.00    0.00    0.00    0.00   78.17
Average:     all   22.84    0.00    0.08    0.08    0.00    0.00    0.00    0.00   77.00
Average:     all   21.57    0.00    0.16    0.54    0.00    0.00    0.08    0.00   77.66
Average:     all   21.42    0.00    0.23    0.00    0.00    0.00    0.00    0.00   78.35
Average:     all   21.73    0.00    0.23    0.15    0.00    0.00    0.00    0.00   77.89
Average:     all   22.51    0.00    0.16    0.00    0.00    0.00    0.00    0.00   77.33
Average:     all   22.00    0.00    0.31    0.00    0.00    0.00    0.00    0.00   77.68
Average:     all   22.00    0.00    0.15    0.15    0.00    0.00    0.00    0.00   77.69
Average:     all   22.84    0.00    0.39    0.00    0.00    0.00    0.00    0.00   76.77
Average:     all   21.76    0.00    0.31    0.92    0.00    0.00    0.00    0.00   77.01
Average:     all   22.73    0.00    0.16    0.08    0.00    0.00    0.00    0.00   77.03
Average:     all   22.34    0.00    0.16    0.00    0.00    0.00    0.08    0.00   77.42
Average:     all   22.08    0.00    0.08    0.31    0.00    0.00    0.00    0.00   77.54
Average:     all   22.65    0.00    0.24    0.00    0.00    0.00    0.08    0.00   77.04
Average:     all   22.50    0.00    0.16    0.16    0.00    0.00    0.00    0.00   77.18
Average:     all   22.98    0.00    0.24    0.00    0.00    0.00    0.00    0.00   76.78
Average:     all   23.13    0.00    0.24    0.00    0.00    0.00    0.08    0.00   76.55
Average:     all   21.81    0.00    0.31    0.38    0.00    0.00    0.00    0.00   77.51
Average:     all   22.47    0.00    0.23    0.00    0.00    0.00    0.08    0.00   77.22
Average:     all   23.13    0.00    0.16    1.75    0.00    0.00    0.08    0.00   74.88
Average:     all   23.23    0.00    0.16    0.00    0.00    0.00    0.00    0.00   76.61
Average:     all   22.07    0.00    0.23    1.15    0.00    0.00    0.08    0.00   76.48
Average:     all   22.91    0.00    0.24    0.00    0.00    0.00    0.00    0.00   76.86
Average:     all   21.92    0.00    0.38    0.00    0.00    0.00    0.08    0.00   77.62
Average:     all   22.32    0.00    0.31    0.38    0.00    0.00    0.08    0.00   76.91
Average:     all   22.67    0.00    0.23    0.00    0.00    0.00    0.00    0.00   77.09
Average:     all   25.91    0.00    0.16    0.55    0.00    0.00    0.08    0.00   73.30
Average:     all   20.62    0.00    0.15    0.00    0.00    0.00    0.08    0.00   79.15
Average:     all   21.96    0.00    0.08    0.00    0.00    0.00    0.08    0.00   77.88
Average:     all   22.37    0.00    0.32    0.40    0.00    0.00    0.08    0.00   76.83
Average:     all   21.12    0.00    0.15    0.00    0.00    0.00    0.00    0.00   78.72
Average:     all   21.75    0.00    0.16    0.40    0.00    0.00    0.00    0.00   77.70
Average:     all   21.23    0.00    0.15    0.00    0.00    0.00    0.00    0.00   78.62
Average:     all   21.50    0.00    0.15    0.00    0.00    0.00    0.00    0.00   78.34
Average:     all   21.47    0.00    0.15    3.79    0.00    0.00    0.00    0.00   74.58
Average:     all   21.01    0.00    0.15    0.00    0.00    0.00    0.00    0.00   78.84
Average:     all   21.18    0.00    0.15    0.15    0.00    0.00    0.00    0.00   78.51
Average:     all   21.32    0.00    0.30    0.00    0.00    0.00    0.00    0.00   78.38
Average:     all   21.21    0.00    0.15    0.00    0.00    0.00    0.00    0.00   78.64
Average:     all   22.42    0.00    0.16    0.24    0.00    0.00    0.00    0.00   77.19
Average:     all   21.29    0.00    0.08    0.00    0.00    0.00    0.00    0.00   78.63
Average:     all   20.82    0.00    0.23    0.23    0.00    0.00    0.00    0.00   78.73
Average:     all   21.37    0.00    0.08    0.00    0.00    0.00    0.00    0.00   78.56
Average:     all   20.84    0.00    0.23    0.30    0.00    0.00    0.00    0.00   78.63
Average:     all   21.56    0.00    0.23    0.00    0.00    0.00    0.00    0.00   78.21
Average:     all   21.31    0.00    0.08    0.00    0.00    0.00    0.08    0.00   78.54
Average:     all   22.08    0.00    0.08    0.95    0.00    0.00    0.00    0.00   76.89
Average:     all   21.72    0.00    0.16    0.00    0.00    0.00    0.00    0.00   78.12
Average:     all   20.95    0.00    0.30    0.45    0.00    0.00    0.00    0.00   78.29
Average:     all   21.67    0.00    0.15    0.00    0.00    0.00    0.00    0.00   78.17
Average:     all   23.29    0.00    0.17    0.00    0.00    0.00    0.08    0.00   76.46
Average:     all   21.48    0.00    0.15    1.22    0.00    0.00    0.00    0.00   77.15
Average:     all   21.39    0.00    0.23    0.00    0.00    0.00    0.08    0.00   78.31
Average:     all   22.20    0.00    0.08    0.08    0.00    0.00    0.00    0.00   77.65
Average:     all   21.96    0.00    0.15    0.00    0.00    0.00    0.00    0.00   77.88
Average:     all   21.48    0.00    0.23    0.08    0.00    0.00    0.00    0.00   78.22
Average:     all   21.93    0.00    0.23    1.76    0.00    0.00    0.00    0.00   76.07
Average:     all   21.80    0.00    0.16    0.00    0.00    0.00    0.00    0.00   78.04
Average:     all   21.83    0.00    0.31    2.46    0.00    0.00    0.00    0.00   75.40
Average:     all   21.51    0.00    0.23    0.00    0.00    0.00    0.00    0.00   78.26
Average:     all   21.89    0.00    0.31    2.33    0.00    0.00    0.08    0.00   75.39
Average:     all   21.65    0.00    0.15    0.00    0.00    0.00    0.08    0.00   78.12
Average:     all   21.98    0.00    0.23    0.00    0.00    0.00    0.08    0.00   77.72
Average:     all   21.89    0.00    0.15    2.06    0.00    0.00    0.00    0.00   75.90
Average:     all   21.93    0.00    0.15    0.00    0.00    0.00    0.00    0.00   77.92
Average:     all   22.66    0.00    0.16    0.31    0.00    0.00    0.00    0.00   76.88
Average:     all   22.24    0.00    0.23    0.00    0.00    0.00    0.00    0.00   77.53
Average:     all   21.74    0.00    0.23    0.00    0.00    0.00    0.00    0.00   78.03
Average:     all   22.35    0.00    0.23    0.77    0.00    0.00    0.08    0.00   76.57
Average:     all   23.62    0.00    0.16    0.00    0.00    0.00    0.08    0.00   76.13
Average:     all   22.29    0.00    0.23    0.46    0.00    0.00    0.00    0.00   77.02
Average:     all   22.42    0.00    0.15    0.23    0.00    0.00    0.00    0.00   77.20
Average:     all   22.08    0.00    0.15    0.00    0.00    0.00    0.00    0.00   77.76
Average:     all   22.27    0.00    0.31    0.46    0.00    0.00    0.00    0.00   76.96
Average:     all   22.04    0.00    0.15    0.00    0.00    0.00    0.00    0.00   77.81
Average:     all   22.56    0.00    0.08    0.39    0.00    0.00    0.00    0.00   76.97
Average:     all   22.30    0.00    0.08    0.00    0.00    0.00    0.00    0.00   77.62
Average:     all   22.11    0.00    0.15    0.00    0.00    0.00    0.00    0.00   77.74
Average:     all   24.72    0.00    0.17    0.26    0.00    0.00    0.00    0.00   74.85
Average:     all   22.09    0.00    0.15    0.00    0.00    0.00    0.08    0.00   77.68
Average:     all   22.20    0.00    0.15    0.00    0.00    0.00    0.00    0.00   77.65
Average:     all   22.83    0.00    0.31    0.00    0.00    0.00    0.00    0.00   76.86
Average:     all   22.16    0.00    0.23    0.31    0.00    0.00    0.00    0.00   77.30
Average:     all   22.16    0.00    0.23    0.00    0.00    0.00    0.00    0.00   77.61
Average:     all   22.94    0.00    0.16    0.00    0.00    0.00    0.08    0.00   76.82
Average:     all   22.28    0.00    0.31    0.23    0.00    0.00    0.00    0.00   77.18
Average:     all   22.12    0.00    0.23    0.00    0.00    0.00    0.00    0.00   77.65
Average:     all   22.82    0.00    0.15    0.39    0.00    0.00    0.00    0.00   76.64
Average:     all   22.37    0.00    0.08    0.00    0.00    0.00    0.00    0.00   77.56
Average:     all   22.15    0.00    0.15    0.00    0.00    0.00    0.00    0.00   77.69
Average:     all   22.76    0.00    0.23    0.23    0.00    0.00    0.08    0.00   76.70
Average:     all   22.09    0.00    0.15    0.00    0.00    0.00    0.08    0.00   77.68
Average:     all   22.70    0.00    0.23    0.39    0.00    0.00    0.00    0.00   76.68
Average:     all   22.27    0.00    0.15    0.00    0.00    0.00    0.08    0.00   77.50
Average:     all   22.93    0.00    0.32    0.47    0.00    0.00    0.00    0.00   76.28
Average:     all   25.00    0.00    0.16    0.90    0.00    0.00    0.00    0.00   73.94
Average:     all   20.64    0.00    0.23    0.00    0.00    0.00    0.00    0.00   79.13
Average:     all   21.47    0.00    0.23    0.31    0.00    0.00    0.00    0.00   77.98
Average:     all   20.91    0.00    0.23    0.00    0.00    0.00    0.00    0.00   78.86
Average:     all   21.78    0.00    0.08    0.00    0.00    0.00    0.00    0.00   78.14
Average:     all   21.65    0.00    0.23    0.15    0.00    0.00    0.08    0.00   77.90
Average:     all   21.32    0.00    0.23    0.00    0.00    0.00    0.00    0.00   78.45
Average:     all   21.20    0.00    0.08    0.38    0.00    0.00    0.00    0.00   78.34
Average:     all   21.11    0.00    0.15    0.00    0.00    0.00    0.00    0.00   78.74
Average:     all   21.00    0.00    0.23    0.30    0.00    0.00    0.08    0.00   78.39
Average:     all   21.14    0.00    0.23    0.08    0.00    0.00    0.00    0.00   78.55
Average:     all   21.21    0.00    0.00    0.00    0.00    0.00    0.00    0.00   78.79
Average:     all   21.42    0.00    0.15    1.60    0.00    0.00    0.00    0.00   76.83
Average:     all   20.51    0.00    0.15    0.00    0.00    0.00    0.00    0.00   79.34
Average:     all   21.11    0.00    0.30    0.91    0.00    0.00    0.00    0.00   77.67
Average:     all   21.94    0.00    0.08    0.00    0.00    0.00    0.00    0.00   77.99
Average:     all   21.78    0.00    0.23    0.00    0.00    0.00    0.08    0.00   77.92
Average:     all   21.80    0.00    0.39    0.24    0.00    0.00    0.00    0.00   77.57
Average:     all   21.17    0.00    0.31    0.00    0.00    0.00    0.08    0.00   78.44
Average:     all   21.48    0.00    0.15    0.15    0.00    0.00    0.00    0.00   78.22
Average:     all   21.27    0.00    0.15    0.00    0.00    0.00    0.00    0.00   78.58
Average:     all   21.46    0.00    0.15    0.00    0.00    0.00    0.00    0.00   78.39
Average:     all   21.66    0.00    0.23    0.99    0.00    0.00    0.00    0.00   77.12
Average:     all   21.80    0.00    0.16    0.00    0.00    0.00    0.00    0.00   78.05
Average:     all   21.55    0.00    0.23    0.30    0.00    0.00    0.08    0.00   77.84
Average:     all   21.36    0.00    0.15    0.00    0.00    0.00    0.00    0.00   78.49
Average:     all   21.48    0.00    0.15    0.91    0.00    0.00    0.08    0.00   77.38
Average:     all   21.62    0.00    0.15    0.00    0.00    0.00    0.08    0.00   78.15
Average:     all   22.01    0.00    0.23    0.00    0.00    0.00    0.00    0.00   77.76
Average:     all   21.51    0.00    0.31    0.15    0.00    0.00    0.00    0.00   78.03
Average:     all   21.34    0.00    0.15    0.00    0.00    0.00    0.00    0.00   78.51
Average:     all   21.71    0.00    0.23    0.08    0.00    0.00    0.00    0.00   77.98
Average:     all   21.48    0.00    0.38    0.00    0.00    0.00    0.00    0.00   78.13
Average:     all   21.62    0.00    0.23    0.00    0.00    0.00    0.00    0.00   78.15
Average:     all   21.77    0.00    0.15    0.23    0.00    0.00    0.00    0.00   77.85
Average:     all   21.94    0.00    0.15    0.08    0.00    0.00    0.00    0.00   77.83
Average:     all   22.29    0.00    0.23    0.38    0.00    0.00    0.00    0.00   77.09
Average:     all   22.14    0.00    0.15    0.00    0.00    0.00    0.00    0.00   77.71
Average:     all   22.03    0.00    0.15    0.00    0.00    0.00    0.08    0.00   77.73
Average:     all   22.34    0.00    0.31    0.39    0.00    0.00    0.00    0.00   76.96
Average:     all   22.00    0.00    0.31    0.08    0.00    0.00    0.00    0.00   77.62
Average:     all   22.38    0.00    0.23    0.54    0.00    0.00    0.00    0.00   76.86
Average:     all   21.88    0.00    0.23    0.00    0.00    0.00    0.00    0.00   77.89
Average:     all   21.58    0.00    0.23    0.08    0.00    0.00    0.08    0.00   78.04
Average:     all   22.07    0.00    0.31    0.00    0.00    0.00    0.08    0.00   77.55
Average:     all   21.95    0.00    0.23    0.00    0.00    0.00    0.00    0.00   77.82
Average:     all   22.33    0.00    0.15    0.46    0.00    0.00    0.00    0.00   77.05
Average:     all   22.28    0.00    0.15    0.00    0.00    0.00    0.00    0.00   77.57
Average:     all   22.05    0.00    0.15    0.23    0.00    0.00    0.08    0.00   77.49
Average:     all   22.49    0.00    0.23    0.00    0.00    0.00    0.00    0.00   77.28
Average:     all   22.21    0.00    0.23    0.00    0.00    0.00    0.08    0.00   77.49
Average:     all   22.24    0.00    0.23    0.23    0.00    0.00    0.00    0.00   77.30
Average:     all   22.27    0.00    0.23    0.00    0.00    0.00    0.00    0.00   77.49
Average:     all   21.90    0.00    0.15    0.23    0.00    0.00    0.00    0.00   77.72
Average:     all   22.33    0.00    0.15    0.00    0.00    0.00    0.00    0.00   77.51
Average:     all   22.06    0.00    0.23    0.00    0.00    0.00    0.00    0.00   77.71
Average:     all   21.90    0.00    0.23    0.31    0.00    0.00    0.00    0.00   77.57
Average:     all   22.10    0.00    0.23    0.08    0.00    0.00    0.00    0.00   77.59
Average:     all   22.02    0.00    0.23    0.76    0.00    0.00    0.00    0.00   76.99
Average:     all   22.24    0.00    0.31    0.00    0.00    0.00    0.00    0.00   77.45
Average:     all   22.35    0.00    0.31    0.54    0.00    0.00    0.08    0.00   76.73
Average:     all   22.17    0.00    0.23    0.00    0.00    0.00    0.08    0.00   77.52
Average:     all   22.53    0.00    0.24    0.08    0.00    0.00    0.00    0.00   77.16
Average:     all   22.56    0.00    0.15    1.07    0.00    0.00    0.00    0.00   76.21
Average:     all   22.50    0.00    0.15    0.00    0.00    0.00    0.08    0.00   77.27
Average:     all   23.01    0.00    0.23    0.15    0.00    0.00    0.08    0.00   76.53
Average:     all   22.73    0.00    0.23    0.00    0.00    0.00    0.00    0.00   77.04
Average:     all   22.70    0.00    0.23    0.00    0.00    0.00    0.00    0.00   77.07
Average:     all   22.32    0.00    0.23    0.38    0.00    0.00    0.00    0.00   77.06
Average:     all   24.03    0.00    0.24    0.00    0.00    0.00    0.08    0.00   75.66
Average:     all   25.67    0.00    0.24    0.16    0.00    0.00    0.00    0.00   73.93
Average:     all   21.07    0.00    0.23    0.00    0.00    0.00    0.00    0.00   78.70
Average:     all   21.49    0.00    0.15    0.00    0.00    0.00    0.00    0.00   78.36
Average:     all   20.34    0.00    0.22    0.15    0.00    0.00    0.00    0.00   79.28
Average:     all   21.93    0.00    0.24    0.00    0.00    0.00    0.08    0.00   77.75
Average:     all   21.22    0.00    0.15    0.15    0.00    0.00    0.08    0.00   78.40
Average:     all   21.42    0.00    0.15    0.00    0.00    0.00    0.00    0.00   78.43
Average:     all   21.35    0.00    0.15    0.00    0.00    0.00    0.00    0.00   78.50
Average:     all   20.86    0.00    0.15    1.21    0.00    0.00    0.00    0.00   77.77
Average:     all   21.73    0.00    0.31    0.00    0.00    0.00    0.00    0.00   77.96
Average:     all   20.96    0.00    0.23    0.31    0.00    0.00    0.00    0.00   78.51
Average:     all   21.22    0.00    0.15    0.00    0.00    0.00    0.08    0.00   78.56
Average:     all   21.52    0.00    0.15    0.23    0.00    0.00    0.00    0.00   78.10
Average:     all   21.62    0.00    0.15    0.00    0.00    0.00    0.08    0.00   78.15
Average:     all   21.80    0.00    0.23    0.00    0.00    0.00    0.00    0.00   77.97
Average:     all   21.46    0.00    0.23    0.31    0.00    0.00    0.00    0.00   78.01
Average:     all   21.73    0.00    0.15    0.00    0.00    0.00    0.00    0.00   78.11
Average:     all   21.90    0.00    0.15    0.23    0.00    0.00    0.00    0.00   77.71
Average:     all   21.21    0.00    0.15    0.00    0.00    0.00    0.00    0.00   78.64
Average:     all   21.55    0.00    0.16    0.08    0.00    0.00    0.00    0.00   78.22
Average:     all   21.23    0.00    0.23    0.68    0.00    0.00    0.00    0.00   77.85
Average:     all   21.60    0.00    0.08    0.00    0.00    0.00    0.00    0.00   78.33
Average:     all   21.21    0.00    0.31    0.38    0.00    0.00    0.00    0.00   78.11
Average:     all   21.41    0.00    0.15    0.00    0.00    0.00    0.00    0.00   78.43
Average:     all   21.52    0.00    0.15    0.00    0.00    0.00    0.08    0.00   78.25
Average:     all   21.43    0.00    0.39    0.00    0.00    0.00    0.00    0.00   78.18
Average:     all   21.10    0.00    0.30    0.00    0.00    0.00    0.08    0.00   78.52
Average:     all   22.25    0.00    0.16    0.16    0.00    0.00    0.00    0.00   77.44
Average:     all   21.42    0.00    0.08    0.00    0.00    0.00    0.00    0.00   78.51
Average:     all   21.64    0.00    0.16    0.39    0.00    0.00    0.00    0.00   77.81
Average:     all   22.67    0.00    0.40    0.00    0.00    0.00    0.00    0.00   76.93
Average:     all   22.34    0.00    0.24    0.00    0.00    0.00    0.00    0.00   77.43
Average:     all   21.27    0.00    0.15    2.97    0.00    0.00    0.00    0.00   75.61
Average:     all   21.33    0.00    0.15    0.00    0.00    0.00    0.00    0.00   78.52
Average:     all   21.62    0.00    0.23    0.23    0.00    0.00    0.08    0.00   77.85
Average:     all   21.77    0.00    0.15    0.00    0.00    0.00    0.00    0.00   78.07
Average:     all   22.46    0.00    0.32    0.00    0.00    0.00    0.08    0.00   77.14
Average:     all   22.19    0.00    0.23    0.15    0.00    0.00    0.00    0.00   77.43
Average:     all   22.06    0.00    0.15    0.00    0.00    0.00    0.08    0.00   77.71
Average:     all   21.65    0.00    0.15    0.15    0.00    0.00    0.08    0.00   77.97
Average:     all   23.14    0.00    0.08    0.00    0.00    0.00    0.00    0.00   76.78
Average:     all   21.59    0.00    0.23    0.00    0.00    0.00    0.08    0.00   78.11
Average:     all   22.12    0.00    0.15    0.31    0.00    0.00    0.00    0.00   77.42
Average:     all   21.98    0.00    0.08    0.00    0.00    0.00    0.08    0.00   77.86
Average:     all   22.13    0.00    0.23    0.46    0.00    0.00    0.00    0.00   77.18
Average:     all   21.68    0.00    0.23    0.00    0.00    0.00    0.08    0.00   78.02
Average:     all   22.97    0.00    0.16    0.24    0.00    0.00    0.00    0.00   76.63
Average:     all   22.21    0.00    0.08    0.00    0.00    0.00    0.00    0.00   77.71
Average:     all   21.87    0.00    0.31    0.00    0.00    0.00    0.08    0.00   77.75
Average:     all   22.09    0.00    0.15    2.15    0.00    0.00    0.00    0.00   75.61
Average:     all   22.58    0.00    0.31    0.00    0.00    0.00    0.08    0.00   77.04
Average:     all   21.99    0.00    0.23    0.84    0.00    0.00    0.08    0.00   76.86
Average:     all   22.22    0.00    0.15    0.00    0.00    0.00    0.00    0.00   77.62
Average:     all   22.32    0.00    0.00    0.00    0.00    0.00    0.08    0.00   77.61
Average:     all   23.00    0.00    0.16    0.16    0.00    0.00    0.00    0.00   76.68
Average:     all   21.83    0.00    0.31    0.00    0.00    0.00    0.08    0.00   77.79
Average:     all   22.47    0.00    0.23    0.69    0.00    0.00    0.00    0.00   76.61
Average:     all   22.78    0.00    0.08    0.00    0.00    0.00    0.08    0.00   77.07
Average:     all   22.78    0.00    0.16    0.00    0.00    0.00    0.08    0.00   76.98
Average:     all   22.38    0.00    0.08    1.23    0.00    0.00    0.08    0.00   76.23
Average:     all   22.26    0.00    0.38    0.08    0.00    0.00    0.00    0.00   77.28
Average:     all   22.51    0.00    0.08    0.08    0.00    0.00    0.00    0.00   77.33
Average:     all   22.07    0.00    0.23    0.00    0.00    0.00    0.00    0.00   77.70
Average:     all   22.09    0.00    0.38    0.00    0.00    0.00    0.00    0.00   77.52
Average:     all   22.53    0.00    0.23    0.39    0.00    0.00    0.08    0.00   76.77
Average:     all   22.33    0.00    0.23    0.00    0.00    0.00    0.00    0.00   77.44
Average:     all   22.18    0.00    0.31    0.54    0.00    0.00    0.00    0.00   76.96
Average:     all   25.68    0.00    0.24    0.00    0.00    0.00    0.00    0.00   74.08
Average:     all   22.34    0.00    0.16    0.32    0.00    0.00    0.00    0.00   77.19
Average:     all   21.40    0.00    0.23    0.00    0.00    0.00    0.00    0.00   78.37
Average:     all   21.79    0.00    0.23    0.00    0.00    0.00    0.00    0.00   77.98
Average:     all   22.25    0.00    0.00    0.00    0.00    0.00    0.00    0.00   77.75
Average:     all   22.66    0.00    0.16    0.00    0.00    0.00    0.08    0.00   77.11
Average:     all   21.60    0.00    0.23    0.15    0.00    0.00    0.00    0.00   78.02
Average:     all   21.84    0.00    0.23    0.00    0.00    0.00    0.08    0.00   77.85
Average:     all   22.81    0.00    0.16    0.00    0.00    0.00    0.00    0.00   77.03
Average:     all   21.66    0.00    0.23    0.83    0.00    0.00    0.00    0.00   77.28
Average:     all   22.38    0.00    0.23    0.00    0.00    0.00    0.08    0.00   77.31
Average:     all   21.93    0.00    0.08    2.14    0.00    0.00    0.00    0.00   75.86
Average:     all   21.39    0.00    0.31    0.00    0.00    0.00    0.00    0.00   78.30
Average:     all   22.02    0.00    0.15    0.00    0.00    0.00    0.08    0.00   77.75
Average:     all   22.72    0.00    0.32    0.24    0.00    0.00    0.08    0.00   76.64
Average:     all   21.66    0.00    0.31    0.00    0.00    0.00    0.08    0.00   77.96
Average:     all   21.76    0.00    0.15    0.31    0.00    0.00    0.08    0.00   77.71
Average:     all   21.90    0.00    0.23    0.00    0.00    0.00    0.08    0.00   77.79
Average:     all   21.68    0.00    0.23    0.23    0.00    0.00    0.00    0.00   77.86
Average:     all   21.76    0.00    0.15    0.08    0.00    0.00    0.00    0.00   78.02
Average:     all   22.36    0.00    0.16    0.00    0.00    0.00    0.00    0.00   77.48
Average:     all   22.35    0.00    0.15    0.31    0.00    0.00    0.15    0.00   77.03
Average:     all   22.28    0.00    0.08    0.54    0.00    0.00    0.00    0.00   77.11
Average:     all   21.94    0.00    0.23    0.23    0.00    0.00    0.08    0.00   77.52
Average:     all   22.25    0.00    0.23    0.00    0.00    0.00    0.00    0.00   77.52
Average:     all   21.85    0.00    0.08    0.00    0.00    0.00    0.00    0.00   78.07
Average:     all   22.26    0.00    0.15    0.54    0.00    0.00    0.08    0.00   76.97
Average:     all   22.11    0.00    0.23    0.00    0.00    0.00    0.00    0.00   77.66
Average:     all   22.30    0.00    0.15    0.15    0.00    0.00    0.08    0.00   77.32
Average:     all   22.26    0.00    0.15    0.00    0.00    0.00    0.00    0.00   77.59
Average:     all   21.92    0.00    0.15    0.00    0.00    0.00    0.00    0.00   77.93
Average:     all   22.48    0.00    0.23    1.08    0.00    0.00    0.00    0.00   76.21
Average:     all   22.40    0.00    0.23    0.00    0.00    0.00    0.00    0.00   77.37
