Average:     all    0.06    0.00    0.45   24.94    0.00    0.00    0.06    0.00   74.48
Average:     all    0.00    0.00    0.38   24.73    0.00    0.00    0.00    0.00   74.89
Average:     all    0.00    0.00    0.39   25.29    0.00    0.00    0.00    0.00   74.31
Average:     all    0.06    0.00    0.52   24.74    0.00    0.00    0.00    0.00   74.68
Average:     all    0.07    0.00    0.33   25.76    0.00    0.00    0.00    0.00   73.85
Average:     all    0.00    0.00    0.25   24.22    0.00    0.00    0.00    0.00   75.53
Average:     all    1.02    0.00    0.38   19.29    0.00    0.00    0.00    0.00   79.31
Average:     all   14.69    0.00    0.30    0.00    0.00    0.00    0.00    0.00   85.02
Average:     all   13.68    0.00    0.44    1.18    0.00    0.00    0.00    0.00   84.71
Average:     all   14.64    0.00    0.29    0.00    0.00    0.00    0.00    0.00   85.06
Average:     all   13.46    0.00    0.36    3.35    0.00    0.00    0.00    0.00   82.82
Average:     all   14.17    0.00    0.36    0.00    0.00    0.00    0.00    0.00   85.47
Average:     all   13.57    0.00    0.29    1.31    0.00    0.00    0.00    0.00   84.83
Average:     all   14.25    0.00    0.43    2.53    0.00    0.00    0.00    0.00   82.78
Average:     all   13.60    0.00    0.28    0.71    0.00    0.00    0.00    0.00   85.41
Average:     all   14.61    0.00    0.37    2.14    0.00    0.00    0.00    0.00   82.88
Average:     all   14.50    0.00    0.22    0.00    0.00    0.00    0.00    0.00   85.28
Average:     all   14.65    0.00    0.22    0.00    0.00    0.00    0.00    0.00   85.13
Average:     all   14.23    0.00    0.29    0.43    0.00    0.00    0.00    0.00   85.04
Average:     all   13.30    0.00    0.36    1.08    0.00    0.00    0.00    0.00   85.25
Average:     all   14.10    0.00    0.50    0.43    0.00    0.00    0.00    0.00   84.96
Average:     all   14.30    0.00    0.44    0.00    0.00    0.00    0.00    0.00   85.27
Average:     all   14.37    0.00    0.36    0.00    0.00    0.00    0.00    0.00   85.27
Average:     all   14.50    0.00    0.29    3.70    0.00    0.00    0.00    0.00   81.51
Average:     all   14.25    0.00    0.29    0.22    0.00    0.00    0.00    0.00   85.24
Average:     all   13.76    0.00    0.29    1.09    0.00    0.00    0.00    0.00   84.87
Average:     all   14.19    0.00    0.51    0.00    0.00    0.00    0.00    0.00   85.30
Average:     all   14.39    0.00    0.29    0.15    0.00    0.00    0.00    0.00   85.17
Average:     all   13.85    0.00    0.44    0.73    0.00    0.00    0.00    0.00   84.99
Average:     all   14.35    0.00    0.29    0.00    0.00    0.00    0.00    0.00   85.36
Average:     all   14.51    0.00    0.37    0.95    0.00    0.00    0.00    0.00   84.18
Average:     all   14.52    0.00    0.29    0.00    0.00    0.00    0.00    0.00   85.19
Average:     all   14.47    0.00    0.37    0.00    0.00    0.00    0.00    0.00   85.16
Average:     all   14.45    0.00    0.36    3.94    0.00    0.00    0.00    0.00   81.24
Average:     all   13.59    0.00    0.36    0.87    0.00    0.00    0.00    0.00   85.17
Average:     all   14.35    0.00    0.36    1.52    0.00    0.00    0.00    0.00   83.77
Average:     all   14.59    0.00    0.22    0.15    0.00    0.00    0.00    0.00   85.05
Average:     all   14.36    0.00    0.36    0.07    0.00    0.00    0.00    0.00   85.20
Average:     all   13.87    0.00    0.29    5.15    0.00    0.00    0.00    0.00   80.70
Average:     all   14.54    0.00    0.22    0.00    0.00    0.00    0.00    0.00   85.24
Average:     all   12.82    0.00    0.50    2.09    0.00    0.00    0.00    0.00   84.58
Average:     all   13.13    0.00    0.35    0.98    0.00    0.00    0.00    0.00   85.53
Average:     all   14.31    0.00    0.29    0.29    0.00    0.00    0.00    0.00   85.11
Average:     all   14.35    0.00    0.58    0.29    0.00    0.00    0.00    0.00   84.78
Average:     all   14.17    0.00    0.36    0.00    0.00    0.00    0.00    0.00   85.47
Average:     all   14.49    0.00    0.22    3.35    0.00    0.00    0.00    0.00   81.94
Average:     all   14.50    0.00    0.29    0.00    0.00    0.00    0.00    0.00   85.20
Average:     all   12.92    0.00    0.21    1.42    0.00    0.00    0.00    0.00   85.45
Average:     all   14.66    0.00    0.15    5.06    0.00    0.00    0.00    0.00   80.13
Average:     all   14.49    0.00    0.44    0.00    0.00    0.00    0.00    0.00   85.07
Average:     all   12.65    0.00    0.35    1.82    0.00    0.00    0.00    0.00   85.19
Average:     all   14.26    0.00    0.29    0.29    0.00    0.00    0.00    0.00   85.15
Average:     all   14.26    0.00    0.37    0.29    0.00    0.00    0.00    0.00   85.08
Average:     all   12.96    0.00    0.35    1.54    0.00    0.00    0.00    0.00   85.15
Average:     all   13.42    0.00    0.36    1.60    0.00    0.00    0.00    0.00   84.63
Average:     all   13.74    0.00    0.29    1.02    0.00    0.00    0.00    0.00   84.96
Average:     all   13.67    0.00    0.42    0.35    0.00    0.00    0.00    0.00   85.55
Average:     all   14.36    0.00    0.36    0.15    0.00    0.00    0.00    0.00   85.13
Average:     all   13.60    0.00    0.36    2.68    0.00    0.00    0.00    0.00   83.36
Average:     all   13.91    0.00    0.35    0.00    0.00    0.00    0.00    0.00   85.73
Average:     all   14.20    0.00    0.36    0.58    0.00    0.00    0.00    0.00   84.85
Average:     all   14.57    0.00    0.29    0.00    0.00    0.00    0.00    0.00   85.14
Average:     all   14.31    0.00    0.36    0.00    0.00    0.00    0.07    0.00   85.26
Average:     all   13.88    0.00    0.29    1.54    0.00    0.00    0.00    0.00   84.29
Average:     all   14.34    0.00    0.36    0.15    0.00    0.00    0.00    0.00   85.15
Average:     all   14.44    0.00    0.44    0.22    0.00    0.00    0.00    0.00   84.90
Average:     all   14.41    0.00    0.36    0.07    0.00    0.00    0.00    0.00   85.15
Average:     all   13.11    0.00    0.36    2.02    0.00    0.00    0.00    0.00   84.51
Average:     all   14.31    0.00    0.43    0.43    0.00    0.00    0.00    0.00   84.83
Average:     all   13.67    0.00    0.49    0.00    0.00    0.00    0.00    0.00   85.84
Average:     all   14.24    0.00    0.29    0.44    0.00    0.00    0.00    0.00   85.03
Average:     all   14.61    0.00    0.22    0.00    0.00    0.00    0.00    0.00   85.17
Average:     all   14.21    0.00    0.43    0.14    0.00    0.00    0.07    0.00   85.14
Average:     all   14.58    0.00    0.29    0.29    0.00    0.00    0.00    0.00   84.84
Average:     all   14.63    0.00    0.29    0.00    0.00    0.00    0.00    0.00   85.08
Average:     all   13.49    0.00    0.36    2.16    0.00    0.00    0.00    0.00   83.98
Average:     all   14.40    0.00    0.36    0.00    0.00    0.00    0.00    0.00   85.24
Average:     all   12.62    0.00    0.40    0.79    0.00    0.00    0.00    0.00   86.19
Average:     all   13.66    0.00    0.29    0.72    0.00    0.00    0.00    0.00   85.33
Average:     all   14.55    0.00    0.29    0.00    0.00    0.00    0.00    0.00   85.16
Average:     all   13.66    0.00    0.29    2.17    0.00    0.00    0.00    0.00   83.89
Average:     all   13.68    0.00    0.36    0.72    0.00    0.00    0.00    0.00   85.24
Average:     all   14.49    0.00    0.36    0.51    0.00    0.00    0.00    0.00   84.63
Average:     all   14.48    0.00    0.29    0.00    0.00    0.00    0.00    0.00   85.23
Average:     all   14.33    0.00    0.44    0.00    0.00    0.00    0.00    0.00   85.24
Average:     all   14.23    0.00    0.29    0.65    0.00    0.00    0.00    0.00   84.82
Average:     all   13.99    0.00    0.29    0.51    0.00    0.00    0.00    0.00   85.22
Average:     all   13.96    0.00    0.43    1.08    0.00    0.00    0.00    0.00   84.53
Average:     all   14.32    0.00    0.51    0.07    0.00    0.00    0.00    0.00   85.10
Average:     all   13.89    0.00    0.36    0.51    0.00    0.00    0.00    0.00   85.24
Average:     all   14.48    0.00    0.14    1.01    0.00    0.00    0.00    0.00   84.36
Average:     all   14.45    0.00    0.29    0.07    0.00    0.00    0.00    0.00   85.19
Average:     all   12.81    0.00    0.40    0.74    0.00    0.00    0.00    0.00   86.05
Average:     all   14.40    0.00    0.22    0.00    0.00    0.00    0.00    0.00   85.38
Average:     all   14.46    0.00    0.29    0.00    0.00    0.00    0.00    0.00   85.25
Average:     all   14.48    0.00    0.29    1.31    0.00    0.00    0.00    0.00   83.92
Average:     all   14.46    0.00    0.29    0.00    0.00    0.00    0.00    0.00   85.25
Average:     all   12.73    0.00    0.21    2.07    0.00    0.00    0.00    0.00   84.98
Average:     all   14.44    0.00    0.36    0.00    0.00    0.00    0.07    0.00   85.12
Average:     all   14.29    0.00    0.36    0.22    0.00    0.00    0.00    0.00   85.13
Average:     all   13.84    0.00    0.29    2.01    0.00    0.00    0.00    0.00   83.87
Average:     all   14.16    0.00    0.43    0.00    0.00    0.00    0.00    0.00   85.41
Average:     all   12.63    0.00    0.21    2.43    0.00    0.00    0.00    0.00   84.73
Average:     all   13.39    0.00    0.27    0.00    0.00    0.00    0.00    0.00   86.34
Average:     all   14.10    0.00    0.22    0.43    0.00    0.00    0.00    0.00   85.25
Average:     all   13.88    0.00    0.43    0.80    0.00    0.00    0.00    0.00   84.89
Average:     all   14.43    0.00    0.36    0.00    0.00    0.00    0.00    0.00   85.21
Average:     all   12.96    0.00    0.27    1.23    0.00    0.00    0.00    0.00   85.53
Average:     all   13.62    0.00    0.14    0.94    0.00    0.00    0.00    0.00   85.30
Average:     all   14.12    0.00    0.29    0.22    0.00    0.00    0.00    0.00   85.38
Average:     all   14.06    0.00    0.29    1.08    0.00    0.00    0.00    0.00   84.57
Average:     all   13.12    0.00    0.36    1.15    0.00    0.00    0.07    0.00   85.30
Average:     all   14.21    0.00    0.43    1.23    0.00    0.00    0.00    0.00   84.13
Average:     all   14.28    0.00    0.43    0.00    0.00    0.00    0.00    0.00   85.29
Average:     all   14.36    0.00    0.36    0.00    0.00    0.00    0.00    0.00   85.28
Average:     all   14.19    0.00    0.36    0.80    0.00    0.00    0.00    0.00   84.65
Average:     all   14.17    0.00    0.21    0.00    0.00    0.00    0.00    0.00   85.61
Average:     all    9.54    0.00    2.66    2.88    0.00    0.00    0.00    0.00   84.92
Average:     all   14.36    0.00    0.44    0.00    0.00    0.00    0.00    0.00   85.21
Average:     all   13.24    0.00    0.20    0.00    0.00    0.00    0.00    0.00   86.56
Average:     all   13.11    0.00    0.43    1.35    0.00    0.00    0.00    0.00   85.12
Average:     all   14.38    0.00    0.29    0.14    0.00    0.00    0.00    0.00   85.19
Average:     all   13.12    0.00    0.42    2.08    0.00    0.00    0.00    0.00   84.38
Average:     all   14.01    0.00    0.29    0.29    0.00    0.00    0.00    0.00   85.42
Average:     all   13.49    0.00    0.43    0.71    0.00    0.00    0.00    0.00   85.37
Average:     all   14.31    0.00    0.36    0.72    0.00    0.00    0.00    0.00   84.61
Average:     all   14.16    0.00    0.36    0.07    0.00    0.00    0.00    0.00   85.40
Average:     all   14.04    0.00    0.43    0.72    0.00    0.00    0.00    0.00   84.81
Average:     all   14.29    0.00    0.44    0.00    0.00    0.00    0.00    0.00   85.28
Average:     all   14.10    0.00    0.22    0.29    0.00    0.00    0.00    0.00   85.40
Average:     all   14.09    0.00    0.57    1.36    0.00    0.00    0.00    0.00   83.98
Average:     all   14.27    0.00    0.43    0.00    0.00    0.00    0.00    0.00   85.30
Average:     all   13.25    0.00    0.28    1.41    0.00    0.00    0.00    0.00   85.06
Average:     all   14.27    0.00    0.29    0.00    0.00    0.00    0.00    0.00   85.45
Average:     all   14.22    0.00    0.43    0.00    0.00    0.00    0.00    0.00   85.34
Average:     all   13.93    0.00    0.29    2.51    0.00    0.00    0.00    0.00   83.27
Average:     all   14.31    0.00    0.29    0.00    0.00    0.00    0.00    0.00   85.41
Average:     all   14.19    0.00    0.22    3.75    0.00    0.00    0.00    0.00   81.84
Average:     all   14.25    0.00    0.36    0.00    0.00    0.00    0.00    0.00   85.39
Average:     all   14.11    0.00    0.43    0.00    0.00    0.00    0.00    0.00   85.46
Average:     all   14.35    0.00    0.29    0.36    0.00    0.00    0.00    0.00   85.01
Average:     all   14.05    0.00    0.43    0.07    0.00    0.00    0.00    0.00   85.45
Average:     all   14.19    0.00    0.36    0.14    0.00    0.00    0.00    0.00   85.31
Average:     all   13.94    0.00    0.36    0.36    0.00    0.00    0.00    0.00   85.34
Average:     all   14.33    0.00    0.36    0.00    0.00    0.00    0.00    0.00   85.31
Average:     all   14.15    0.00    0.28    2.99    0.00    0.00    0.00    0.00   82.57
Average:     all   14.24    0.00    0.29    0.00    0.00    0.00    0.00    0.00   85.47
Average:     all   14.23    0.00    0.29    0.50    0.00    0.00    0.00    0.00   84.97
Average:     all   14.20    0.00    0.28    0.00    0.00    0.00    0.00    0.00   85.51
Average:     all   14.08    0.00    0.36    0.29    0.00    0.00    0.00    0.00   85.27
Average:     all   13.30    0.00    0.29    1.29    0.00    0.00    0.00    0.00   85.12
Average:     all   14.10    0.00    0.21    0.07    0.00    0.00    0.00    0.00   85.61
Average:     all   14.27    0.00    0.29    5.12    0.00    0.00    0.00    0.00   80.33
Average:     all   14.03    0.00    0.35    0.00    0.00    0.00    0.00    0.00   85.61
Average:     all   11.24    0.00    2.79    0.64    0.00    0.00    0.00    0.00   85.33
Average:     all   14.24    0.00    0.36    0.29    0.00    0.00    0.00    0.00   85.11
Average:     all   13.37    0.00    0.28    0.56    0.00    0.00    0.00    0.00   85.79
Average:     all   14.27    0.00    0.36    6.20    0.00    0.00    0.00    0.00   79.18
Average:     all   13.45    0.00    0.43    0.79    0.00    0.00    0.00    0.00   85.34
Average:     all   13.84    0.00    0.35    0.35    0.00    0.00    0.00    0.00   85.46
Average:     all   14.38    0.00    0.22    0.14    0.00    0.00    0.00    0.00   85.26
Average:     all   13.87    0.00    0.35    0.00    0.00    0.00    0.00    0.00   85.78
Average:     all   14.23    0.00    0.29    7.12    0.00    0.00    0.00    0.00   78.36
Average:     all   14.17    0.00    0.43    0.00    0.00    0.00    0.00    0.00   85.40
Average:     all   13.37    0.00    0.41    0.27    0.00    0.00    0.00    0.00   85.95
Average:     all   13.86    0.00    0.29    0.43    0.00    0.00    0.00    0.00   85.43
Average:     all   14.33    0.00    0.22    0.00    0.00    0.00    0.00    0.00   85.46
Average:     all   13.75    0.00    0.42    0.07    0.00    0.00    0.00    0.00   85.76
Average:     all   14.15    0.00    0.22    0.14    0.00    0.00    0.00    0.00   85.49
Average:     all   14.33    0.00    0.29    0.22    0.00    0.00    0.00    0.00   85.17
Average:     all   13.64    0.00    0.36    0.57    0.00    0.00    0.00    0.00   85.43
Average:     all   13.66    0.00    0.43    0.50    0.00    0.00    0.00    0.00   85.41
Average:     all   13.31    0.00    0.28    1.42    0.00    0.00    0.00    0.00   84.98
Average:     all   14.39    0.00    0.29    0.00    0.00    0.00    0.00    0.00   85.32
Average:     all   14.17    0.00    0.36    0.29    0.00    0.00    0.00    0.00   85.18
Average:     all   14.26    0.00    0.43    0.00    0.00    0.00    0.00    0.00   85.32
Average:     all   14.39    0.00    0.29    0.00    0.00    0.00    0.00    0.00   85.32
Average:     all   14.18    0.00    0.36    1.73    0.00    0.00    0.00    0.00   83.73
Average:     all   13.98    0.00    0.36    0.21    0.00    0.00    0.00    0.00   85.45
Average:     all   14.26    0.00    0.29    1.22    0.00    0.00    0.00    0.00   84.24
Average:     all   14.01    0.00    0.36    0.36    0.00    0.00    0.00    0.00   85.27
Average:     all   14.05    0.00    0.35    0.00    0.00    0.00    0.00    0.00   85.59
Average:     all   14.46    0.00    0.36    0.29    0.00    0.00    0.00    0.00   84.89
Average:     all   13.33    0.00    0.29    0.86    0.00    0.00    0.00    0.00   85.53
Average:     all   14.21    0.00    0.36    0.14    0.00    0.00    0.00    0.00   85.28
Average:     all   13.65    0.00    0.29    0.50    0.00    0.00    0.00    0.00   85.56
Average:     all   14.29    0.00    0.36    0.00    0.00    0.00    0.00    0.00   85.36
Average:     all   14.08    0.00    0.35    0.14    0.00    0.00    0.00    0.00   85.42
Average:     all   13.48    0.00    0.50    0.78    0.00    0.00    0.00    0.00   85.24
Average:     all   14.29    0.00    0.43    0.22    0.00    0.00    0.00    0.00   85.07
Average:     all   13.94    0.00    0.49    0.00    0.00    0.00    0.00    0.00   85.56
Average:     all   14.15    0.00    0.36    0.00    0.00    0.00    0.00    0.00   85.49
Average:     all   14.27    0.00    0.22    1.00    0.00    0.00    0.00    0.00   84.52
Average:     all   14.12    0.00    0.57    0.00    0.00    0.00    0.00    0.00   85.30
Average:     all   12.89    0.00    0.21    2.69    0.00    0.00    0.00    0.00   84.21
Average:     all   14.04    0.00    0.50    0.00    0.00    0.00    0.00    0.00   85.46
Average:     all   14.08    0.00    0.36    0.00    0.00    0.00    0.00    0.00   85.56
Average:     all   14.07    0.00    0.57    0.86    0.00    0.00    0.00    0.00   84.49
Average:     all   14.28    0.00    0.29    0.07    0.00    0.00    0.00    0.00   85.37
Average:     all   14.18    0.00    0.43    0.43    0.00    0.00    0.00    0.00   84.96
Average:     all   14.18    0.00    0.29    0.07    0.00    0.00    0.00    0.00   85.46
Average:     all   14.37    0.00    0.29    0.00    0.00    0.00    0.00    0.00   85.35
Average:     all   14.02    0.00    0.57    0.14    0.00    0.00    0.00    0.00   85.26
Average:     all   13.51    0.00    0.28    0.78    0.00    0.00    0.00    0.00   85.42
Average:     all   13.97    0.00    0.36    0.29    0.00    0.00    0.07    0.00   85.32
Average:     all   14.18    0.00    0.43    0.00    0.00    0.00    0.00    0.00   85.39
Average:     all   14.10    0.00    0.36    0.00    0.00    0.00    0.00    0.00   85.54
Average:     all   12.94    0.00    0.42    3.88    0.00    0.00    0.00    0.00   82.77
Average:     all   12.80    0.00    0.28    2.05    0.00    0.00    0.00    0.00   84.87
Average:     all   13.43    0.00    0.21    1.21    0.00    0.00    0.00    0.00   85.15
Average:     all   14.26    0.00    0.36    0.00    0.00    0.00    0.00    0.00   85.39
Average:     all   14.10    0.00    0.43    0.00    0.00    0.00    0.00    0.00   85.47
Average:     all   14.23    0.00    0.36    1.43    0.00    0.00    0.00    0.00   83.98
Average:     all   14.32    0.00    0.21    0.00    0.00    0.00    0.00    0.00   85.47
Average:     all   13.39    0.00    0.43    0.93    0.00    0.00    0.00    0.00   85.26
Average:     all   13.19    0.00    0.42    0.69    0.00    0.00    0.00    0.00   85.70
Average:     all   14.24    0.00    0.29    0.00    0.00    0.00    0.00    0.00   85.47
Average:     all   14.18    0.00    0.43    0.29    0.00    0.00    0.00    0.00   85.10
Average:     all   13.44    0.00    0.20    0.27    0.00    0.00    0.00    0.00   86.08
Average:     all   14.17    0.00    0.36    0.50    0.00    0.00    0.00    0.00   84.97
Average:     all   13.19    0.00    0.35    0.99    0.00    0.00    0.00    0.00   85.46
Average:     all   13.35    0.00    0.27    0.27    0.00    0.00    0.00    0.00   86.10
Average:     all   14.26    0.00    0.36    0.29    0.00    0.00    0.00    0.00   85.10
Average:     all   14.28    0.00    0.29    0.07    0.00    0.00    0.00    0.00   85.37
Average:     all   13.98    0.00    0.21    2.92    0.00    0.00    0.00    0.00   82.88
Average:     all   13.95    0.00    0.36    0.29    0.00    0.00    0.00    0.00   85.41
Average:     all   13.59    0.00    0.36    0.57    0.00    0.00    0.00    0.00   85.48
Average:     all   13.48    0.00    0.27    0.61    0.00    0.00    0.00    0.00   85.64
Average:     all   14.32    0.00    0.29    0.00    0.00    0.00    0.00    0.00   85.40
Average:     all   13.12    0.00    0.43    1.21    0.00    0.00    0.00    0.00   85.25
Average:     all   12.97    0.00    0.35    0.76    0.00    0.00    0.00    0.00   85.92
Average:     all   12.94    0.00    0.28    1.63    0.00    0.00    0.00    0.00   85.15
Average:     all   13.77    0.00    0.36    0.57    0.00    0.00    0.00    0.00   85.31
Average:     all   13.06    0.00    0.42    0.99    0.00    0.00    0.00    0.00   85.53
Average:     all   14.17    0.00    0.36    4.44    0.00    0.00    0.00    0.00   81.03
Average:     all   14.20    0.00    0.29    0.00    0.00    0.00    0.00    0.00   85.51
Average:     all   13.85    0.00    0.36    0.43    0.00    0.00    0.00    0.00   85.37
Average:     all   13.99    0.00    0.29    0.86    0.00    0.00    0.00    0.00   84.87
Average:     all   13.76    0.00    0.36    0.50    0.00    0.00    0.00    0.00   85.39
Average:     all   14.05    0.00    0.21    1.07    0.00    0.00    0.00    0.00   84.66
Average:     all   14.02    0.00    0.36    0.14    0.00    0.00    0.00    0.00   85.48
Average:     all   14.23    0.00    0.29    0.07    0.00    0.00    0.00    0.00   85.41
Average:     all   14.10    0.00    0.29    0.29    0.00    0.00    0.00    0.00   85.33
Average:     all   14.09    0.00    0.50    0.00    0.00    0.00    0.00    0.00   85.41
Average:     all   14.09    0.00    0.36    0.64    0.00    0.00    0.00    0.00   84.91
Average:     all   14.29    0.00    0.36    0.00    0.00    0.00    0.00    0.00   85.36
Average:     all   14.24    0.00    0.21    0.00    0.00    0.00    0.00    0.00   85.54
Average:     all   14.29    0.00    0.07    0.71    0.00    0.00    0.00    0.00   84.93
Average:     all   13.57    0.00    0.14    0.71    0.00    0.00    0.00    0.00   85.58
Average:     all   13.36    0.00    0.36    2.49    0.00    0.00    0.00    0.00   83.80
Average:     all   14.11    0.00    0.43    0.00    0.00    0.00    0.00    0.00   85.46
Average:     all   13.76    0.00    0.21    0.42    0.00    0.00    0.00    0.00   85.60
Average:     all   14.23    0.00    0.29    0.50    0.00    0.00    0.00    0.00   84.98
Average:     all   12.87    0.00    0.35    1.27    0.00    0.00    0.00    0.00   85.50
Average:     all   14.07    0.00    0.14    2.00    0.00    0.00    0.00    0.00   83.79
Average:     all   13.38    0.00    0.21    0.63    0.00    0.00    0.00    0.00   85.77
Average:     all   14.15    0.00    0.14    0.21    0.00    0.00    0.00    0.00   85.49
Average:     all   13.44    0.00    0.36    0.71    0.00    0.00    0.00    0.00   85.49
Average:     all   13.75    0.00    0.28    0.00    0.00    0.00    0.00    0.00   85.97
Average:     all   14.23    0.00    0.21    1.72    0.00    0.00    0.00    0.00   83.83
Average:     all   14.08    0.00    0.29    0.00    0.00    0.00    0.00    0.00   85.63
Average:     all   14.22    0.00    0.14    0.21    0.00    0.00    0.00    0.00   85.42
Average:     all   13.27    0.00    0.21    0.92    0.00    0.00    0.00    0.00   85.59
Average:     all   14.22    0.00    0.14    0.00    0.00    0.00    0.00    0.00   85.63
Average:     all   13.69    0.00    0.22    0.72    0.00    0.00    0.00    0.00   85.37
Average:     all   14.22    0.00    0.14    0.00    0.00    0.00    0.00    0.00   85.63
Average:     all   13.34    0.00    0.35    0.78    0.00    0.00    0.00    0.00   85.52
Average:     all   13.84    0.00    0.14    0.00    0.00    0.00    0.00    0.00   86.02
Average:     all   12.56    0.00    0.28    1.48    0.00    0.00    0.00    0.00   85.67
Average:     all   14.41    0.00    0.29    0.29    0.00    0.00    0.00    0.00   85.00
Average:     all   14.28    0.00    0.14    0.00    0.00    0.00    0.07    0.00   85.51
Average:     all   11.03    0.00    2.88    1.23    0.00    0.00    0.00    0.00   84.86
Average:     all   13.68    0.00    0.21    0.35    0.00    0.00    0.00    0.00   85.75
Average:     all   14.15    0.00    0.14    0.00    0.00    0.00    0.00    0.00   85.70
Average:     all   14.15    0.00    0.21    0.21    0.00    0.00    0.00    0.00   85.42
Average:     all   14.43    0.00    0.15    0.00    0.00    0.00    0.00    0.00   85.42
Average:     all   14.13    0.00    0.07    0.43    0.00    0.00    0.00    0.00   85.37
Average:     all   14.08    0.00    0.21    0.00    0.00    0.00    0.00    0.00   85.70
Average:     all   14.17    0.00    0.07    0.00    0.00    0.00    0.00    0.00   85.76
Average:     all   13.98    0.00    0.21    0.43    0.00    0.00    0.00    0.00   85.38
Average:     all   14.08    0.00    0.21    0.00    0.00    0.00    0.00    0.00   85.70
Average:     all   13.20    0.00    0.14    1.35    0.00    0.00    0.00    0.00   85.31
Average:     all   14.23    0.00    0.14    0.00    0.00    0.00    0.00    0.00   85.62
Average:     all   14.08    0.00    0.29    0.00    0.00    0.00    0.00    0.00   85.63
Average:     all   14.00    0.00    0.14    1.21    0.00    0.00    0.00    0.00   84.64
Average:     all   14.19    0.00    0.22    0.00    0.00    0.00    0.00    0.00   85.59
Average:     all   14.21    0.00    0.21    0.29    0.00    0.00    0.00    0.00   85.29
Average:     all   13.93    0.00    0.36    0.21    0.00    0.00    0.00    0.00   85.50
Average:     all   14.20    0.00    0.14    0.00    0.00    0.00    0.00    0.00   85.65
Average:     all   12.36    0.00    0.07    3.09    0.00    0.00    0.07    0.00   84.41
Average:     all   13.06    0.00    0.14    1.32    0.00    0.00    0.00    0.00   85.49
Average:     all   14.23    0.00    0.21    0.29    0.00    0.00    0.00    0.00   85.26
Average:     all   12.26    0.00    1.78    0.57    0.00    0.00    0.00    0.00   85.39
Average:     all   13.14    0.00    0.28    0.85    0.00    0.00    0.00    0.00   85.72
Average:     all   13.59    0.00    0.28    1.21    0.00    0.00    0.00    0.00   84.91
Average:     all   14.16    0.00    0.21    0.07    0.00    0.00    0.00    0.00   85.55
Average:     all   13.05    0.00    0.43    2.27    0.00    0.00    0.00    0.00   84.26
Average:     all   14.16    0.00    0.29    0.00    0.00    0.00    0.00    0.00   85.55
Average:     all   14.11    0.00    0.36    0.00    0.00    0.00    0.00    0.00   85.53
Average:     all   13.51    0.00    0.28    1.00    0.00    0.00    0.00    0.00   85.21
Average:     all   13.94    0.00    0.21    0.00    0.00    0.00    0.00    0.00   85.85
Average:     all   13.53    0.00    0.36    1.64    0.00    0.00    0.00    0.00   84.47
Average:     all   13.33    0.00    0.21    0.85    0.00    0.00    0.00    0.00   85.60
Average:     all   12.23    0.00    0.21    1.83    0.00    0.00    0.00    0.00   85.73
Average:     all   13.78    0.00    0.35    0.28    0.00    0.00    0.00    0.00   85.59
Average:     all   14.31    0.00    0.14    0.00    0.00    0.00    0.00    0.00   85.55
Average:     all   13.77    0.00    0.14    1.11    0.00    0.00    0.00    0.00   84.98
Average:     all   14.25    0.00    0.07    0.29    0.00    0.00    0.00    0.00   85.38
Average:     all   14.41    0.00    0.07    0.00    0.00    0.00    0.00    0.00   85.52
Average:     all   14.16    0.00    0.21    1.79    0.00    0.00    0.00    0.00   83.83
Average:     all   14.57    0.00    0.22    0.00    0.00    0.00    0.00    0.00   85.21
Average:     all   14.15    0.00    0.29    0.21    0.00    0.00    0.00    0.00   85.35
Average:     all   14.01    0.00    0.29    0.07    0.00    0.00    0.00    0.00   85.63
Average:     all   14.30    0.00    0.14    0.00    0.00    0.00    0.00    0.00   85.56
Average:     all   13.68    0.00    0.21    0.64    0.00    0.00    0.00    0.00   85.46
Average:     all   14.07    0.00    0.21    0.07    0.00    0.00    0.00    0.00   85.64
Average:     all   13.16    0.00    0.21    2.56    0.00    0.00    0.00    0.00   84.07
Average:     all   13.74    0.00    0.21    0.43    0.00    0.00    0.00    0.00   85.62
Average:     all   14.23    0.00    0.14    0.00    0.00    0.00    0.00    0.00   85.62
Average:     all   13.23    0.00    0.14    3.68    0.00    0.00    0.00    0.00   82.94
Average:     all   14.32    0.00    0.14    0.00    0.00    0.00    0.00    0.00   85.54
Average:     all   14.08    0.00    0.28    0.28    0.00    0.00    0.00    0.00   85.35
Average:     all   13.58    0.00    0.21    0.50    0.00    0.00    0.00    0.00   85.70
Average:     all   14.06    0.00    0.21    0.00    0.00    0.00    0.00    0.00   85.72
Average:     all   13.04    0.00    0.35    1.06    0.00    0.00    0.00    0.00   85.54
Average:     all   14.07    0.00    0.21    0.14    0.00    0.00    0.00    0.00   85.57
Average:     all   13.85    0.00    0.21    1.21    0.00    0.00    0.00    0.00   84.73
Average:     all   14.08    0.00    0.14    0.00    0.00    0.00    0.00    0.00   85.77
Average:     all   13.88    0.00    0.35    0.00    0.00    0.00    0.00    0.00   85.76
Average:     all   14.31    0.00    0.21    0.29    0.00    0.00    0.00    0.00   85.19
Average:     all   13.78    0.00    0.28    0.28    0.00    0.00    0.00    0.00   85.66
Average:     all   14.32    0.00    0.29    1.36    0.00    0.00    0.00    0.00   84.04
Average:     all   13.49    0.00    0.14    0.42    0.00    0.00    0.00    0.00   85.95
Average:     all   13.75    0.00    0.28    0.43    0.00    0.00    0.00    0.00   85.54
Average:     all   13.54    0.00    0.21    3.35    0.00    0.00    0.07    0.00   82.83
Average:     all   14.16    0.00    0.14    0.00    0.00    0.00    0.00    0.00   85.69
Average:     all   12.73    0.00    0.21    3.11    0.00    0.00    0.00    0.00   83.94
Average:     all   14.30    0.00    0.14    0.00    0.00    0.00    0.00    0.00   85.56
Average:     all   11.83    0.00    0.27    1.92    0.00    0.00    0.00    0.00   85.98
Average:     all   13.57    0.00    0.35    0.56    0.00    0.00    0.00    0.00   85.53
Average:     all   14.17    0.00    0.14    0.00    0.00    0.00    0.00    0.00   85.68
Average:     all   12.72    0.00    0.28    2.76    0.00    0.00    0.00    0.00   84.24
Average:     all   14.24    0.00    0.14    0.00    0.00    0.00    0.00    0.00   85.61
Average:     all   13.93    0.00    0.14    0.21    0.00    0.00    0.00    0.00   85.71
Average:     all   14.08    0.00    0.43    0.21    0.00    0.00    0.00    0.00   85.28
Average:     all   14.14    0.00    0.29    0.00    0.00    0.00    0.00    0.00   85.57
Average:     all   13.75    0.00    0.14    0.83    0.00    0.00    0.00    0.00   85.28
Average:     all   13.16    0.00    0.07    1.06    0.00    0.00    0.07    0.00   85.63
Average:     all   14.16    0.00    0.07    0.00    0.00    0.00    0.00    0.00   85.77
Average:     all   13.84    0.00    0.21    0.50    0.00    0.00    0.00    0.00   85.45
Average:     all   14.38    0.00    0.15    0.30    0.00    0.00    0.00    0.00   85.17
Average:     all   12.95    0.00    0.14    1.27    0.00    0.00    0.00    0.00   85.63
Average:     all   14.67    0.00    0.22    0.00    0.00    0.00    0.00    0.00   85.11
Average:     all   13.57    0.00    0.21    0.50    0.00    0.00    0.00    0.00   85.71
Average:     all   14.64    0.00    0.22    3.36    0.00    0.00    0.00    0.00   81.78
Average:     all   13.38    0.00    0.34    0.07    0.00    0.00    0.00    0.00   86.21
Average:     all   14.31    0.00    0.21    2.29    0.00    0.00    0.00    0.00   83.19
Average:     all   14.22    0.00    0.14    0.00    0.00    0.00    0.00    0.00   85.63
Average:     all   13.74    0.00    0.14    0.50    0.00    0.00    0.00    0.00   85.62
Average:     all   13.90    0.00    0.22    4.54    0.00    0.00    0.00    0.00   81.34
Average:     all   14.15    0.00    0.14    0.00    0.00    0.00    0.00    0.00   85.70
Average:     all   14.96    0.00    0.15    2.56    0.00    0.00    0.00    0.00   82.33
Average:     all   13.17    0.00    0.20    0.34    0.00    0.00    0.00    0.00   86.29
Average:     all   14.09    0.00    0.21    0.07    0.00    0.00    0.00    0.00   85.62
Average:     all   12.83    0.00    0.21    1.62    0.00    0.00    0.00    0.00   85.33
Average:     all   14.08    0.00    0.29    0.00    0.00    0.00    0.00    0.00   85.63
Average:     all   14.24    0.00    0.21    3.22    0.00    0.00    0.00    0.00   82.32
Average:     all   14.15    0.00    0.21    0.00    0.00    0.00    0.00    0.00   85.63
Average:     all   14.21    0.00    0.14    0.00    0.00    0.00    0.00    0.00   85.64
Average:     all   14.24    0.00    0.22    0.14    0.00    0.00    0.00    0.00   85.39
Average:     all   14.84    0.00    0.23    0.15    0.00    0.00    0.00    0.00   84.78
Average:     all   14.70    0.00    0.15    1.29    0.00    0.00    0.00    0.00   83.86
Average:     all   16.54    0.00    0.17    0.00    0.00    0.00    0.00    0.00   83.29
Average:     all   17.11    0.00    0.17    0.00    0.00    0.00    0.00    0.00   82.71
Average:     all   14.50    0.00    0.07    1.47    0.00    0.00    0.00    0.00   83.96
Average:     all   14.56    0.00    0.15    0.00    0.00    0.00    0.00    0.00   85.29
Average:     all   14.77    0.00    0.15    1.57    0.00    0.00    0.00    0.00   83.52
Average:     all   14.89    0.00    0.15    0.23    0.00    0.00    0.00    0.00   84.73
Average:     all   15.05    0.00    0.08    0.08    0.00    0.00    0.00    0.00   84.80
Average:     all   13.94    0.00    0.29    0.58    0.00    0.00    0.00    0.00   85.18
Average:     all   15.18    0.00    0.08    0.08    0.00    0.00    0.00    0.00   84.66
Average:     all   15.33    0.00    0.15    5.39    0.00    0.00    0.00    0.00   79.12
Average:     all   15.11    0.00    0.15    0.15    0.00    0.00    0.00    0.00   84.59
Average:     all   13.99    0.00    0.29    0.07    0.00    0.00    0.00    0.00   85.65
Average:     all   14.02    0.00    0.14    0.79    0.00    0.00    0.00    0.00   85.04
Average:     all   14.32    0.00    0.14    0.00    0.00    0.00    0.07    0.00   85.47
Average:     all   12.50    0.00    0.21    1.92    0.00    0.00    0.00    0.00   85.37
Average:     all   13.89    0.00    0.07    0.43    0.00    0.00    0.00    0.00   85.60
Average:     all   13.99    0.00    0.22    0.22    0.00    0.00    0.00    0.00   85.58
Average:     all   13.29    0.00    0.14    1.08    0.00    0.00    0.00    0.00   85.49
Average:     all   14.33    0.00    0.14    0.00    0.00    0.00    0.00    0.00   85.53
Average:     all   14.33    0.00    0.22    0.29    0.00    0.00    0.00    0.00   85.17
Average:     all   13.73    0.00    0.21    0.57    0.00    0.00    0.00    0.00   85.48
Average:     all   14.36    0.00    0.15    0.22    0.00    0.00    0.00    0.00   85.28
Average:     all   13.51    0.00    0.21    0.64    0.00    0.00    0.00    0.00   85.63
Average:     all   13.97    0.00    0.07    0.44    0.00    0.00    0.00    0.00   85.52
Average:     all   14.47    0.00    0.15    0.36    0.00    0.00    0.00    0.00   85.02
Average:     all   14.18    0.00    0.00    0.29    0.00    0.00    0.00    0.00   85.53
Average:     all   13.77    0.00    0.15    1.02    0.00    0.00    0.00    0.00   85.07
Average:     all   13.54    0.00    0.07    0.94    0.00    0.00    0.00    0.00   85.45
Average:     all   14.51    0.00    0.15    0.00    0.00    0.00    0.00    0.00   85.35
Average:     all   14.20    0.00    0.22    0.59    0.00    0.00    0.00    0.00   84.99
Average:     all   14.53    0.00    0.22    0.00    0.00    0.00    0.00    0.00   85.25
Average:     all   14.50    0.00    0.15    0.37    0.00    0.00    0.00    0.00   84.99
Average:     all   14.37    0.00    0.22    0.22    0.00    0.00    0.00    0.00   85.19
Average:     all   14.17    0.00    0.14    0.00    0.00    0.00    0.00    0.00   85.68
Average:     all   14.71    0.00    0.22    0.37    0.00    0.00    0.00    0.00   84.70
Average:     all   14.49    0.00    0.07    0.22    0.00    0.00    0.00    0.00   85.22
Average:     all   14.50    0.00    0.00    1.48    0.00    0.00    0.00    0.00   84.02
Average:     all   12.98    0.00    0.14    1.58    0.00    0.00    0.00    0.00   85.29
Average:     all   15.04    0.00    0.08    0.00    0.00    0.00    0.00    0.00   84.88
Average:     all   14.89    0.00    0.07    1.27    0.00    0.00    0.00    0.00   83.77
Average:     all   14.86    0.00    0.15    0.00    0.00    0.00    0.00    0.00   84.99
Average:     all   14.86    0.00    0.07    0.30    0.00    0.00    0.00    0.00   84.76
Average:     all   14.26    0.00    0.15    0.67    0.00    0.00    0.00    0.00   84.92
Average:     all   14.56    0.00    0.07    0.30    0.00    0.00    0.00    0.00   85.06
Average:     all   14.13    0.00    0.07    0.97    0.00    0.00    0.00    0.00   84.83
Average:     all   14.96    0.00    0.00    0.00    0.00    0.00    0.00    0.00   85.04
Average:     all   14.63    0.00    0.08    0.68    0.00    0.00    0.00    0.00   84.62
Average:     all   14.41    0.00    0.07    0.00    0.00    0.00    0.00    0.00   85.52
Average:     all   14.53    0.00    0.00    0.00    0.00    0.00    0.00    0.00   85.47
Average:     all   13.91    0.00    0.14    1.15    0.00    0.00    0.00    0.00   84.80
Average:     all   14.19    0.00    0.15    0.29    0.00    0.00    0.00    0.00   85.37
Average:     all   14.59    0.00    0.07    1.40    0.00    0.00    0.00    0.00   83.94
Average:     all   14.53    0.00    0.07    0.00    0.00    0.00    0.00    0.00   85.40
Average:     all   13.96    0.00    0.15    0.58    0.00    0.00    0.00    0.00   85.31
Average:     all   14.44    0.00    0.22    0.96    0.00    0.00    0.00    0.00   84.37
Average:     all   14.52    0.00    0.29    0.00    0.00    0.00    0.00    0.00   85.19
Average:     all   14.69    0.00    0.22    0.60    0.00    0.00    0.00    0.00   84.49
Average:     all   14.82    0.00    0.22    0.00    0.00    0.00    0.00    0.00   84.96
Average:     all   14.92    0.00    0.15    0.07    0.00    0.00    0.00    0.00   84.86
Average:     all   14.46    0.00    0.22    1.95    0.00    0.00    0.00    0.00   83.37
Average:     all   14.87    0.00    0.15    0.00    0.00    0.00    0.00    0.00   84.98
Average:     all   14.83    0.00    0.15    2.57    0.00    0.00    0.00    0.00   82.45
Average:     all   15.02    0.00    0.15    0.08    0.00    0.00    0.00    0.00   84.75
Average:     all   13.98    0.00    0.07    0.58    0.00    0.00    0.00    0.00   85.36
Average:     all   14.66    0.00    0.15    0.15    0.00    0.00    0.00    0.00   85.04
Average:     all   14.09    0.00    0.14    0.22    0.00    0.00    0.00    0.00   85.55
Average:     all   14.30    0.00    0.22    3.46    0.00    0.00    0.00    0.00   82.02
Average:     all   14.03    0.00    0.22    0.66    0.00    0.00    0.00    0.00   85.08
Average:     all   14.14    0.00    0.07    0.52    0.00    0.00    0.00    0.00   85.27
Average:     all   14.51    0.00    0.22    3.44    0.00    0.00    0.00    0.00   81.83
Average:     all   14.68    0.00    0.15    0.00    0.00    0.00    0.00    0.00   85.17
Average:     all   14.67    0.00    0.22    0.07    0.00    0.00    0.07    0.00   84.96
Average:     all   14.77    0.00    0.07    0.07    0.00    0.00    0.00    0.00   85.08
Average:     all   11.50    0.00    0.07    3.25    0.00    0.00    0.00    0.00   85.18
Average:     all   14.61    0.00    0.30    0.89    0.00    0.00    0.00    0.00   84.20
Average:     all   14.85    0.00    0.22    0.00    0.00    0.00    0.00    0.00   84.93
Average:     all   14.03    0.00    0.15    1.56    0.00    0.00    0.00    0.00   84.26
