Average:       2    8.54    0.00    0.50    0.00    0.00    0.00    0.00    0.00    0.00   90.95
Average:       3    8.04    0.00    0.50    0.00    0.00    0.00    0.00    0.00    0.00   91.46
Average:       4   22.39    0.00    1.99    0.00    0.00    0.00    0.00    0.00    0.00   75.62
Average:       5   12.56    0.00    0.50    0.00    0.00    0.00    0.00    0.00    0.00   86.93
Average:       6   29.80    0.00    2.02    0.00    0.00    0.00    0.00    0.00    0.00   68.18
Average:       7    6.50    0.00    0.50    0.00    0.00    0.00    0.00    0.00    0.00   93.00
Average:       2   25.25    0.00    1.52    0.00    0.00    0.00    0.00    0.00    0.00   73.23
Average:       3   48.74    0.00    1.51    0.00    0.00    0.00    0.00    0.00    0.00   49.75
Average:       4   15.66    0.00    1.01    0.00    0.00    0.00    0.00    0.00    0.00   83.33
Average:       5    5.56    0.00    0.00    0.00    0.00    0.00    0.00    0.00    0.00   94.44
Average:       6    5.53    0.00    0.00    0.00    0.00    0.00    0.00    0.00    0.00   94.47
Average:       7   13.07    0.00    1.01    0.00    0.00    0.00    0.00    0.00    0.00   85.93
Average:       2   11.17    0.00    0.00    0.00    0.00    0.00    0.00    0.00    0.00   88.83
Average:       3    6.12    0.00    0.00    0.00    0.00    0.00    0.00    0.00    0.00   93.88
Average:       4   23.12    0.00    0.50    0.50    0.00    0.00    0.00    0.00    0.00   75.88
Average:       5   21.21    0.00    1.01    0.00    0.00    0.00    0.00    0.00    0.00   77.78
Average:       6   15.50    0.00    0.50    0.00    0.00    0.00    0.00    0.00    0.00   84.00
Average:       7   32.83    0.00    1.52    0.00    0.00    0.00    0.00    0.00    0.00   65.66
Average:       2   10.15    0.00    1.02    0.00    0.00    0.00    0.00    0.00    0.00   88.83
Average:       3   16.50    0.00    0.50    0.00    0.00    0.00    0.50    0.00    0.00   82.50
Average:       4   32.32    0.00    2.02    0.00    0.00    0.00    0.00    0.00    0.00   65.66
Average:       5   14.00    0.00    0.50    0.00    0.00    0.00    0.00    0.00    0.00   85.50
Average:       6   15.23    0.00    0.51    0.00    0.00    0.00    0.00    0.00    0.00   84.26
Average:       7   15.66    0.00    1.01    0.00    0.00    0.00    0.00    0.00    0.00   83.33
Average:       2   13.93    0.00    1.00    0.00    0.00    0.00    0.00    0.00    0.00   85.07
Average:       3   11.00    0.00    0.50    0.00    0.00    0.00    0.00    0.00    0.00   88.50
Average:       4   30.65    0.00    2.01    0.00    0.00    0.00    0.00    0.00    0.00   67.34
Average:       5   18.91    0.00    1.49    0.00    0.00    0.00    0.00    0.00    0.00   79.60
Average:       6    5.05    0.00    0.00    0.00    0.00    0.00    0.00    0.00    0.00   94.95
Average:       7   29.15    0.00    1.51    0.00    0.00    0.00    0.00    0.00    0.00   69.35
Average:       2   43.94    0.00    2.53    0.00    0.00    0.00    0.00    0.00    0.00   53.54
Average:       3    6.06    0.00    0.51    0.00    0.00    0.00    0.00    0.00    0.00   93.43
Average:       4   22.00    0.00    0.00    0.00    0.00    0.00    0.00    0.00    0.00   78.00
Average:       5   17.09    0.00    0.50    0.00    0.00    0.00    0.00    0.00    0.00   82.41
Average:       6    4.04    0.00    0.51    0.00    0.00    0.00    0.00    0.00    0.00   95.45
Average:       7   12.12    0.00    1.01    0.00    0.00    0.00    0.00    0.00    0.00   86.87
Average:       2   19.70    0.00    1.52    0.00    0.00    0.00    0.00    0.00    0.00   78.79
Average:       3    6.60    0.00    0.00    0.00    0.00    0.00    0.00    0.00    0.00   93.40
Average:       4   11.94    0.00    0.50    0.00    0.00    0.00    0.00    0.00    0.00   87.56
Average:       5   12.56    0.00    0.50    0.00    0.00    0.00    0.00    0.00    0.00   86.93
Average:       6   20.20    0.00    1.01    0.00    0.00    0.00    0.00    0.00    0.00   78.79
Average:       7   33.00    0.00    1.00    0.00    0.00    0.00    0.50    0.00    0.00   65.50
Average:       2   12.50    0.00    1.00    0.00    0.00    0.00    0.00    0.00    0.00   86.50
Average:       3    6.53    0.00    0.00    0.00    0.00    0.00    0.00    0.00    0.00   93.47
Average:       4   10.05    0.00    0.00    0.00    0.00    0.00    0.00    0.00    0.00   89.95
Average:       5   19.00    0.00    1.00    0.00    0.00    0.00    0.00    0.00    0.00   80.00
Average:       6    9.55    0.00    0.00    0.00    0.00    0.00    0.00    0.00    0.00   90.45
Average:       7   13.20    0.00    0.51    0.00    0.00    0.00    0.00    0.00    0.00   86.29
Average:       2   16.00    0.00    1.50    0.00    0.00    0.00    0.50    0.00    0.00   82.00
Average:       3   13.50    0.00    1.00    0.00    0.00    0.00    0.00    0.00    0.00   85.50
Average:       4   13.64    0.00    1.01    0.00    0.00    0.00    0.00    0.00    0.00   85.35
Average:       5   20.71    0.00    1.52    0.00    0.00    0.00    0.00    0.00    0.00   77.78
Average:       6   12.50    0.00    1.00    0.00    0.00    0.00    0.00    0.00    0.00   86.50
Average:       7   30.65    0.00    2.01    0.00    0.00    0.00    0.00    0.00    0.00   67.34
Average:       2    7.61    0.00    0.51    0.00    0.00    0.00    0.00    0.00    0.00   91.88
Average:       3   38.69    0.00    1.51    0.00    0.00    0.00    0.00    0.00    0.00   59.80
Average:       4   35.53    0.00    1.52    0.00    0.00    0.00    0.00    0.00    0.00   62.94
Average:       5    7.50    0.00    0.00    0.00    0.00    0.00    0.50    0.00    0.00   92.00
Average:       6    4.57    0.00    0.00    0.00    0.00    0.00    0.00    0.00    0.00   95.43
Average:       7    4.04    0.00    0.00    0.00    0.00    0.00    0.00    0.00    0.00   95.96
Average:       2    4.06    0.00    0.00    0.00    0.00    0.00    0.00    0.00    0.00   95.94
Average:       3   20.60    0.00    1.01    0.00    0.00    0.00    0.50    0.00    0.00   77.89
Average:       4   20.81    0.00    1.52    0.00    0.00    0.00    0.00    0.00    0.00   77.66
Average:       5   12.56    0.00    0.50    0.00    0.00    0.00    0.00    0.00    0.00   86.93
Average:       6   47.74    0.00    2.01    0.00    0.00    0.00    0.00    0.00    0.00   50.25
Average:       7    8.04    0.00    0.50    0.00    0.00    0.00    0.00    0.00    0.00   91.46
Average:       2    4.06    0.00    0.00    0.00    0.00    0.00    0.00    0.00    0.00   95.94
Average:       3    2.55    0.00    0.00    0.00    0.00    0.00    0.00    0.00    0.00   97.45
Average:       4   11.56    0.00    0.50    0.00    0.00    0.00    0.00    0.00    0.00   87.94
Average:       5   40.70    0.00    1.51    0.00    0.00    0.00    0.00    0.00    0.00   57.79
Average:       6   43.00    0.00    2.00    0.00    0.00    0.00    0.00    0.00    0.00   55.00
Average:       7    8.50    0.00    0.50    0.00    0.00    0.00    0.00    0.00    0.00   91.00
Average:       2    6.00    0.00    0.00    0.00    0.00    0.00    0.00    0.00    0.00   94.00
Average:       3   28.14    0.00    1.51    0.00    0.00    0.00    0.00    0.00    0.00   70.35
Average:       4   22.50    0.00    1.50    0.00    0.00    0.00    0.00    0.00    0.00   76.00
Average:       5    9.05    0.00    0.50    0.00    0.00    0.00    0.00    0.00    0.00   90.45
Average:       6   14.65    0.00    0.51    0.00    0.00    0.00    0.00    0.00    0.00   84.85
Average:       7   12.00    0.00    1.00    0.00    0.00    0.00    0.00    0.00    0.00   87.00
Average:       2   21.32    0.00    1.02    0.00    0.00    0.00    0.00    0.00    0.00   77.66
Average:       3    3.03    0.00    0.00    0.00    0.00    0.00    0.00    0.00    0.00   96.97
Average:       4    3.50    0.00    0.50    0.00    0.00    0.00    0.00    0.00    0.00   96.00
Average:       5   62.38    0.00    2.97    0.00    0.00    0.00    0.00    0.00    0.00   34.65
Average:       6   10.50    0.00    0.00    0.00    0.00    0.00    0.00    0.00    0.00   89.50
Average:       7    7.50    0.00    0.50    0.00    0.00    0.00    0.00    0.00    0.00   92.00
Average:       2   21.32    0.00    0.51    0.51    0.00    0.00    0.00    0.00    0.00   77.66
Average:       3   31.82    0.00    1.01    0.00    0.00    0.00    0.00    0.00    0.00   67.17
Average:       4   16.16    0.00    0.51    0.00    0.00    0.00    0.00    0.00    0.00   83.33
Average:       5    9.60    0.00    0.51    0.00    0.00    0.00    0.00    0.00    0.00   89.90
Average:       6    6.50    0.00    0.50    0.00    0.00    0.00    0.00    0.00    0.00   93.00
Average:       7   17.09    0.00    1.01    0.00    0.00    0.00    0.00    0.00    0.00   81.91
Average:       2   31.82    0.00    2.02    0.00    0.00    0.00    0.00    0.00    0.00   66.16
Average:       3    6.53    0.00    0.50    0.00    0.00    0.00    0.00    0.00    0.00   92.96
Average:       4    5.53    0.00    1.01    0.00    0.00    0.00    0.00    0.00    0.00   93.47
Average:       5    5.50    0.00    0.50    0.00    0.00    0.00    0.00    0.00    0.00   94.00
Average:       6   27.27    0.00    1.01    0.00    0.00    0.00    0.00    0.00    0.00   71.72
Average:       7   29.00    0.00    1.50    0.00    0.00    0.00    0.00    0.00    0.00   69.50
Average:       2   31.47    0.00    2.03    0.00    0.00    0.00    0.00    0.00    0.00   66.50
Average:       3   18.09    0.00    0.50    0.00    0.00    0.00    0.00    0.00    0.00   81.41
Average:       4    6.03    0.00    0.00    0.00    0.00    0.00    0.00    0.00    0.00   93.97
Average:       5    5.00    0.00    0.00    0.00    0.00    0.00    0.50    0.00    0.00   94.50
Average:       6   26.24    0.00    1.49    0.00    0.00    0.00    0.00    0.00    0.00   72.28
Average:       7   14.57    0.00    1.01    0.00    0.00    0.00    0.00    0.00    0.00   84.42
Average:       2   13.57    0.00    0.50    0.00    0.00    0.00    0.00    0.00    0.00   85.93
Average:       3    4.55    0.00    0.00    0.00    0.00    0.00    0.00    0.00    0.00   95.45
Average:       4   42.71    0.00    3.02    0.00    0.00    0.00    0.00    0.00    0.00   54.27
Average:       5    4.04    0.00    0.51    0.00    0.00    0.00    0.00    0.00    0.00   95.45
Average:       6   13.07    0.00    0.50    0.00    0.00    0.00    0.00    0.00    0.00   86.43
Average:       7    4.02    0.00    0.00    0.00    0.00    0.00    0.00    0.00    0.00   95.98
Average:       2    6.09    0.00    0.51    0.00    0.00    0.00    0.00    0.00    0.00   93.40
Average:       3   22.61    0.00    1.01    0.00    0.00    0.00    0.00    0.00    0.00   76.38
Average:       4   54.23    0.00    2.99    0.00    0.00    0.00    0.00    0.00    0.00   42.79
Average:       5    7.04    0.00    0.50    0.00    0.00    0.00    0.00    0.00    0.00   92.46
Average:       6    9.00    0.00    0.50    0.00    0.00    0.00    0.50    0.00    0.00   90.00
Average:       7    6.06    0.00    0.51    0.00    0.00    0.00    0.00    0.00    0.00   93.43
Average:       2   25.76    0.00    1.01    0.00    0.00    0.00    0.00    0.00    0.00   73.23
Average:       3   12.50    0.00    0.50    0.00    0.00    0.00    0.00    0.00    0.00   87.00
Average:       4    9.50    0.00    1.00    0.00    0.00    0.00    0.00    0.00    0.00   89.50
Average:       5    4.52    0.00    0.00    0.00    0.00    0.00    0.00    0.00    0.00   95.48
Average:       6   22.61    0.00    2.01    0.00    0.00    0.00    0.00    0.00    0.00   75.38
Average:       7    8.00    0.00    0.50    0.50    0.00    0.00    0.00    0.00    0.00   91.00
Average:       2    4.04    0.00    0.00    0.00    0.00    0.00    0.00    0.00    0.00   95.96
Average:       3   30.15    0.00    2.01    0.00    0.00    0.00    0.00    0.00    0.00   67.84
Average:       4   11.06    0.00    0.50    0.00    0.00    0.00    0.00    0.00    0.00   88.44
Average:       5   17.50    0.00    0.50    0.00    0.00    0.00    0.00    0.00    0.00   82.00
Average:       6    9.05    0.00    0.50    0.00    0.00    0.00    0.00    0.00    0.00   90.45
Average:       7    7.65    0.00    0.51    0.00    0.00    0.00    0.00    0.00    0.00   91.84
Average:       2   19.70    0.00    1.52    0.00    0.00    0.00    0.00    0.00    0.00   78.79
Average:       3   44.72    0.00    2.51    0.00    0.00    0.00    0.00    0.00    0.00   52.76
Average:       4    5.53    0.00    0.00    0.00    0.00    0.00    0.00    0.00    0.00   94.47
Average:       5    5.50    0.00    0.50    0.00    0.00    0.00    0.00    0.00    0.00   94.00
Average:       6   21.61    0.00    1.51    0.00    0.00    0.00    0.00    0.00    0.00   76.88
Average:       7   15.92    0.00    1.00    0.00    0.00    0.00    0.00    0.00    0.00   83.08
Average:       2    5.53    0.00    0.50    0.00    0.00    0.00    0.00    0.00    0.00   93.97
Average:       3    4.55    0.00    0.00    0.00    0.00    0.00    0.00    0.00    0.00   95.45
Average:       4   46.70    0.00    1.52    0.00    0.00    0.00    0.00    0.00    0.00   51.78
Average:       5    5.53    0.00    0.00    0.00    0.00    0.00    0.00    0.00    0.00   94.47
Average:       6   17.59    0.00    0.50    0.00    0.00    0.00    0.00    0.00    0.00   81.91
Average:       7   35.50    0.00    1.50    0.00    0.00    0.00    0.00    0.00    0.00   63.00
Average:       2    5.00    0.00    1.00    0.00    0.00    0.00    0.00    0.00    0.00   94.00
Average:       3   16.50    0.00    0.50    0.00    0.00    0.00    0.00    0.00    0.00   83.00
Average:       4   15.15    0.00    1.52    0.00    0.00    0.00    0.00    0.00    0.00   83.33
Average:       5   11.06    0.00    1.01    0.00    0.00    0.00    0.00    0.00    0.00   87.94
Average:       6    8.00    0.00    0.50    0.00    0.00    0.00    0.00    0.00    0.00   91.50
Average:       7   53.50    0.00    4.00    0.00    0.00    0.00    0.00    0.00    0.00   42.50
Average:       2    8.54    0.00    0.50    0.00    0.00    0.00    0.00    0.00    0.00   90.95
Average:       3    7.11    0.00    0.00    0.00    0.00    0.00    0.00    0.00    0.00   92.89
Average:       4    3.50    0.00    0.50    0.00    0.00    0.00    0.50    0.00    0.00   95.50
Average:       5   39.30    0.00    1.99    0.00    0.00    0.00    0.00    0.00    0.00   58.71
Average:       6    5.53    0.00    0.50    0.00    0.00    0.00    0.00    0.00    0.00   93.97
Average:       7   12.00    0.00    0.50    0.00    0.00    0.00    0.00    0.00    0.00   87.50
Average:       2   15.23    0.00    1.52    0.00    0.00    0.00    0.00    0.00    0.00   83.25
Average:       3   20.81    0.00    1.02    0.00    0.00    0.00    0.00    0.00    0.00   78.17
Average:       4    5.00    0.00    0.50    0.00    0.00    0.00    0.00    0.00    0.00   94.50
Average:       5   12.06    0.00    0.50    0.00    0.00    0.00    0.00    0.00    0.00   87.44
Average:       6   27.64    0.00    1.51    0.00    0.00    0.00    0.00    0.00    0.00   70.85
Average:       7    4.48    0.00    0.50    0.00    0.00    0.00    0.50    0.00    0.00   94.53
