Average:       1    0.31    0.00    0.63    6.27    0.00    0.00    0.00    0.00   92.79
Average:       1    0.25    0.00    0.50    0.50    0.00    0.00    0.00    0.00   98.74
Average:       1    0.00    0.00    0.76    0.00    0.00    0.00    0.00    0.00   99.24
Average:       1    0.00    0.00    0.50    0.00    0.00    0.00    0.00    0.00   99.50
Average:       1    0.25    0.00    0.51    0.00    0.00    0.00    0.00    0.00   99.24
Average:       1    0.25    0.00    0.25    0.25    0.00    0.00    0.00    0.00   99.25
Average:       1    0.00    0.00    0.51    3.29    0.00    0.00    0.00    0.00   96.20
Average:       1    0.00    0.00    1.02    0.25    0.00    0.00    0.00    0.00   98.73
Average:       1    0.26    0.00    2.58    0.00    0.00    0.00    0.00    0.00   97.16
Average:       1    0.25    0.00    1.02    0.00    0.00    0.00    0.00    0.00   98.73
Average:       1    0.26    0.00    2.32    0.00    0.00    0.26    0.00    0.00   97.16
Average:       1    0.00    0.00    0.93    0.62    0.00    0.00    0.00    0.00   98.44
Average:       1    0.55    0.00    0.55    0.00    0.00    0.00    0.00    0.00   98.89
Average:       1    0.00    0.00    0.93    9.63    0.00    0.00    0.00    0.00   89.44
Average:       1    0.00    0.00    0.76    0.00    0.00    0.00    0.00    0.00   99.24
Average:       1    0.00    0.00    0.76    0.00    0.00    0.00    0.00    0.00   99.24
Average:       1    0.26    0.00    1.02    0.00    0.00    0.00    0.00    0.00   98.72
Average:       1    0.26    0.00    0.77    0.00    0.00    0.00    0.00    0.00   98.97
Average:       1    0.00    0.00    0.52    0.00    0.00    0.00    0.00    0.00   99.48
Average:       1    0.52    0.00    0.79    0.00    0.00    0.00    0.00    0.00   98.69
Average:       1    0.26    0.00    0.53    0.00    0.00    0.00    0.00    0.00   99.21
Average:       1    0.00    0.00    0.53    0.00    0.00    0.00    0.00    0.00   99.47
Average:       1    0.25    0.00    0.50    0.00    0.00    0.00    0.00    0.00   99.24
Average:       1    0.27    0.00    0.81    0.81    0.00    0.00    0.00    0.00   98.12
Average:       1    0.54    0.00    0.54    0.00    0.00    0.00    0.00    0.00   98.92
Average:       1    0.00    0.00    0.82    0.00    0.00    0.00    0.00    0.00   99.18
Average:       1    0.00    0.00    0.76    0.00    0.00    0.00    0.00    0.00   99.24
Average:       1    0.00    0.00    1.03    1.03    0.00    0.00    0.00    0.00   97.95
Average:       1    0.25    0.00    0.76    0.00    0.00    0.00    0.00    0.00   98.99
Average:       1    0.25    0.00    0.51    0.00    0.00    0.00    0.00    0.00   99.24
Average:       1    0.25    0.00    0.51    1.52    0.00    0.00    0.00    0.00   97.72
Average:       1    0.25    0.00    0.76    0.00    0.00    0.00    0.00    0.00   98.99
Average:       1    0.26    0.00    0.51    0.51    0.00    0.00    0.00    0.00   98.71
Average:       1    0.00    0.00    0.51    0.00    0.00    0.00    0.00    0.00   99.49
Average:       1    0.00    0.00    0.78    0.00    0.00    0.00    0.00    0.00   99.22
Average:       1    0.26    0.00    0.52    0.52    0.00    0.00    0.00    0.00   98.70
Average:       1    0.26    0.00    0.52    0.00    0.00    0.00    0.00    0.00   99.22
Average:       1    0.00    0.00    0.52    0.26    0.00    0.00    0.00    0.00   99.22
Average:       1    0.00    0.00    0.78    0.00    0.00    0.00    0.00    0.00   99.22
Average:       1    0.26    0.00    0.26    0.00    0.00    0.00    0.00    0.00   99.48
Average:       1    0.26    0.00    0.52    0.26    0.00    0.00    0.00    0.00   98.96
Average:       1    0.00    0.00    0.52    0.00    0.00    0.00    0.00    0.00   99.48
Average:       1    0.00    0.00    0.79    1.84    0.00    0.00    0.00    0.00   97.37
Average:       1    0.00    0.00    0.51    0.00    0.00    0.00    0.00    0.00   99.49
Average:       1    0.26    0.00    0.79    0.00    0.00    0.00    0.00    0.00   98.94
Average:       1    0.25    0.00    0.51    2.03    0.00    0.00    0.00    0.00   97.22
Average:       1    0.00    0.00    0.53    0.00    0.00    0.00    0.00    0.00   99.47
Average:       1    0.00    0.00    0.80    0.27    0.00    0.00    0.00    0.00   98.93
Average:       1    0.25    0.00    0.51    0.00    0.00    0.00    0.00    0.00   99.24
Average:       1    0.25    0.00    0.76    0.00    0.00    0.00    0.00    0.00   98.99
Average:       1    0.25    0.00    0.51    2.53    0.00    0.00    0.00    0.00   96.72
Average:       1    0.51    0.00    0.51    0.00    0.00    0.00    0.00    0.00   98.99
Average:       1    0.25    0.00    0.76    0.25    0.00    0.00    0.00    0.00   98.74
Average:       1    0.00    0.00    0.76    0.00    0.00    0.00    0.00    0.00   99.24
Average:       1    0.25    0.00    0.76    0.00    0.00    0.00    0.00    0.00   98.99
Average:       1    0.00    0.00    0.76    0.76    0.00    0.00    0.00    0.00   98.48
Average:       1    0.25    0.00    0.51    0.00    0.00    0.00    0.00    0.00   99.24
Average:       1    0.25    0.00    0.76    2.29    0.00    0.00    0.00    0.00   96.69
Average:       1    0.27    0.00    0.82    0.00    0.00    0.00    0.00    0.00   98.90
Average:       1  100.00    0.00    0.00    0.00    0.00    0.00    0.00    0.00    0.00
Average:       1    0.00    0.00    0.26    0.00    0.00    0.00    0.00    0.00   99.74
Average:       1    0.00    0.00    0.56    0.00    0.00    0.00    0.00    0.00   99.44
Average:       1    0.25    0.00    0.51    0.00    0.00    0.00    0.00    0.00   99.24
Average:       1    0.28    0.00    0.56    0.00    0.00    0.00    0.00    0.00   99.15
Average:       1    0.00    0.00    0.57    0.00    0.00    0.00    0.00    0.00   99.43
Average:       1    0.00    0.00    0.57    0.00    0.00    0.00    0.00    0.00   99.43
Average:       1    0.00    0.00    1.13    0.00    0.00    0.00    0.00    0.00   98.87
Average:       1    0.28    0.00    0.57    0.00    0.00    0.00    0.00    0.00   99.15
Average:       1    0.29    0.00    0.57    0.00    0.00    0.00    0.00    0.00   99.14
Average:       1    0.00    0.00    0.57    0.00    0.00    0.00    0.00    0.00   99.43
Average:       1    0.29    0.00    0.58    0.00    0.00    0.00    0.00    0.00   99.14
Average:       1    0.29    0.00    0.87    0.00    0.00    0.00    0.00    0.00   98.84
Average:       1    0.00    0.00    1.16    0.00    0.00    0.00    0.00    0.00   98.84
Average:       1    0.29    0.00    0.58    0.00    0.00    0.00    0.00    0.00   99.13
Average:       1    0.29    0.00    0.58    0.29    0.00    0.00    0.00    0.00   98.84
Average:       1    0.00    0.00    1.17    0.00    0.00    0.00    0.00    0.00   98.83
Average:       1    0.28    0.00    0.56    0.00    0.00    0.00    0.00    0.00   99.15
Average:       1    0.58    0.00    0.58    0.87    0.00    0.00    0.00    0.00   97.98
Average:       1    0.29    0.00    0.87    0.00    0.00    0.00    0.00    0.00   98.83
Average:       1    0.30    0.00    0.89    3.57    0.00    0.00    0.00    0.00   95.24
Average:       1    0.00    0.00    0.87    0.00    0.00    0.00    0.00    0.00   99.13
Average:       1    0.30    0.00    0.90    0.00    0.00    0.00    0.00    0.00   98.81
Average:       1    0.00    0.00    1.03    7.20    0.00    0.00    0.00    0.00   91.77
Average:       1    0.00    0.00    0.90    0.00    0.00    0.00    0.00    0.00   99.10
Average:       1    0.00    0.00    1.06    0.00    0.00    0.00    0.00    0.00   98.94
Average:       1    0.30    0.00    0.61    0.00    0.00    0.00    0.00    0.00   99.09
Average:       1    0.56    0.00    0.28    0.28    0.00    0.00    0.00    0.00   98.87
Average:       1    0.00    0.00    0.59    0.00    0.00    0.00    0.00    0.00   99.41
Average:       1    0.00    0.00    0.59    0.00    0.00    0.00    0.00    0.00   99.41
Average:       1    0.00    0.00    0.85    0.00    0.00    0.00    0.28    0.00   98.87
Average:       1    0.60    0.00    0.60    0.00    0.00    0.00    0.00    0.00   98.80
Average:       1    0.30    0.00    0.90    0.00    0.00    0.00    0.00    0.00   98.80
Average:       1    0.00    0.00    1.12    0.00    0.00    0.00    0.00    0.00   98.88
Average:       1    0.30    0.00    0.91    0.00    0.00    0.00    0.00    0.00   98.78
Average:       1    0.29    0.00    0.58    5.54    0.00    0.00    0.00    0.00   93.59
Average:       1    0.00    0.00    0.79    0.00    0.00    0.00    0.00    0.00   99.21
Average:       1    0.00    0.00    0.53    0.00    0.00    0.00    0.00    0.00   99.47
Average:       1    0.26    0.00    0.53    0.00    0.00    0.00    0.00    0.00   99.21
Average:       1    0.27    0.00    0.53    0.00    0.00    0.00    0.00    0.00   99.20
Average:       1    0.00    0.00    0.79    2.38    0.00    0.00    0.00    0.00   96.83
Average:       1    0.00    0.00    0.27    0.00    0.00    0.00    0.00    0.00   99.73
Average:       1    0.00    0.00    0.80    2.65    0.00    0.00    0.00    0.00   96.55
Average:       1    0.27    0.00    0.53    0.00    0.00    0.00    0.00    0.00   99.20
Average:       1    0.26    0.00    0.79    0.00    0.00    0.00    0.00    0.00   98.94
Average:       1    0.26    0.00    0.52    0.00    0.00    0.00    0.00    0.00   99.22
Average:       1    0.00    0.00    0.76    0.00    0.00    0.00    0.00    0.00   99.24
Average:       1    0.27    0.00    0.53    0.00    0.00    0.00    0.00    0.00   99.20
Average:       1    0.27    0.00    1.07    0.00    0.00    0.00    0.00    0.00   98.67
Average:       1   99.48    0.00    0.52    0.00    0.00    0.00    0.00    0.00    0.00
Average:       1    0.00    0.00    0.80    0.00    0.00    0.00    0.00    0.00   99.20
Average:       1    0.00    0.00    1.01    0.00    0.00    0.00    0.00    0.00   98.99
Average:       1    0.00    0.00    0.54    0.00    0.00    0.00    0.00    0.00   99.46
Average:       1    0.25    0.00    0.76    0.00    0.00    0.00    0.00    0.00   98.99
Average:       1    0.27    0.00    0.54    0.00    0.00    0.00    0.00    0.00   99.19
Average:       1    0.27    0.00    0.81    0.00    0.00    0.00    0.00    0.00   98.92
Average:       1    0.00    0.00    0.84    0.00    0.00    0.00    0.00    0.00   99.16
Average:       1    0.00    0.00    3.17   51.59    0.00    0.00    0.00    0.00   45.24
Average:       1    0.00    0.00    0.81    1.89    0.00    0.00    0.00    0.00   97.30
Average:       1    0.00    0.00    5.66   53.37    0.00    0.00    0.00    0.00   40.97
Average:       1    0.00    0.00    6.25   69.05    0.00    0.00    0.00    0.00   24.70
Average:       1    0.00    0.00    5.40   11.93    0.00    0.00    0.00    0.00   82.67
Average:       1    0.00    0.00    6.15   49.73    0.00    0.00    0.00    0.00   44.12
Average:       1    0.00    0.00    9.09   32.78    0.00    0.00    0.00    0.00   58.13
Average:       1    0.00    0.00    4.76   65.61    0.00    0.00    0.00    0.00   29.63
Average:       1    0.00    0.00    8.82   59.50    0.00    0.00    0.00    0.00   31.68
Average:       1    0.28    0.00   11.76   80.95    0.00    0.00    0.00    0.00    7.00
Average:       1    0.28    0.00    5.56   56.11    0.00    0.00    0.00    0.00   38.06
Average:       1    0.25    0.00    2.04   59.29    0.00    0.00    0.00    0.00   38.42
Average:       1    0.52    0.00    2.58   74.68    0.00    0.00    0.00    0.00   22.22
Average:       1    0.00    0.00    0.91    0.00    0.00    0.00    0.00    0.00   99.09
Average:       1    0.00    0.00    0.61    0.00    0.00    0.00    0.00    0.00   99.39
Average:       1    0.00    0.00    0.86    0.00    0.00    0.00    0.00    0.00   99.14
Average:       1    0.00    0.00    0.55    0.00    0.00    0.00    0.00    0.00   99.45
Average:       1    0.30    0.00    0.61    0.00    0.00    0.00    0.00    0.00   99.09
Average:       1    0.28    0.00    0.57    0.00    0.00    0.00    0.00    0.00   99.15
Average:       1    0.00    0.00    0.52    9.19    0.00    0.00    0.00    0.00   90.29
Average:       1    0.00    0.00    0.79    2.36    0.00    0.00    0.00    0.00   96.85
Average:       1    0.26    0.00    0.51    1.03    0.00    0.00    0.00    0.00   98.20
Average:       1    0.26    0.00    0.52    3.15    0.00    0.00    0.00    0.00   96.06
Average:       1    0.53    0.00    0.53    8.68    0.00    0.00    0.00    0.00   90.26
Average:       1    0.26    0.00    0.79   10.76    0.00    0.00    0.00    0.00   88.19
Average:       1    0.25    0.00    0.50    2.76    0.00    0.00    0.00    0.00   96.48
Average:       1    0.51    0.00    1.28    0.77    0.00    0.00    0.00    0.00   97.45
Average:       1    0.25    0.00    1.02    1.52    0.00    0.00    0.00    0.00   97.21
Average:       1    0.00    0.00    1.59   10.34    0.00    0.00    0.00    0.00   88.06
Average:       1    0.26    0.00    0.52    3.88    0.00    0.00    0.00    0.00   95.35
Average:       1   18.35    0.00    3.16    0.00    0.00    0.00    0.63    0.00   77.85
Average:       1   20.26    0.00    4.18    0.32    0.00    0.00    0.64    0.00   74.60
Average:       1   15.38    0.00    3.53    0.96    0.00    0.00    0.64    0.00   79.49
Average:       1   18.79    0.00    2.87    0.00    0.00    0.00    0.64    0.00   77.71
Average:       1   20.20    0.00    4.89    0.00    0.00    0.00    0.65    0.00   74.27
Average:       1   15.51    0.00    3.80    0.00    0.00    0.00    0.63    0.00   80.06
Average:       1   17.63    0.00    3.21    1.28    0.00    0.00    0.64    0.00   77.24
Average:       1   17.10    0.00    3.87    0.00    0.00    0.00    0.65    0.00   78.39
Average:       1   18.65    0.00    3.86    0.00    0.00    0.00    0.64    0.00   76.85
Average:       1   18.97    0.00    4.18    0.00    0.00    0.00    0.64    0.00   76.21
Average:       1   16.56    0.00    3.82    0.00    0.00    0.00    0.64    0.00   78.98
Average:       1   17.19    0.00    2.50    0.00    0.00    0.00    0.62    0.00   79.69
Average:       1   17.20    0.00    3.82    0.00    0.00    0.00    0.64    0.00   78.34
Average:       1   16.88    0.00    3.50    0.00    0.00    0.00    0.64    0.00   78.98
Average:       1   17.72    0.00    2.85    1.27    0.00    0.00    0.63    0.00   77.53
Average:       1   19.68    0.00    3.81    0.00    0.00    0.00    0.63    0.00   75.87
Average:       1   20.45    0.00    3.25    2.60    0.00    0.00    0.65    0.00   73.05
Average:       1   21.04    0.00    2.59    0.00    0.00    0.00    0.65    0.00   75.73
Average:       1   18.15    0.00    3.50    0.00    0.00    0.00    0.64    0.00   77.71
Average:       1   20.59    0.00    3.27    0.00    0.00    0.00    0.98    0.00   75.16
Average:       1   14.60    0.00    4.13    2.86    0.00    0.00    0.63    0.00   77.78
Average:       1   16.88    0.00    4.46    0.00    0.00    0.00    0.64    0.00   78.03
Average:       1   19.43    0.00    1.91    0.00    0.00    0.00    0.64    0.00   78.03
Average:       1   20.00    0.00    3.23    0.00    0.00    0.00    0.65    0.00   76.13
Average:       1   15.71    0.00    3.53    0.00    0.00    0.00    0.64    0.00   80.13
Average:       1   16.09    0.00    3.79    0.00    0.00    0.00    0.95    0.00   79.18
Average:       1   19.03    0.00    4.84    0.00    0.00    0.00    0.65    0.00   75.48
Average:       1   17.15    0.00    4.53    0.00    0.00    0.00    0.65    0.00   77.67
Average:       1   16.51    0.00    3.49    0.95    0.00    0.00    0.63    0.00   78.41
Average:       1   15.77    0.00    4.42    0.00    0.00    0.00    0.63    0.00   79.18
Average:       1   16.88    0.00    3.82    0.00    0.00    0.00    0.64    0.00   78.66
Average:       1   20.51    0.00    3.21    0.00    0.00    0.00    0.64    0.00   75.64
Average:       1   19.29    0.00    3.86    0.00    0.00    0.00    0.64    0.00   76.21
Average:       1   16.30    0.00    2.82    0.00    0.00    0.00    0.63    0.00   80.25
Average:       1   16.09    0.00    4.73    0.00    0.00    0.00    0.63    0.00   78.55
Average:       1   19.75    0.00    3.50    0.00    0.00    0.00    0.64    0.00   76.11
Average:       1   18.27    0.00    4.49    7.37    0.00    0.00    0.64    0.00   69.23
Average:       1   18.10    0.00    3.17    0.00    0.00    0.00    0.63    0.00   78.10
Average:       1   12.08    0.00    2.72    1.21    0.00    0.00    0.30    0.00   83.69
Average:       1   17.30    0.00    3.14    2.83    0.00    0.00    0.63    0.00   76.10
Average:       1   16.24    0.00    4.14    0.00    0.00    0.00    0.64    0.00   78.98
Average:       1   18.01    0.00    3.22    0.00    0.00    0.00    0.64    0.00   78.14
Average:       1   19.54    0.00    1.99    0.00    0.00    0.00    0.66    0.00   77.81
Average:       1   19.87    0.00    3.53    0.96    0.00    0.00    0.64    0.00   75.00
Average:       1   19.49    0.00    4.15    0.00    0.00    0.00    0.64    0.00   75.72
Average:       1   19.22    0.00    5.21    0.00    0.00    0.00    0.65    0.00   74.92
Average:       1   22.11    0.00    4.95    0.00    0.00    0.00    0.66    0.00   72.28
Average:       1   16.46    0.00    3.16    0.00    0.00    0.00    0.63    0.00   79.75
Average:       1   21.36    0.00    3.24    0.00    0.00    0.00    0.65    0.00   74.76
Average:       1   23.28    0.00    4.92    0.00    0.00    0.00    0.66    0.00   71.15
Average:       1   19.23    0.00    3.85    0.00    0.00    0.00    0.64    0.00   76.28
Average:       1   16.88    0.00    3.50    0.00    0.00    0.00    0.64    0.00   78.98
Average:       1   17.25    0.00    3.83    0.00    0.00    0.00    0.64    0.00   78.27
Average:       1   18.53    0.00    4.15    0.64    0.00    0.00    0.64    0.00   76.04
Average:       1   17.52    0.00    3.50    0.00    0.00    0.00    0.64    0.00   78.34
Average:       1   17.68    0.00    3.54    1.61    0.00    0.00    0.64    0.00   76.53
Average:       1   14.91    0.00    3.42    0.00    0.00    0.00    0.62    0.00   81.06
Average:       1   17.61    0.00    3.14    0.00    0.00    0.00    0.63    0.00   78.62
Average:       1   11.01    0.00    3.87    0.60    0.00    0.00    0.60    0.00   83.93
Average:       1   16.46    0.00    4.43    0.00    0.00    0.00    0.63    0.00   78.48
Average:       1   15.82    0.00    3.80    0.95    0.00    0.00    0.63    0.00   78.80
Average:       1   18.95    0.00    4.58    0.00    0.00    0.00    0.98    0.00   75.49
Average:       1   17.89    0.00    4.47    0.00    0.00    0.00    0.64    0.00   77.00
Average:       1   20.20    0.00    3.58    0.00    0.00    0.00    0.65    0.00   75.57
Average:       1   18.01    0.00    2.89    0.00    0.00    0.00    0.64    0.00   78.46
Average:       1   18.47    0.00    3.82    0.00    0.00    0.00    0.64    0.00   77.07
Average:       1   15.22    0.00    3.42    0.00    0.00    0.00    0.62    0.00   80.75
Average:       1   18.12    0.00    2.59    0.00    0.00    0.00    0.65    0.00   78.64
Average:       1   19.87    0.00    3.58    0.00    0.00    0.00    0.65    0.00   75.90
Average:       1   19.23    0.00    4.49    0.00    0.00    0.00    0.64    0.00   75.64
Average:       1   16.19    0.00    4.44    0.00    0.00    0.00    0.63    0.00   78.73
Average:       1   13.62    0.00    4.02    0.00    0.00    0.00    0.62    0.00   81.73
Average:       1    6.85    0.00    1.37    0.00    0.00    0.00    0.27    0.00   91.51
Average:       1   16.61    0.00    2.88    0.00    0.00    0.00    0.64    0.00   79.87
Average:       1   15.65    0.00    3.51    0.00    0.00    0.00    0.64    0.00   80.19
Average:       1   17.03    0.00    3.15    0.00    0.00    0.00    0.63    0.00   79.18
Average:       1   17.20    0.00    3.50    0.00    0.00    0.00    0.64    0.00   78.66
Average:       1   17.95    0.00    4.17    0.32    0.00    0.00    0.64    0.00   76.92
Average:       1   19.03    0.00    4.52    0.00    0.00    0.00    0.65    0.00   75.81
Average:       1   17.74    0.00    3.23    0.00    0.00    0.00    0.65    0.00   78.39
Average:       1   17.68    0.00    4.18    0.32    0.00    0.00    0.64    0.00   77.17
Average:       1   16.46    0.00    3.80    0.00    0.00    0.00    0.63    0.00   79.11
Average:       1   19.74    0.00    2.59    0.97    0.00    0.00    0.65    0.00   76.05
Average:       1   19.54    0.00    3.26    0.00    0.00    0.00    0.65    0.00   76.55
Average:       1   18.65    0.00    3.86    0.00    0.00    0.00    0.64    0.00   76.85
Average:       1   17.57    0.00    4.47    0.00    0.00    0.00    0.64    0.00   77.32
Average:       1    4.59    0.00    1.35    0.00    0.00    0.00    0.00    0.00   94.05
Average:       1   18.85    0.00    4.15    0.00    0.00    0.00    0.64    0.00   76.36
Average:       1   17.55    0.00    3.13    0.00    0.00    0.00    0.63    0.00   78.68
Average:       1   16.35    0.00    4.49    0.00    0.00    0.00    0.64    0.00   78.53
Average:       1   16.93    0.00    3.45    1.57    0.00    0.00    0.63    0.00   77.43
Average:       1   18.39    0.00    4.19    0.00    0.00    0.00    0.65    0.00   76.77
Average:       1   17.78    0.00    3.49    0.00    0.00    0.00    0.63    0.00   78.10
Average:       1   18.79    0.00    4.14    0.00    0.00    0.00    0.64    0.00   76.43
Average:       1   21.43    0.00    4.55    0.00    0.00    0.00    0.65    0.00   73.38
Average:       1   18.51    0.00    3.57    0.65    0.00    0.00    0.65    0.00   76.62
Average:       1   17.52    0.00    2.87    0.00    0.00    0.00    0.64    0.00   78.98
Average:       1   16.19    0.00    4.13    0.63    0.00    0.00    0.63    0.00   78.41
Average:       1   19.43    0.00    2.55    0.00    0.00    0.00    0.64    0.00   77.39
Average:       1   14.20    0.00    4.01    0.00    0.00    0.00    0.62    0.00   81.17
Average:       1   19.23    0.00    3.53    0.00    0.00    0.00    0.64    0.00   76.60
Average:       1   16.83    0.00    4.13    0.00    0.00    0.00    0.63    0.00   78.41
Average:       1   21.22    0.00    3.86    3.22    0.00    0.00    0.64    0.00   71.06
Average:       1   16.82    0.00    4.05    0.00    0.00    0.00    0.62    0.00   78.50
Average:       1   17.09    0.00    3.16    0.00    0.00    0.00    0.63    0.00   79.11
Average:       1   11.14    0.00    2.93    0.00    0.00    0.00    0.29    0.00   85.63
Average:       1   15.09    0.00    4.40    0.00    0.00    0.00    0.63    0.00   79.87
Average:       1   15.41    0.00    4.09    1.26    0.00    0.00    0.63    0.00   78.62
Average:       1   17.09    0.00    3.80    0.00    0.00    0.00    0.63    0.00   78.48
Average:       1   14.47    0.00    2.20    0.00    0.00    0.00    0.63    0.00   82.70
Average:       1   18.65    0.00    3.22    0.64    0.00    0.00    0.64    0.00   76.85
Average:       1   17.72    0.00    4.11    0.00    0.00    0.00    0.63    0.00   77.53
Average:       1   17.52    0.00    3.50    1.27    0.00    0.00    0.32    0.00   77.39
Average:       1    9.55    0.00    1.97    0.00    0.00    0.00    0.28    0.00   88.20
Average:       1   14.73    0.00    3.76    0.00    0.00    0.00    0.63    0.00   80.88
Average:       1   16.77    0.00    3.48    2.22    0.00    0.00    0.63    0.00   76.90
Average:       1   19.49    0.00    3.83    0.00    0.00    0.00    0.64    0.00   76.04
Average:       1   19.29    0.00    3.22    0.64    0.00    0.00    0.64    0.00   76.21
Average:       1   17.68    0.00    3.22    0.32    0.00    0.00    0.64    0.00   78.14
Average:       1   17.04    0.00    3.54    0.00    0.00    0.00    0.64    0.00   78.78
Average:       1   18.61    0.00    4.73    0.00    0.00    0.00    0.32    0.00   76.34
Average:       1   15.22    0.00    4.04    0.00    0.00    0.00    0.62    0.00   80.12
Average:       1   18.04    0.00    3.80    0.00    0.00    0.00    0.63    0.00   77.53
Average:       1   17.92    0.00    2.52    0.94    0.00    0.00    0.31    0.00   78.30
Average:       1   17.30    0.00    4.40    0.31    0.00    0.00    0.31    0.00   77.67
Average:       1   18.35    0.00    3.80    0.00    0.00    0.00    0.63    0.00   77.22
Average:       1   18.93    0.00    3.79    0.32    0.00    0.00    0.63    0.00   76.34
Average:       1   15.48    0.00    3.72    0.62    0.00    0.00    0.62    0.00   79.57
Average:       1   17.68    0.00    5.47    0.00    0.00    0.00    0.64    0.00   76.21
Average:       1   15.46    0.00    3.47    0.00    0.00    0.00    0.63    0.00   80.44
Average:       1   16.30    0.00    4.70    0.00    0.00    0.00    0.63    0.00   78.37
Average:       1   20.19    0.00    2.24    0.64    0.00    0.00    0.64    0.00   76.28
Average:       1   14.60    0.00    2.80    0.00    0.00    0.00    0.62    0.00   81.99
Average:       1   14.55    0.00    3.41    0.00    0.00    0.00    0.62    0.00   81.42
Average:       1   18.67    0.00    3.16    0.32    0.00    0.00    0.32    0.00   77.53
Average:       1   18.85    0.00    1.92    0.00    0.00    0.00    0.32    0.00   78.91
Average:       1   15.48    0.00    2.48    0.00    0.00    0.00    0.62    0.00   81.42
Average:       1   15.67    0.00    3.13    0.00    0.00    0.00    0.31    0.00   80.88
Average:       1   18.91    0.00    3.85    0.00    0.00    0.00    0.64    0.00   76.60
Average:       1   15.34    0.00    3.37    1.23    0.00    0.00    0.61    0.00   79.45
Average:       1   14.73    0.00    5.02    0.00    0.00    0.00    0.63    0.00   79.62
Average:       1   17.61    0.00    2.83    0.00    0.00    0.00    0.63    0.00   78.93
Average:       1   17.61    0.00    2.20    1.89    0.00    0.00    0.63    0.00   77.67
Average:       1   19.55    0.00    2.88    0.00    0.00    0.00    0.64    0.00   76.92
Average:       1   15.99    0.00    3.45    0.94    0.00    0.00    0.63    0.00   79.00
Average:       1   15.17    0.00    4.95    0.00    0.00    0.00    0.62    0.00   79.26
Average:       1    7.56    0.00    1.96    0.28    0.00    0.00    0.28    0.00   89.92
Average:       1   19.50    0.00    3.46    0.00    0.00    0.00    0.31    0.00   76.73
Average:       1   17.24    0.00    2.82    0.31    0.00    0.00    0.63    0.00   79.00
Average:       1   20.13    0.00    4.09    0.00    0.00    0.00    0.63    0.00   75.16
Average:       1   19.43    0.00    3.18    0.00    0.00    0.00    0.64    0.00   76.75
Average:       1   15.09    0.00    3.46    0.00    0.00    0.00    0.31    0.00   81.13
Average:       1   13.92    0.00    3.48    0.00    0.00    0.00    0.63    0.00   81.96
Average:       1   20.06    0.00    4.53    1.29    0.00    0.00    0.65    0.00   73.46
Average:       1   18.35    0.00    4.75    0.00    0.00    0.00    0.63    0.00   76.27
Average:       1   17.50    0.00    4.06    0.00    0.00    0.00    0.62    0.00   77.81
Average:       1   17.03    0.00    2.84    2.21    0.00    0.00    0.32    0.00   77.60
Average:       1   16.35    0.00    3.46    0.00    0.00    0.00    0.63    0.00   79.56
Average:       1   17.85    0.00    4.31    0.00    0.00    0.00    0.62    0.00   77.23
Average:       1   15.31    0.00    3.75    0.00    0.00    0.00    0.31    0.00   80.62
Average:       1   18.24    0.00    3.14    0.00    0.00    0.00    0.63    0.00   77.99
Average:       1   15.89    0.00    3.12    0.00    0.00    0.00    0.62    0.00   80.37
Average:       1   19.23    0.00    3.53    0.00    0.00    0.00    0.32    0.00   76.92
Average:       1   16.77    0.00    3.11    0.62    0.00    0.00    0.31    0.00   79.19
Average:       1   14.64    0.00    4.05    0.00    0.00    0.00    0.62    0.00   80.69
Average:       1   16.77    0.00    3.42    0.00    0.00    0.00    0.62    0.00   79.19
Average:       1   17.24    0.00    3.76    1.57    0.00    0.00    0.31    0.00   77.12
Average:       1   17.03    0.00    2.52    0.00    0.00    0.00    0.32    0.00   80.13
Average:       1   18.93    0.00    3.15    5.68    0.00    0.00    0.63    0.00   71.61
Average:       1    7.28    0.00    1.96    0.00    0.00    0.00    0.28    0.00   90.48
Average:       1   16.20    0.00    2.80    0.00    0.00    0.00    0.31    0.00   80.69
Average:       1   16.51    0.00    4.05    0.31    0.00    0.00    0.62    0.00   78.50
Average:       1   16.04    0.00    2.52    0.00    0.00    0.00    0.63    0.00   80.82
Average:       1   16.61    0.00    3.45    0.31    0.00    0.00    0.63    0.00   79.00
Average:       1   20.25    0.00    3.80    0.00    0.00    0.00    0.32    0.00   75.63
Average:       1   17.09    0.00    3.48    0.00    0.00    0.00    0.63    0.00   78.80
Average:       1   17.48    0.00    2.76    2.15    0.00    0.00    0.61    0.00   76.99
Average:       1   21.29    0.00    3.55    0.00    0.00    0.00    0.65    0.00   74.52
Average:       1   19.17    0.00    4.15    2.24    0.00    0.00    0.64    0.00   73.80
Average:       1   16.19    0.00    4.13    0.63    0.00    0.00    0.63    0.00   78.41
Average:       1    6.98    0.00    2.51    0.00    0.00    0.00    0.28    0.00   90.22
Average:       1   17.19    0.00    4.06    0.00    0.00    0.00    0.31    0.00   78.44
Average:       1   16.20    0.00    3.74    3.74    0.00    0.00    0.31    0.00   76.01
Average:       1   18.50    0.00    3.13    1.88    0.00    0.00    0.63    0.00   75.86
Average:       1   17.67    0.00    2.21    0.00    0.00    0.00    0.63    0.00   79.50
Average:       1   17.98    0.00    3.47    0.00    0.00    0.00    0.32    0.00   78.23
Average:       1   17.19    0.00    2.81    0.62    0.00    0.00    0.31    0.00   79.06
Average:       1   16.67    0.00    2.83    0.00    0.00    0.00    0.31    0.00   80.19
Average:       1   15.48    0.00    3.10    0.00    0.00    0.00    0.31    0.00   81.11
Average:       1   19.17    0.00    3.19    0.00    0.00    0.00    0.32    0.00   77.32
Average:       1   12.42    0.00    3.33    1.21    0.00    0.00    0.61    0.00   82.42
Average:       1   17.86    0.00    3.90    0.00    0.00    0.00    0.65    0.00   77.60
Average:       1   17.81    0.00    1.88    0.62    0.00    0.00    0.62    0.00   79.06
Average:       1   20.38    0.00    3.50    1.91    0.00    0.00    0.64    0.00   73.57
Average:       1   18.55    0.00    3.77    0.00    0.00    0.00    0.63    0.00   77.04
Average:       1   17.19    0.00    3.44    2.19    0.00    0.00    0.31    0.00   76.88
Average:       1   18.79    0.00    3.50    0.00    0.00    0.00    0.32    0.00   77.39
Average:       1   17.87    0.00    3.76    0.00    0.00    0.00    0.31    0.00   78.06
Average:       1   13.85    0.00    2.77    0.00    0.00    0.00    0.31    0.00   83.08
Average:       1   12.76    0.00    2.08    0.00    0.00    0.00    0.30    0.00   84.87
Average:       1   17.13    0.00    3.12    1.87    0.00    0.00    0.31    0.00   77.57
Average:       1   20.25    0.00    2.85    0.00    0.00    0.00    0.32    0.00   76.58
Average:       1   18.73    0.00    3.17    0.00    0.00    0.00    0.63    0.00   77.46
Average:       1   17.76    0.00    3.43    0.00    0.00    0.00    0.31    0.00   78.50
Average:       1   18.30    0.00    3.47    0.00    0.00    0.00    0.63    0.00   77.60
Average:       1   16.51    0.00    2.80    0.00    0.00    0.00    0.62    0.00   80.06
Average:       1   17.41    0.00    4.43    0.00    0.00    0.00    0.32    0.00   77.85
Average:       1   12.99    0.00    2.42    0.00    0.00    0.00    0.60    0.00   83.99
Average:       1   16.09    0.00    3.15    0.00    0.00    0.00    0.63    0.00   80.13
Average:       1   18.81    0.00    2.51    0.00    0.00    0.00    0.63    0.00   78.06
Average:       1   16.15    0.00    2.80    1.24    0.00    0.00    0.31    0.00   79.50
Average:       1   15.58    0.00    2.80    0.00    0.00    0.00    0.62    0.00   81.00
Average:       1   16.77    0.00    4.11    0.00    0.00    0.00    0.63    0.00   78.48
Average:       1   19.81    0.00    2.56    0.00    0.00    0.00    0.64    0.00   77.00
Average:       1   16.15    0.00    2.80    0.00    0.00    0.00    0.62    0.00   80.43
Average:       1   16.77    0.00    4.04    0.00    0.00    0.00    0.31    0.00   78.88
Average:       1   18.52    0.00    2.78    0.00    0.00    0.00    0.62    0.00   78.09
Average:       1   19.18    0.00    2.52    1.26    0.00    0.00    0.31    0.00   76.73
Average:       1    8.08    0.00    1.39    0.00    0.00    0.00    0.28    0.00   90.25
Average:       1   14.69    0.00    3.44    0.00    0.00    0.00    0.62    0.00   81.25
Average:       1   17.61    0.00    3.14    0.63    0.00    0.00    0.31    0.00   78.30
Average:       1   18.10    0.00    3.17    0.00    0.00    0.00    0.63    0.00   78.10
Average:       1   18.99    0.00    3.48    0.32    0.00    0.00    0.63    0.00   76.58
Average:       1   16.92    0.00    3.08    0.00    0.00    0.00    0.62    0.00   79.38
Average:       1   18.30    0.00    4.42    0.00    0.00    0.00    0.63    0.00   76.66
Average:       1   19.23    0.00    2.56    2.24    0.00    0.00    0.64    0.00   75.32
Average:       1   19.17    0.00    2.88    0.00    0.00    0.00    0.64    0.00   77.32
Average:       1   16.15    0.00    3.11    0.00    0.00    0.00    0.62    0.00   80.12
Average:       1   17.09    0.00    2.85    1.90    0.00    0.00    0.32    0.00   77.85
Average:       1   16.83    0.00    4.44    0.00    0.00    0.00    0.32    0.00   78.41
Average:       1   16.67    0.00    2.83    0.00    0.00    0.00    0.31    0.00   80.19
Average:       1   17.14    0.00    3.17    0.00    0.00    0.00    0.63    0.00   79.05
Average:       1   17.28    0.00    3.09    0.00    0.00    0.00    0.62    0.00   79.01
Average:       1   12.46    0.00    2.37    0.59    0.00    0.00    0.30    0.00   84.27
Average:       1   17.03    0.00    3.10    0.00    0.00    0.00    0.62    0.00   79.26
Average:       1   18.44    0.00    3.12    0.00    0.00    0.00    0.62    0.00   77.81
Average:       1   17.19    0.00    2.50    0.00    0.00    0.00    0.62    0.00   79.69
Average:       1    5.83    0.00    1.94    0.00    0.00    0.00    0.28    0.00   91.94
Average:       1   14.72    0.00    3.37    0.00    0.00    0.00    0.31    0.00   81.60
Average:       1   17.81    0.00    2.81    0.00    0.00    0.00    0.31    0.00   79.06
Average:       1   17.55    0.00    3.13    0.63    0.00    0.00    0.31    0.00   78.37
Average:       1   14.37    0.00    4.06    0.00    0.00    0.00    0.31    0.00   81.25
Average:       1   15.06    0.00    1.51    0.00    0.00    0.00    0.30    0.00   83.13
Average:       1   18.15    0.00    1.85    0.00    0.00    0.00    0.31    0.00   79.69
Average:       1   18.73    0.00    3.17    0.00    0.00    0.00    0.32    0.00   77.78
Average:       1   13.98    0.00    3.73    0.00    0.00    0.00    0.31    0.00   81.99
Average:       1   12.46    0.00    2.37    0.00    0.00    0.00    0.59    0.00   84.57
Average:       1   18.21    0.00    3.40    0.62    0.00    0.00    0.62    0.00   77.16
Average:       1   15.27    0.00    2.40    0.00    0.00    0.00    0.30    0.00   82.04
Average:       1   16.88    0.00    3.75    0.00    0.00    0.00    0.31    0.00   79.06
Average:       1   16.67    0.00    2.47    0.00    0.00    0.00    0.62    0.00   80.25
Average:       1   16.51    0.00    3.74    0.00    0.00    0.00    0.31    0.00   79.44
Average:       1   17.61    0.00    4.09    0.94    0.00    0.00    0.63    0.00   76.73
Average:       1   15.99    0.00    2.82    0.00    0.00    0.00    0.31    0.00   80.88
Average:       1   16.72    0.00    2.79    0.31    0.00    0.00    0.31    0.00   79.88
Average:       1   14.07    0.00    2.75    0.00    0.00    0.00    0.31    0.00   82.87
Average:       1   17.24    0.00    3.45    0.00    0.00    0.00    0.63    0.00   78.68
Average:       1    9.12    0.00    2.28    0.00    0.00    0.00    0.28    0.00   88.32
Average:       1   14.86    0.00    3.10    0.00    0.00    0.00    0.31    0.00   81.73
Average:       1    7.26    0.00    2.23    0.00    0.00    0.00    0.28    0.00   90.22
Average:       1   19.30    0.00    3.16    0.00    0.00    0.00    0.63    0.00   76.90
Average:       1    2.35    0.00    1.04    2.09    0.00    0.00    0.00    0.00   94.52
Average:       1    7.63    0.00    1.36    1.91    0.00    0.00    0.00    0.00   89.10
Average:       1   95.57    0.00    1.48    0.00    0.00    0.00    0.00    0.00    2.96
Average:       1   97.03    0.00    0.50    0.00    0.00    0.00    0.00    0.00    2.48
Average:       1   87.20    0.00    2.37    0.00    0.00    0.00    0.00    0.00   10.43
Average:       1    0.27    0.00    0.53    0.80    0.00    0.00    0.00    0.00   98.40
Average:       1    0.00    0.00    0.53    0.80    0.00    0.00    0.00    0.00   98.66
Average:       1    0.00    0.00    0.76    0.00    0.00    0.00    0.25    0.00   98.99
Average:       1    0.00    0.00    0.51    0.00    0.00    0.00    0.00    0.00   99.49
Average:       1    0.25    0.00    0.76    0.25    0.00    0.00    0.00    0.00   98.73
Average:       1    0.78    0.00    2.58   13.70    0.00    0.00    0.00    0.00   82.95
Average:       1    0.00    0.00    0.76    0.00    0.00    0.00    0.00    0.00   99.24
Average:       1    0.25    0.00    1.01    0.00    0.00    0.00    0.00    0.00   98.74
Average:       1    0.00    0.00    1.02    0.00    0.00    0.00    0.00    0.00   98.98
Average:       1    0.00    0.00    1.01    0.00    0.00    0.00    0.00    0.00   98.99
Average:       1    0.25    0.00    0.51    0.00    0.00    0.00    0.00    0.00   99.24
Average:       1    0.00    0.00    1.01    0.00    0.00    0.00    0.00    0.00   98.99
Average:       1    0.00    0.00    1.01    0.00    0.00    0.00    0.00    0.00   98.99
Average:       1    0.25    0.00    0.75    0.00    0.00    0.00    0.00    0.00   99.00
Average:       1    0.00    0.00    0.76    0.00    0.00    0.00    0.00    0.00   99.24
Average:       1    0.00    0.00    1.01    0.00    0.00    0.00    0.00    0.00   98.99
Average:       1    0.25    0.00    0.51    0.00    0.00    0.00    0.00    0.00   99.24
Average:       1    0.25    0.00    0.51    0.00    0.00    0.00    0.00    0.00   99.24
Average:       1    0.25    0.00    0.76    0.00    0.00    0.00    0.00    0.00   98.99
Average:       1    0.00    0.00    0.76    0.00    0.00    0.00    0.00    0.00   99.24
Average:       1    0.25    0.00    0.76    0.00    0.00    0.00    0.00    0.00   98.99
Average:       1    0.00    0.00    0.76    0.00    0.00    0.00    0.00    0.00   99.24
Average:       1    0.00    0.00    1.01    0.00    0.00    0.00    0.00    0.00   98.99
Average:       1    0.25    0.00    0.51    0.00    0.00    0.00    0.00    0.00   99.24
Average:       1    0.00    0.00    0.51    0.00    0.00    0.00    0.00    0.00   99.49
Average:       1    0.00    0.00    0.76    0.00    0.00    0.00    0.00    0.00   99.24
Average:       1    0.00    0.00    1.01    0.00    0.00    0.00    0.00    0.00   98.99
Average:       1    0.00    0.00    0.76    0.00    0.00    0.00    0.00    0.00   99.24
Average:       1    0.25    0.00    0.50    0.00    0.00    0.00    0.00    0.00   99.24
Average:       1    0.00    0.00    1.01    0.00    0.00    0.00    0.00    0.00   98.99
Average:       1    0.25    0.00    0.51    0.00    0.00    0.00    0.00    0.00   99.24
Average:       1    0.00    0.00    0.76    0.00    0.00    0.00    0.00    0.00   99.24
Average:       1    0.25    0.00    0.76    0.00    0.00    0.00    0.00    0.00   98.99
Average:       1    0.25    0.00    0.76    0.00    0.00    0.00    0.00    0.00   98.99
Average:       1    0.25    0.00    0.76    0.00    0.00    0.00    0.00    0.00   98.99
Average:       1    0.25    0.00    0.76    0.00    0.00    0.00    0.00    0.00   98.99
Average:       1    0.00    0.00    0.76    0.00    0.00    0.00    0.00    0.00   99.24
