Average:       1    0.25    0.00    1.01    7.32    0.00    0.00    0.00    0.00   91.41
Average:       1    0.26    0.00    1.03    3.35    0.00    0.00    0.00    0.00   95.36
Average:       1    0.79    0.00    0.79    1.32    0.00    0.00    0.00    0.00   97.09
Average:       1    0.53    0.00    0.80    5.57    0.00    0.00    0.00    0.00   93.10
Average:       1    0.27    0.00    0.80    9.07    0.00    0.00    0.00    0.00   89.87
Average:       1    0.26    0.00    1.05    6.30    0.00    0.00    0.00    0.00   92.39
Average:       1    0.27    0.00    1.06    0.80    0.00    0.00    0.00    0.00   97.87
Average:       1    0.26    0.00    2.33    1.55    0.00    0.00    0.00    0.00   95.85
Average:       1    0.26    0.00    2.56    0.51    0.00    0.00    0.00    0.00   96.67
Average:       1    0.00    0.00    1.27   11.65    0.00    0.00    0.00    0.00   87.09
Average:       1    0.00    0.00    2.05    5.90    0.00    0.00    0.00    0.00   92.05
Average:       1   19.23    0.00    3.85    0.00    0.00    0.00    0.96    0.00   75.96
Average:       1   19.17    0.00    4.15    0.32    0.00    0.00    0.64    0.00   75.72
Average:       1   17.92    0.00    3.91    0.00    0.00    0.00    0.65    0.00   77.52
Average:       1   16.77    0.00    3.48    0.00    0.00    0.00    0.63    0.00   79.11
Average:       1   20.46    0.00    5.28    0.66    0.00    0.00    0.66    0.00   72.94
Average:       1   18.15    0.00    3.50    0.00    0.00    0.00    0.64    0.00   77.71
Average:       1   15.09    0.00    3.77    1.26    0.00    0.00    0.63    0.00   79.25
Average:       1   17.80    0.00    4.85    0.00    0.00    0.00    0.65    0.00   76.70
Average:       1   18.59    0.00    4.49    0.00    0.00    0.00    0.64    0.00   76.28
Average:       1   16.61    0.00    4.47    0.96    0.00    0.00    0.64    0.00   77.32
Average:       1   16.67    0.00    5.13    0.00    0.00    0.00    0.64    0.00   77.56
Average:       1   16.77    0.00    3.80    0.00    0.00    0.00    0.32    0.00   79.11
Average:       1   16.51    0.00    4.44    0.00    0.00    0.00    0.63    0.00   78.41
Average:       1   18.59    0.00    4.17    0.00    0.00    0.00    0.64    0.00   76.60
Average:       1   18.91    0.00    4.17    0.00    0.00    0.00    0.64    0.00   76.28
Average:       1   21.09    0.00    3.51    0.00    0.00    0.00    0.64    0.00   74.76
Average:       1   16.09    0.00    3.15    2.52    0.00    0.00    0.63    0.00   77.60
Average:       1   19.75    0.00    4.14    0.00    0.00    0.00    0.64    0.00   75.48
Average:       1   19.16    0.00    4.22    0.00    0.00    0.00    0.65    0.00   75.97
Average:       1   21.82    0.00    2.61    0.00    0.00    0.00    0.65    0.00   74.92
Average:       1   16.24    0.00    4.46    2.87    0.00    0.00    0.64    0.00   75.80
Average:       1   17.46    0.00    4.44    0.00    0.00    0.00    0.63    0.00   77.46
Average:       1   20.13    0.00    3.51    0.00    0.00    0.00    0.64    0.00   75.72
Average:       1   19.68    0.00    4.19    0.00    0.00    0.00    0.65    0.00   75.48
Average:       1   17.32    0.00    5.56    3.92    0.00    0.00    0.98    0.00   72.22
Average:       1   16.88    0.00    3.82    0.00    0.00    0.00    0.64    0.00   78.66
Average:       1   17.63    0.00    3.53    0.00    0.00    0.00    0.64    0.00   78.21
Average:       1   18.15    0.00    5.61    0.00    0.00    0.00    0.66    0.00   75.58
Average:       1   17.68    0.00    4.50    0.00    0.00    0.00    0.64    0.00   77.17
Average:       1   15.14    0.00    4.10    0.95    0.00    0.00    0.63    0.00   79.18
Average:       1   16.40    0.00    4.10    0.32    0.00    0.00    0.63    0.00   78.55
Average:       1   18.97    0.00    2.57    0.00    0.00    0.00    0.64    0.00   77.81
Average:       1   15.61    0.00    4.46    0.00    0.00    0.00    0.64    0.00   79.30
Average:       1   16.56    0.00    3.82    0.00    0.00    0.00    0.64    0.00   78.98
Average:       1   17.36    0.00    4.82    0.00    0.00    0.00    0.64    0.00   77.17
Average:       1   18.27    0.00    3.85    0.00    0.00    0.00    0.64    0.00   77.24
Average:       1   17.52    0.00    4.78    7.32    0.00    0.00    0.96    0.00   69.43
Average:       1   18.39    0.00    4.19    0.00    0.00    0.00    0.65    0.00   76.77
Average:       1    8.60    0.00    2.87    1.15    0.00    0.00    0.29    0.00   87.11
Average:       1   18.85    0.00    3.51    2.88    0.00    0.00    0.64    0.00   74.12
Average:       1   15.82    0.00    3.80    0.00    0.00    0.00    0.63    0.00   79.75
Average:       1   17.10    0.00    4.19    0.00    0.00    0.00    0.65    0.00   78.06
Average:       1   19.80    0.00    2.31    0.00    0.00    0.00    0.66    0.00   77.23
Average:       1   15.77    0.00    4.42    0.95    0.00    0.00    0.63    0.00   78.23
Average:       1   18.06    0.00    4.84    0.00    0.00    0.00    0.65    0.00   76.45
Average:       1   18.12    0.00    5.50    0.00    0.00    0.00    0.65    0.00   75.73
Average:       1   18.91    0.00    4.49    1.60    0.00    0.00    0.64    0.00   74.36
Average:       1   20.26    0.00    3.59    0.00    0.00    0.00    0.65    0.00   75.49
Average:       1   19.05    0.00    3.81    0.00    0.00    0.00    0.63    0.00   76.51
Average:       1   17.78    0.00    4.76    0.00    0.00    0.00    0.63    0.00   76.83
Average:       1   16.40    0.00    3.47    0.00    0.00    0.00    0.63    0.00   79.50
Average:       1   17.57    0.00    4.47    1.28    0.00    0.00    0.64    0.00   76.04
Average:       1   17.09    0.00    3.48    0.00    0.00    0.00    0.63    0.00   78.80
Average:       1   18.85    0.00    3.51    0.64    0.00    0.00    0.64    0.00   76.36
Average:       1   17.68    0.00    4.50    0.00    0.00    0.00    0.64    0.00   77.17
Average:       1   18.57    0.00    4.23    0.65    0.00    0.00    0.65    0.00   75.90
Average:       1   14.78    0.00    4.09    1.26    0.00    0.00    0.63    0.00   79.25
Average:       1   17.55    0.00    3.45    0.00    0.00    0.00    0.63    0.00   78.37
Average:       1   15.41    0.00    5.35    0.63    0.00    0.00    0.63    0.00   77.99
Average:       1   17.63    0.00    5.13    0.00    0.00    0.00    0.96    0.00   76.28
Average:       1   14.87    0.00    3.80    0.00    0.00    0.00    0.32    0.00   81.01
Average:       1   19.02    0.00    5.57    1.31    0.00    0.00    0.66    0.00   73.44
Average:       1   17.95    0.00    4.17    0.00    0.00    0.00    0.64    0.00   77.24
Average:       1   19.09    0.00    4.85    0.00    0.00    0.00    0.65    0.00   75.40
Average:       1   19.61    0.00    3.92    0.00    0.00    0.00    0.65    0.00   75.82
Average:       1   16.24    0.00    3.82    0.00    0.00    0.00    0.64    0.00   79.30
Average:       1   16.35    0.00    5.03    4.09    0.00    0.00    0.63    0.00   73.90
Average:       1   17.36    0.00    2.57    0.00    0.00    0.00    0.64    0.00   79.42
Average:       1   17.31    0.00    3.85    0.00    0.00    0.00    0.64    0.00   78.21
Average:       1   20.06    0.00    3.56    0.00    0.00    0.00    0.65    0.00   75.73
Average:       1   16.56    0.00    4.78    0.00    0.00    0.00    0.64    0.00   78.03
Average:       1   14.11    0.00    5.02    1.88    0.00    0.00    0.94    0.00   78.06
Average:       1    6.98    0.00    2.51    0.00    0.00    0.00    0.28    0.00   90.22
Average:       1   18.53    0.00    3.51    1.60    0.00    0.00    0.64    0.00   75.72
Average:       1   16.19    0.00    3.17    0.00    0.00    0.00    0.63    0.00   80.00
Average:       1   16.83    0.00    4.13    0.00    0.00    0.00    0.63    0.00   78.41
Average:       1   19.74    0.00    3.56    0.00    0.00    0.00    0.65    0.00   76.05
Average:       1   18.39    0.00    4.52    0.00    0.00    0.00    0.65    0.00   76.45
Average:       1   17.31    0.00    4.81    0.32    0.00    0.00    0.64    0.00   76.92
Average:       1   19.35    0.00    3.87    0.00    0.00    0.00    0.65    0.00   76.13
Average:       1   14.65    0.00    4.78    0.32    0.00    0.00    0.64    0.00   79.62
Average:       1   16.56    0.00    4.46    0.00    0.00    0.00    0.32    0.00   78.66
Average:       1   19.28    0.00    3.92    0.00    0.00    0.00    0.65    0.00   76.14
Average:       1   20.65    0.00    3.55    1.29    0.00    0.00    0.65    0.00   73.87
Average:       1   23.61    0.00    4.26    0.00    0.00    0.00    0.66    0.00   71.48
Average:       1   19.35    0.00    4.52    0.00    0.00    0.00    0.65    0.00   75.48
Average:       1   10.12    0.00    2.89    0.00    0.00    0.00    0.29    0.00   86.71
Average:       1   20.39    0.00    4.85    0.00    0.00    0.00    0.65    0.00   74.11
Average:       1   17.83    0.00    4.14    0.32    0.00    0.00    0.64    0.00   77.07
Average:       1   17.04    0.00    5.14    0.00    0.00    0.00    0.64    0.00   77.17
Average:       1   17.74    0.00    4.19    1.61    0.00    0.00    0.65    0.00   75.81
Average:       1   17.78    0.00    3.81    0.00    0.00    0.00    0.63    0.00   77.78
Average:       1   16.99    0.00    4.81    0.00    0.00    0.00    0.64    0.00   77.56
Average:       1   21.38    0.00    4.93    0.00    0.00    0.00    0.66    0.00   73.03
Average:       1   23.43    0.00    4.95    0.00    0.00    0.00    0.66    0.00   70.96
Average:       1   20.00    0.00    4.59    0.66    0.00    0.00    0.66    0.00   74.10
Average:       1   16.77    0.00    3.80    8.86    0.00    0.00    0.63    0.00   69.94
Average:       1   18.21    0.00    3.51    0.00    0.00    0.00    0.64    0.00   77.64
Average:       1   19.09    0.00    3.24    0.00    0.00    0.00    0.65    0.00   77.02
Average:       1   14.24    0.00    4.02    0.00    0.00    0.00    0.31    0.00   81.42
Average:       1   19.23    0.00    3.85    0.00    0.00    0.00    0.64    0.00   76.28
Average:       1   15.62    0.00    3.75    0.00    0.00    0.00    0.62    0.00   80.00
Average:       1   19.29    0.00    3.86    0.00    0.00    0.00    0.64    0.00   76.21
Average:       1   15.58    0.00    4.36    0.31    0.00    0.00    0.62    0.00   79.13
Average:       1   16.77    0.00    4.84    0.00    0.00    0.00    0.65    0.00   77.74
Average:       1    8.52    0.00    2.56    0.00    0.00    0.00    0.28    0.00   88.64
Average:       1   17.14    0.00    4.44    0.00    0.00    0.00    0.63    0.00   77.78
Average:       1   15.89    0.00    4.98    0.00    0.00    0.00    0.62    0.00   78.50
Average:       1   17.09    0.00    4.75    0.32    0.00    0.00    0.63    0.00   77.22
Average:       1   16.30    0.00    3.45    0.00    0.00    0.00    0.63    0.00   79.62
Average:       1   18.39    0.00    3.87    0.65    0.00    0.00    0.65    0.00   76.45
Average:       1   18.41    0.00    4.44    0.00    0.00    0.00    0.63    0.00   76.51
Average:       1   21.57    0.00    3.59    0.00    0.00    0.00    0.65    0.00   74.18
Average:       1   11.59    0.00    2.32    0.00    0.00    0.00    0.29    0.00   85.80
Average:       1   16.61    0.00    3.51    0.00    0.00    0.00    0.64    0.00   79.23
Average:       1   17.09    0.00    3.16    2.22    0.00    0.00    0.63    0.00   76.90
Average:       1   18.71    0.00    3.87    0.00    0.00    0.00    0.65    0.00   76.77
Average:       1   14.51    0.00    4.42    0.63    0.00    0.00    0.63    0.00   79.81
Average:       1   17.15    0.00    4.21    0.00    0.00    0.00    0.65    0.00   77.99
Average:       1   13.92    0.00    4.43    0.00    0.00    0.00    0.63    0.00   81.01
Average:       1   15.84    0.00    4.35    0.31    0.00    0.00    0.62    0.00   78.88
Average:       1   18.67    0.00    4.11    0.00    0.00    0.00    0.32    0.00   76.90
Average:       1   15.77    0.00    4.42    0.00    0.00    0.00    0.63    0.00   79.18
Average:       1   20.32    0.00    2.58    0.97    0.00    0.00    0.32    0.00   75.81
Average:       1   21.36    0.00    4.53    0.32    0.00    0.00    0.65    0.00   73.14
Average:       1   16.14    0.00    4.11    0.63    0.00    0.00    0.63    0.00   78.48
Average:       1   17.14    0.00    4.76    0.00    0.00    0.00    0.63    0.00   77.46
Average:       1   15.00    0.00    4.06    0.00    0.00    0.00    0.31    0.00   80.62
Average:       1   19.23    0.00    4.81    0.00    0.00    0.00    0.64    0.00   75.32
Average:       1   15.79    0.00    4.02    0.00    0.00    0.00    0.62    0.00   79.57
Average:       1   15.19    0.00    5.06    0.00    0.00    0.00    0.63    0.00   79.11
Average:       1   18.73    0.00    3.17    0.00    0.00    0.00    0.63    0.00   77.46
Average:       1   15.67    0.00    3.76    0.00    0.00    0.00    0.63    0.00   79.94
Average:       1    6.89    0.00    2.75    0.55    0.00    0.00    0.28    0.00   89.53
Average:       1   17.46    0.00    3.81    0.32    0.00    0.00    0.32    0.00   78.10
Average:       1   17.98    0.00    2.84    0.00    0.00    0.00    0.63    0.00   78.55
Average:       1   14.77    0.00    2.46    0.00    0.00    0.00    0.62    0.00   82.15
Average:       1   17.19    0.00    3.44    5.62    0.00    0.00    0.31    0.00   73.44
Average:       1   20.52    0.00    5.86    0.00    0.00    0.00    0.65    0.00   72.96
Average:       1   15.67    0.00    3.76    0.00    0.00    0.00    0.31    0.00   80.25
Average:       1   16.98    0.00    3.77    0.00    0.00    0.00    0.63    0.00   78.62
Average:       1   18.35    0.00    2.85    0.00    0.00    0.00    0.63    0.00   78.16
Average:       1   18.91    0.00    2.24    0.32    0.00    0.00    0.32    0.00   78.21
Average:       1   21.71    0.00    3.62    0.00    0.00    0.00    0.66    0.00   74.01
Average:       1   17.25    0.00    3.51    0.96    0.00    0.00    0.64    0.00   77.64
Average:       1   14.15    0.00    4.92    0.00    0.00    0.00    0.62    0.00   80.31
Average:       1   14.98    0.00    3.67    0.31    0.00    0.00    0.61    0.00   80.43
Average:       1   18.07    0.00    3.43    0.00    0.00    0.00    0.31    0.00   78.19
Average:       1   22.08    0.00    2.92    0.00    0.00    0.00    0.65    0.00   74.35
Average:       1   18.67    0.00    3.80    0.32    0.00    0.00    0.32    0.00   76.90
Average:       1   18.41    0.00    3.81    0.00    0.00    0.00    0.63    0.00   77.14
Average:       1   16.09    0.00    4.10    0.00    0.00    0.00    0.32    0.00   79.50
Average:       1   16.09    0.00    3.79    0.00    0.00    0.00    0.63    0.00   79.50
Average:       1   17.63    0.00    5.13    1.28    0.00    0.00    0.64    0.00   75.32
Average:       1   18.41    0.00    4.76    0.32    0.00    0.00    0.63    0.00   75.87
Average:       1   19.24    0.00    4.42    0.00    0.00    0.00    0.63    0.00   75.71
Average:       1   16.25    0.00    3.12    2.19    0.00    0.00    0.62    0.00   77.81
Average:       1   17.46    0.00    3.49    0.00    0.00    0.00    0.32    0.00   78.73
Average:       1   20.71    0.00    4.53    0.00    0.00    0.00    0.65    0.00   74.11
Average:       1   15.58    0.00    4.05    1.87    0.00    0.00    0.62    0.00   77.88
Average:       1   18.53    0.00    3.51    0.00    0.00    0.00    0.32    0.00   77.64
Average:       1   16.25    0.00    3.44    0.00    0.00    0.00    0.31    0.00   80.00
Average:       1   18.15    0.00    5.10    0.00    0.00    0.00    0.32    0.00   76.43
Average:       1   15.84    0.00    4.04    0.00    0.00    0.00    0.62    0.00   79.50
Average:       1   14.24    0.00    3.72    0.93    0.00    0.00    0.31    0.00   80.80
Average:       1   16.41    0.00    3.41    0.00    0.00    0.00    0.62    0.00   79.57
Average:       1   17.19    0.00    3.75    1.56    0.00    0.00    0.62    0.00   76.88
Average:       1   17.55    0.00    3.76    0.00    0.00    0.00    0.31    0.00   78.37
Average:       1   19.03    0.00    3.87    0.00    0.00    0.00    0.32    0.00   76.77
Average:       1    7.20    0.00    1.94    1.39    0.00    0.00    0.28    0.00   89.20
Average:       1   14.55    0.00    2.48    0.00    0.00    0.00    0.62    0.00   82.35
Average:       1   16.88    0.00    3.75    0.31    0.00    0.00    0.31    0.00   78.75
Average:       1   14.55    0.00    3.10    0.00    0.00    0.00    0.62    0.00   81.73
Average:       1   15.94    0.00    4.06    0.00    0.00    0.00    0.62    0.00   79.38
Average:       1   20.95    0.00    3.81    0.63    0.00    0.00    0.32    0.00   74.29
Average:       1   17.52    0.00    3.50    0.00    0.00    0.00    0.32    0.00   78.66
Average:       1   19.24    0.00    4.42    2.21    0.00    0.00    0.63    0.00   73.50
Average:       1   17.41    0.00    4.11    0.00    0.00    0.00    0.32    0.00   78.16
Average:       1   18.59    0.00    4.81    0.00    0.00    0.00    0.32    0.00   76.28
Average:       1   15.24    0.00    4.44    0.63    0.00    0.00    0.63    0.00   79.05
Average:       1   11.18    0.00    3.24    0.00    0.00    0.00    0.29    0.00   85.29
Average:       1   17.55    0.00    3.45    0.00    0.00    0.00    0.63    0.00   78.37
Average:       1   17.35    0.00    4.73    3.79    0.00    0.00    0.32    0.00   73.82
Average:       1   18.61    0.00    4.10    0.32    0.00    0.00    0.63    0.00   76.34
Average:       1   17.81    0.00    2.81    0.00    0.00    0.00    0.62    0.00   78.75
Average:       1   18.87    0.00    3.46    0.00    0.00    0.00    0.63    0.00   77.04
Average:       1   16.98    0.00    3.40    0.62    0.00    0.00    0.62    0.00   78.40
Average:       1   14.29    0.00    4.35    0.00    0.00    0.00    0.62    0.00   80.75
Average:       1   14.91    0.00    4.04    0.00    0.00    0.00    0.62    0.00   80.43
Average:       1   16.88    0.00    3.75    0.62    0.00    0.00    0.62    0.00   78.12
Average:       1   13.15    0.00    3.06    0.00    0.00    0.00    0.31    0.00   83.49
Average:       1   16.14    0.00    3.16    2.85    0.00    0.00    0.32    0.00   77.53
Average:       1   16.67    0.00    3.14    0.63    0.00    0.00    0.63    0.00   78.93
Average:       1   20.71    0.00    3.24    2.27    0.00    0.00    0.32    0.00   73.46
Average:       1   18.21    0.00    6.07    0.00    0.00    0.00    0.32    0.00   75.40
Average:       1   16.61    0.00    2.82    0.00    0.00    0.00    0.31    0.00   80.25
Average:       1   15.84    0.00    3.73    0.00    0.00    0.00    0.62    0.00   79.81
Average:       1   17.76    0.00    3.74    0.00    0.00    0.00    0.62    0.00   77.88
Average:       1   15.89    0.00    2.80    0.00    0.00    0.00    0.62    0.00   80.69
Average:       1    7.00    0.00    1.96    0.00    0.00    0.00    0.28    0.00   90.76
Average:       1   17.55    0.00    3.76    0.00    0.00    0.00    0.63    0.00   78.06
Average:       1   17.03    0.00    2.79    0.31    0.00    0.00    0.62    0.00   79.26
Average:       1   19.87    0.00    4.17    0.00    0.00    0.00    0.64    0.00   75.32
Average:       1   16.15    0.00    3.73    0.00    0.00    0.00    0.31    0.00   79.81
Average:       1   18.47    0.00    3.18    0.00    0.00    0.00    0.64    0.00   77.71
Average:       1   15.67    0.00    3.76    0.00    0.00    0.00    0.31    0.00   80.25
Average:       1   19.17    0.00    4.79    0.00    0.00    0.00    0.64    0.00   75.40
Average:       1    7.34    0.00    1.98    0.00    0.00    0.00    0.28    0.00   90.40
Average:       1   20.90    0.00    3.86    0.00    0.00    0.00    0.64    0.00   74.60
Average:       1   20.32    0.00    3.81    0.00    0.00    0.00    0.63    0.00   75.24
Average:       1   15.53    0.00    3.11    0.00    0.00    0.00    0.31    0.00   81.06
Average:       1   15.00    0.00    3.44    0.00    0.00    0.00    0.62    0.00   80.94
Average:       1   18.33    0.00    2.57    0.00    0.00    0.00    0.32    0.00   78.78
Average:       1   18.91    0.00    3.53    0.00    0.00    0.00    0.32    0.00   77.24
Average:       1   17.78    0.00    3.81    0.00    0.00    0.00    0.63    0.00   77.78
Average:       1   18.18    0.00    3.76    0.00    0.00    0.00    0.31    0.00   77.74
Average:       1   17.30    0.00    3.46    0.31    0.00    0.00    0.63    0.00   78.30
Average:       1   20.38    0.00    3.18    1.27    0.00    0.00    0.64    0.00   74.52
Average:       1   14.71    0.00    2.40    0.00    0.00    0.00    0.30    0.00   82.58
Average:       1   16.82    0.00    2.80    0.00    0.00    0.00    0.62    0.00   79.75
Average:       1   17.35    0.00    3.79    0.00    0.00    0.00    0.32    0.00   78.55
Average:       1   20.00    0.00    3.17    0.00    0.00    0.00    0.32    0.00   76.51
Average:       1   17.25    0.00    3.51    0.00    0.00    0.00    0.32    0.00   78.91
Average:       1   17.24    0.00    3.45    0.00    0.00    0.00    0.63    0.00   78.68
Average:       1   18.73    0.00    4.13    0.00    0.00    0.00    0.63    0.00   76.51
Average:       1   18.24    0.00    3.14    0.00    0.00    0.00    0.63    0.00   77.99
Average:       1   20.97    0.00    2.90    1.94    0.00    0.00    0.65    0.00   73.55
Average:       1    8.19    0.00    2.34    0.00    0.00    0.00    0.29    0.00   89.18
Average:       1   15.99    0.00    4.08    1.88    0.00    0.00    0.63    0.00   77.43
Average:       1   19.43    0.00    3.18    0.00    0.00    0.00    0.64    0.00   76.75
Average:       1   19.81    0.00    3.14    0.00    0.00    0.00    0.63    0.00   76.42
Average:       1   15.51    0.00    3.16    0.00    0.00    0.00    0.32    0.00   81.01
Average:       1   16.98    0.00    3.46    0.00    0.00    0.00    0.31    0.00   79.25
Average:       1   16.83    0.00    3.81    0.00    0.00    0.00    0.63    0.00   78.73
Average:       1   16.20    0.00    3.43    0.00    0.00    0.00    0.62    0.00   79.75
Average:       1   17.28    0.00    2.78    0.00    0.00    0.00    0.31    0.00   79.63
Average:       1   18.61    0.00    2.84    0.00    0.00    0.00    0.63    0.00   77.92
Average:       1   16.04    0.00    4.72    0.00    0.00    0.00    0.63    0.00   78.62
Average:       1   17.92    0.00    4.09    0.00    0.00    0.00    0.31    0.00   77.67
Average:       1   18.93    0.00    3.15    0.00    0.00    0.00    0.63    0.00   77.29
Average:       1   18.99    0.00    3.80    2.22    0.00    0.00    0.32    0.00   74.68
Average:       1   17.78    0.00    3.81    0.00    0.00    0.00    0.32    0.00   78.10
Average:       1   19.24    0.00    2.84    0.00    0.00    0.00    0.32    0.00   77.60
Average:       1   17.61    0.00    2.20    0.00    0.00    0.00    0.31    0.00   79.87
Average:       1   20.26    0.00    4.18    0.00    0.00    0.00    0.32    0.00   75.24
Average:       1   13.23    0.00    4.31    0.00    0.00    0.00    0.31    0.00   82.15
Average:       1    8.10    0.00    1.96    0.00    0.00    0.00    0.28    0.00   89.66
Average:       1   18.69    0.00    4.05    0.62    0.00    0.00    0.31    0.00   76.32
Average:       1   17.76    0.00    3.74    0.00    0.00    0.00    0.62    0.00   77.88
Average:       1   13.27    0.00    4.32    0.00    0.00    0.00    0.31    0.00   82.10
Average:       1   15.38    0.00    2.77    0.00    0.00    0.00    0.31    0.00   81.54
Average:       1   16.05    0.00    3.09    0.00    0.00    0.00    0.31    0.00   80.56
Average:       1   17.83    0.00    4.46    0.96    0.00    0.00    0.32    0.00   76.43
Average:       1   10.48    0.00    2.40    0.00    0.00    0.00    0.30    0.00   86.83
Average:       1   18.35    0.00    3.16    0.00    0.00    0.00    0.32    0.00   78.16
Average:       1    7.32    0.00    2.25    0.00    0.00    0.00    0.28    0.00   90.14
Average:       1   17.03    0.00    4.10    0.00    0.00    0.00    0.63    0.00   78.23
Average:       1    4.96    0.00    2.20    0.00    0.00    0.00    0.00    0.00   92.84
Average:       1   15.22    0.00    3.11    0.00    0.00    0.00    0.62    0.00   81.06
Average:       1    4.30    0.00    1.61    0.00    0.00    0.00    0.27    0.00   93.82
Average:       1   18.21    0.00    3.51    0.00    0.00    0.00    0.64    0.00   77.64
Average:       1    0.00    0.00    2.04    2.55    0.00    0.00    0.00    0.00   95.41
Average:       1   23.66    0.00    1.89    3.47    0.00    0.00    0.00    0.00   70.98
Average:       1   97.52    0.00    1.49    0.00    0.00    0.00    0.00    0.00    0.99
Average:       1   96.55    0.00    0.99    0.00    0.00    0.00    0.00    0.00    2.46
Average:       1   96.04    0.00    1.98    0.00    0.00    0.00    0.00    0.00    1.98
Average:       1    0.25    0.00    1.27    2.03    0.00    0.00    0.00    0.00   96.45
Average:       1    0.26    0.00    1.32    6.08    0.00    0.00    0.00    0.00   92.33
Average:       1    0.00    0.00    0.79    1.05    0.00    0.00    0.26    0.00   97.89
Average:       1    0.00    0.00    1.01    1.26    0.00    0.00    0.00    0.00   97.73
Average:       1    0.25    0.00    1.01    0.51    0.00    0.00    0.00    0.00   98.23
Average:       1    0.77    0.00    2.58    6.70    0.00    0.00    0.00    0.00   89.95
Average:       1    0.00    0.00    1.01    0.00    0.00    0.00    0.00    0.00   98.99
Average:       1    0.25    0.00    1.01    0.00    0.00    0.00    0.00    0.00   98.73
Average:       1    0.25    0.00    2.04    0.25    0.00    0.00    0.00    0.00   97.46
Average:       1    0.00    0.00    1.01    0.00    0.00    0.00    0.00    0.00   98.99
Average:       1    0.25    0.00    0.76    0.00    0.00    0.00    0.00    0.00   98.98
Average:       1    0.00    0.00    1.26    0.00    0.00    0.00    0.00    0.00   98.74
Average:       1    0.00    0.00    1.01    0.00    0.00    0.00    0.00    0.00   98.99
Average:       1    0.25    0.00    1.01    0.00    0.00    0.00    0.00    0.00   98.74
Average:       1    0.25    0.00    0.76    0.00    0.00    0.00    0.25    0.00   98.74
Average:       1    0.25    0.00    1.01    0.00    0.00    0.00    0.00    0.00   98.74
Average:       1    0.51    0.00    0.25    0.00    0.00    0.00    0.00    0.00   99.24
Average:       1    0.25    0.00    1.01    0.00    0.00    0.00    0.00    0.00   98.73
Average:       1    0.25    0.00    1.26    0.00    0.00    0.00    0.00    0.00   98.48
Average:       1    0.25    0.00    0.76    0.00    0.00    0.00    0.00    0.00   98.98
Average:       1    0.25    0.00    1.01    0.00    0.00    0.00    0.00    0.00   98.74
Average:       1    0.00    0.00    1.01    0.00    0.00    0.00    0.00    0.00   98.99
Average:       1    0.25    0.00    0.76    0.00    0.00    0.00    0.00    0.00   98.98
Average:       1    0.00    0.00    0.76    0.00    0.00    0.00    0.00    0.00   99.24
Average:       1    0.25    0.00    1.01    0.00    0.00    0.00    0.00    0.00   98.74
Average:       1    0.00    0.00    0.76    0.00    0.00    0.00    0.00    0.00   99.24
Average:       1    0.00    0.00    0.76    0.00    0.00    0.00    0.00    0.00   99.24
Average:       1    0.25    0.00    0.76    0.00    0.00    0.00    0.00    0.00   98.99
Average:       1    0.00    0.00    1.01    0.00    0.00    0.00    0.00    0.00   98.99
Average:       1    0.00    0.00    1.01    0.00    0.00    0.00    0.00    0.00   98.99
Average:       1    0.25    0.00    0.76    0.00    0.00    0.00    0.00    0.00   98.99
Average:       1    0.00    0.00    0.76    0.00    0.00    0.00    0.00    0.00   99.24
Average:       1    0.51    0.00    0.76    0.00    0.00    0.00    0.00    0.00   98.73
Average:       1    0.25    0.00    0.76    0.00    0.00    0.00    0.00    0.00   98.99
Average:       1    0.25    0.00    0.76    0.00    0.00    0.00    0.00    0.00   98.99
Average:       1    0.25    0.00    0.51    0.00    0.00    0.00    0.00    0.00   99.24
Average:       1    0.25    0.00    1.01    0.00    0.00    0.00    0.00    0.00   98.74
Average:       1    0.25    0.00    1.01    0.00    0.00    0.00    0.00    0.00   98.74
Average:       1    0.25    0.00    1.01    0.00    0.00    0.00    0.00    0.00   98.74
Average:       1    0.00    0.00    1.27    0.00    0.00    0.00    0.00    0.00   98.73
Average:       1    0.00    0.00    0.76    0.00    0.00    0.00    0.00    0.00   99.24
Average:       1    0.00    0.00    1.52    0.00    0.00    0.00    0.00    0.00   98.48
Average:       1    0.25    0.00    0.51    0.00    0.00    0.00    0.00    0.00   99.24
Average:       1    0.00    0.00    1.27    0.00    0.00    0.00    0.00    0.00   98.73
Average:       1    0.25    0.00    1.27    0.00    0.00    0.00    0.00    0.00   98.48
Average:       1    0.25    0.00    1.01    0.00    0.00    0.00    0.00    0.00   98.74
Average:       1    0.00    0.00    0.76    0.00    0.00    0.00    0.00    0.00   99.24
Average:       1    0.25    0.00    1.01    0.00    0.00    0.00    0.00    0.00   98.73
Average:       1    0.51    0.00    0.76    0.00    0.00    0.00    0.00    0.00   98.73
Average:       1    0.00    0.00    1.01    0.00    0.00    0.00    0.00    0.00   98.99
Average:       1    0.25    0.00    1.01    0.00    0.00    0.00    0.00    0.00   98.73
Average:       1    0.25    0.00    0.51    0.00    0.00    0.00    0.00    0.00   99.24
Average:       1    0.25    0.00    0.76    0.00    0.00    0.00    0.00    0.00   98.99
Average:       1    0.25    0.00    1.26    0.00    0.00    0.00    0.00    0.00   98.48
Average:       1    0.25    0.00    0.76    0.00    0.00    0.00    0.00    0.00   98.99
Average:       1    0.25    0.00    0.76    0.00    0.00    0.00    0.00    0.00   98.99
Average:       1    0.25    0.00    0.76    0.00    0.00    0.00    0.00    0.00   98.99
Average:       1    0.00    0.00    1.01    0.00    0.00    0.00    0.00    0.00   98.99
Average:       1    0.00    0.00    1.27    0.00    0.00    0.00    0.00    0.00   98.73
Average:       1    0.25    0.00    0.76    0.00    0.00    0.00    0.00    0.00   98.99
Average:       1    0.51    0.00    0.76    0.00    0.00    0.00    0.00    0.00   98.74
Average:       1    0.00    0.00    1.27    0.00    0.00    0.00    0.00    0.00   98.73
Average:       1    0.51    0.00    1.01    0.00    0.00    0.00    0.00    0.00   98.48
Average:       1    0.00    0.00    1.01    0.00    0.00    0.00    0.00    0.00   98.99
Average:       1    0.25    0.00    0.51    0.00    0.00    0.00    0.00    0.00   99.24
Average:       1    0.00    0.00    0.82    0.00    0.00    0.00    0.00    0.00   99.18
Average:       1    0.24    0.00    0.71    0.00    0.00    0.00    0.00    0.00   99.06
Average:       1    0.25    0.00    0.51    0.00    0.00    0.00    0.00    0.00   99.24
Average:       1    0.25    0.00    1.01    0.00    0.00    0.00    0.00    0.00   98.74
Average:       1    0.30    0.00    0.91    0.00    0.00    0.00    0.00    0.00   98.78
Average:       1    0.00    0.00    0.92    0.00    0.00    0.00    0.00    0.00   99.08
Average:       1    0.00    0.00    1.11    0.00    0.00    0.00    0.00    0.00   98.89
Average:       1    0.30    0.00    0.90    0.00    0.00    0.00    0.00    0.00   98.80
Average:       1    0.28    0.00    0.84    0.00    0.00    0.00    0.00    0.00   98.88
Average:       1    0.30    0.00    1.22    0.00    0.00    0.00    0.00    0.00   98.48
Average:       1    0.30    0.00    1.22    0.00    0.00    0.00    0.00    0.00   98.48
Average:       1    0.31    0.00    0.92    0.00    0.00    0.00    0.00    0.00   98.78
Average:       1    0.31    0.00    0.93    0.00    0.00    0.00    0.00    0.00   98.76
Average:       1    0.28    0.00    0.84    0.00    0.00    0.00    0.00    0.00   98.88
Average:       1    0.31    0.00    1.24    0.00    0.00    0.00    0.00    0.00   98.45
Average:       1    0.00    0.00    1.21    0.00    0.00    0.00    0.00    0.00   98.79
Average:       1    0.00    0.00    1.19    0.00    0.00    0.00    0.00    0.00   98.81
Average:       1    0.61    0.00    0.61    0.00    0.00    0.00    0.00    0.00   98.78
Average:       1    0.00    0.00    0.85    0.00    0.00    0.00    0.00    0.00   99.15
Average:       1    0.30    0.00    0.61    0.00    0.00    0.00    0.00    0.00   99.09
Average:       1    0.32    0.00    0.96    0.00    0.00    0.00    0.00    0.00   98.73
Average:       1    0.31    0.00    0.62    0.00    0.00    0.00    0.00    0.00   99.07
Average:       1    0.62    0.00    0.62    0.00    0.00    0.00    0.00    0.00   98.77
Average:       1    0.62    0.00    0.62    0.00    0.00    0.00    0.00    0.00   98.77
Average:       1    0.00    0.00    0.62    0.00    0.00    0.00    0.00    0.00   99.38
Average:       1    0.30    0.00    0.90    0.00    0.00    0.00    0.00    0.00   98.80
Average:       1    0.00    0.00    1.23    0.00    0.00    0.00    0.00    0.00   98.77
Average:       1    0.00    0.00    1.23    0.00    0.00    0.00    0.00    0.00   98.77
Average:       1    0.00    0.00    0.92    0.00    0.00    0.00    0.00    0.00   99.08
Average:       1    0.00    0.00    0.61    0.00    0.00    0.00    0.00    0.00   99.39
Average:       1    0.00    0.00    0.92    0.00    0.00    0.00    0.00    0.00   99.08
Average:       1    0.00    0.00    0.70    0.00    0.00    0.00    0.00    0.00   99.30
Average:       1    0.00    0.00    1.02    0.00    0.00    0.00    0.00    0.00   98.98
Average:       1    0.00    0.00    0.77    0.00    0.00    0.00    0.00    0.00   99.23
Average:       1    0.00    0.00    0.77    0.00    0.00    0.00    0.00    0.00   99.23
Average:       1    0.52    0.00    0.78    0.00    0.00    0.00    0.00    0.00   98.70
Average:       1    0.26    0.00    0.51    0.00    0.00    0.00    0.00    0.00   99.23
Average:       1    0.26    0.00    1.05    0.00    0.00    0.00    0.00    0.00   98.68
Average:       1    0.26    0.00    0.53    0.00    0.00    0.00    0.00    0.00   99.21
Average:       1    0.27    0.00    0.53    0.00    0.00    0.00    0.00    0.00   99.20
Average:       1    0.27    0.00    1.07    0.00    0.00    0.00    0.00    0.00   98.66
Average:       1    0.00    0.00    0.81    0.00    0.00    0.00    0.00    0.00   99.19
Average:       1    0.00    0.00    1.31    0.00    0.00    0.00    0.00    0.00   98.69
Average:       1    0.25    0.00    0.76    0.00    0.00    0.00    0.00    0.00   98.99
Average:       1    0.00    0.00    0.76    0.00    0.00    0.00    0.00    0.00   99.24
Average:       1    0.00    0.00    1.01    0.00    0.00    0.00    0.00    0.00   98.99
Average:       1    0.00    0.00    0.76    1.53    0.00    0.00    0.00    0.00   97.71
Average:       1    0.26    0.00    0.77    0.00    0.00    0.00    0.00    0.00   98.98
Average:       1    0.26    0.00    0.51    0.00    0.00    0.00    0.00    0.00   99.23
Average:       1    0.51    0.00    0.51    0.00    0.00    0.00    0.00    0.00   98.97
Average:       1    0.00    0.00    1.03    0.00    0.00    0.00    0.00    0.00   98.97
Average:       1    0.00    0.00    1.02    0.00    0.00    0.00    0.00    0.00   98.98
Average:       1    0.00    0.00    1.03    0.00    0.00    0.00    0.00    0.00   98.97
Average:       1    0.26    0.00    0.52    0.00    0.00    0.00    0.00    0.00   99.22
Average:       1    0.26    0.00    0.78    0.00    0.00    0.00    0.00    0.00   98.97
Average:       1    0.26    0.00    0.78    0.00    0.00    0.00    0.00    0.00   98.96
Average:       1    0.00    0.00    1.02    0.00    0.00    0.00    0.00    0.00   98.98
Average:       1    0.26    0.00    1.04    0.00    0.00    0.00    0.00    0.00   98.70
Average:       1    0.26    0.00    0.78    0.00    0.00    0.00    0.00    0.00   98.96
Average:       1    0.00    0.00    0.78    0.00    0.00    0.00    0.00    0.00   99.22
Average:       1    0.26    0.00    0.26    0.00    0.00    0.00    0.00    0.00   99.48
Average:       1    0.26    0.00    0.79    0.00    0.00    0.00    0.00    0.00   98.95
Average:       1    0.00    0.00    0.79    0.00    0.00    0.00    0.00    0.00   99.21
Average:       1    0.00    0.00    1.05    0.00    0.00    0.00    0.00    0.00   98.95
Average:       1    0.00    0.00    0.79    0.00    0.00    0.00    0.00    0.00   99.21
Average:       1    0.26    0.00    1.05    0.00    0.00    0.00    0.00    0.00   98.68
Average:       1    0.00    0.00    0.79    0.00    0.00    0.00    0.00    0.00   99.21
Average:       1    0.26    0.00    0.79    0.00    0.00    0.00    0.00    0.00   98.94
Average:       1    0.00    0.00    1.33    0.00    0.00    0.00    0.00    0.00   98.67
Average:       1    0.27    0.00    0.53    0.00    0.00    0.00    0.00    0.00   99.20
Average:       1    0.25    0.00    0.76    0.00    0.00    0.00    0.00    0.00   98.99
Average:       1    0.00    0.00    0.51    0.00    0.00    0.00    0.00    0.00   99.49
Average:       1    0.00    0.00    0.77    0.00    0.00    0.00    0.00    0.00   99.23
Average:       1    0.26    0.00    0.78    0.00    0.00    0.00    0.00    0.00   98.96
Average:       1    0.26    0.00    0.52    0.00    0.00    0.00    0.00    0.00   99.22
Average:       1    0.27    0.00    0.80    0.00    0.00    0.00    0.00    0.00   98.94
Average:       1    0.27    0.00    0.80    0.00    0.00    0.00    0.00    0.00   98.93
Average:       1    0.27    0.00    1.07    0.00    0.00    0.00    0.00    0.00   98.66
Average:       1    0.27    0.00    1.07    0.00    0.00    0.00    0.00    0.00   98.66
Average:       1    0.00    0.00    1.08    0.00    0.00    0.00    0.00    0.00   98.92
Average:       1    0.27    0.00    0.81    0.00    0.00    0.00    0.00    0.00   98.92
Average:       1    0.00    0.00    0.54    0.00    0.00    0.00    0.00    0.00   99.46
Average:       1    0.27    0.00    0.82    0.00    0.00    0.00    0.00    0.00   98.91
Average:       1    0.00    0.00    0.55    0.00    0.00    0.00    0.00    0.00   99.45
Average:       1    0.00    0.00    1.06    0.00    0.00    0.00    0.00    0.00   98.94
Average:       1    0.00    0.00    0.83    0.00    0.00    0.00    0.00    0.00   99.17
Average:       1    0.00    0.00    1.11    0.00    0.00    0.00    0.00    0.00   98.89
Average:       1    0.00    0.00    1.11    0.00    0.00    0.00    0.00    0.00   98.89
Average:       1    0.28    0.00    0.56    0.00    0.00    0.00    0.00    0.00   99.16
Average:       1    0.27    0.00    0.82    0.00    0.00    0.00    0.00    0.00   98.91
Average:       1    0.28    0.00    1.11    0.00    0.00    0.00    0.00    0.00   98.61
Average:       1    0.28    0.00    0.84    0.00    0.00    0.00    0.00    0.00   98.88
Average:       1    0.28    0.00    1.12    0.00    0.00    0.00    0.00    0.00   98.60
Average:       1    0.28    0.00    0.84    0.00    0.00    0.00    0.00    0.00   98.88
Average:       1    0.00    0.00    0.56    0.00    0.00    0.00    0.00    0.00   99.44
Average:       1    0.27    0.00    0.80    0.00    0.00    0.00    0.00    0.00   98.93
Average:       1    0.00    0.00    1.13    0.00    0.00    0.00    0.00    0.00   98.87
Average:       1    0.00    0.00    1.02    0.00    0.00    0.00    0.00    0.00   98.98
Average:       1    0.00    0.00    0.85    0.00    0.00    0.00    0.00    0.00   99.15
Average:       1    0.57    0.00    0.57    0.00    0.00    0.00    0.00    0.00   98.86
Average:       1    0.00    0.00    0.80    0.00    0.00    0.00    0.00    0.00   99.20
Average:       1    0.00    0.00    1.43    0.00    0.00    0.00    0.00    0.00   98.57
Average:       1    0.00    0.00    0.86    0.00    0.00    0.00    0.00    0.00   99.14
Average:       1    0.29    0.00    1.15    0.00    0.00    0.00    0.00    0.00   98.57
Average:       1    0.29    0.00    0.58    0.00    0.00    0.00    0.00    0.00   99.14
Average:       1    0.29    0.00    1.15    0.00    0.00    0.00    0.00    0.00   98.56
Average:       1    0.00    0.00    0.81    0.00    0.00    0.00    0.00    0.00   99.19
