Average:       0    1.39    0.00    8.64   80.78    0.00    0.00    0.00    0.00    9.19
Average:       0    0.00    0.00   11.36   80.68    0.00    0.00    0.28    0.00    7.67
Average:       0    0.00    0.00   13.49   76.54    0.00    0.00    0.29    0.00    9.68
Average:       0    0.00    0.00   13.82   77.35    0.00    0.00    0.00    0.00    8.82
Average:       0    0.00    0.00   13.58   77.46    0.00    0.00    0.00    0.00    8.96
Average:       0    0.00    0.00   15.25   73.90    0.00    0.00    0.29    0.00   10.56
Average:       0    0.29    0.00   13.95   75.29    0.00    0.00    0.00    0.00   10.47
Average:       0    0.00    0.00   16.18   73.82    0.00    0.00    0.00    0.00   10.00
Average:       0    0.00    0.00   14.04   76.61    0.00    0.00    0.29    0.00    9.06
Average:       0    0.00    0.00   13.45   76.02    0.00    0.00    0.00    0.00   10.53
Average:       0    0.00    0.00   12.43   79.77    0.00    0.00    0.00    0.00    7.80
Average:       0   99.50    0.00    0.50    0.00    0.00    0.00    0.00    0.00    0.00
Average:       0  100.00    0.00    0.00    0.00    0.00    0.00    0.00    0.00    0.00
Average:       0   99.50    0.00    0.50    0.00    0.00    0.00    0.00    0.00    0.00
Average:       0  100.00    0.00    0.00    0.00    0.00    0.00    0.00    0.00    0.00
Average:       0   99.50    0.00    0.50    0.00    0.00    0.00    0.00    0.00    0.00
Average:       0   99.50    0.00    0.50    0.00    0.00    0.00    0.00    0.00    0.00
Average:       0   99.50    0.00    0.50    0.00    0.00    0.00    0.00    0.00    0.00
Average:       0   99.50    0.00    0.00    0.00    0.00    0.00    0.00    0.00    0.50
Average:       0  100.00    0.00    0.00    0.00    0.00    0.00    0.00    0.00    0.00
Average:       0   99.50    0.00    0.50    0.00    0.00    0.00    0.00    0.00    0.00
Average:       0   99.50    0.00    0.50    0.00    0.00    0.00    0.00    0.00    0.00
Average:       0   99.50    0.00    0.50    0.00    0.00    0.00    0.00    0.00    0.00
Average:       0  100.00    0.00    0.00    0.00    0.00    0.00    0.00    0.00    0.00
Average:       0   99.00    0.00    1.00    0.00    0.00    0.00    0.00    0.00    0.00
Average:       0  100.00    0.00    0.00    0.00    0.00    0.00    0.00    0.00    0.00
Average:       0   96.10    0.00    0.49    1.46    0.00    0.00    0.00    0.00    1.95
Average:       0   62.86    0.00    0.41    0.00    0.00    0.00    0.00    0.00   36.73
Average:       0   99.00    0.00    1.00    0.00    0.00    0.00    0.00    0.00    0.00
Average:       0   99.50    0.00    0.50    0.00    0.00    0.00    0.00    0.00    0.00
Average:       0   99.50    0.00    0.50    0.00    0.00    0.00    0.00    0.00    0.00
Average:       0   99.50    0.00    0.50    0.00    0.00    0.00    0.00    0.00    0.00
Average:       0   99.50    0.00    0.50    0.00    0.00    0.00    0.00    0.00    0.00
Average:       0   99.50    0.00    0.50    0.00    0.00    0.00    0.00    0.00    0.00
Average:       0   96.53    0.00    0.99    1.98    0.00    0.00    0.00    0.00    0.50
Average:       0   99.00    0.00    1.00    0.00    0.00    0.00    0.00    0.00    0.00
Average:       0   99.50    0.00    0.50    0.00    0.00    0.00    0.00    0.00    0.00
Average:       0   99.50    0.00    0.50    0.00    0.00    0.00    0.00    0.00    0.00
Average:       0   99.50    0.00    0.50    0.00    0.00    0.00    0.00    0.00    0.00
Average:       0  100.00    0.00    0.00    0.00    0.00    0.00    0.00    0.00    0.00
Average:       0  100.00    0.00    0.00    0.00    0.00    0.00    0.00    0.00    0.00
Average:       0   99.50    0.00    0.50    0.00    0.00    0.00    0.00    0.00    0.00
Average:       0   99.50    0.00    0.50    0.00    0.00    0.00    0.00    0.00    0.00
Average:       0   99.50    0.00    0.50    0.00    0.00    0.00    0.00    0.00    0.00
Average:       0  100.00    0.00    0.00    0.00    0.00    0.00    0.00    0.00    0.00
Average:       0  100.00    0.00    0.00    0.00    0.00    0.00    0.00    0.00    0.00
Average:       0   99.00    0.00    0.50    0.50    0.00    0.00    0.00    0.00    0.00
Average:       0  100.00    0.00    0.00    0.00    0.00    0.00    0.00    0.00    0.00
Average:       0   99.00    0.00    0.50    0.00    0.00    0.00    0.50    0.00    0.00
Average:       0   99.50    0.00    0.50    0.00    0.00    0.00    0.00    0.00    0.00
Average:       0   98.51    0.00    0.50    1.00    0.00    0.00    0.00    0.00    0.00
Average:       0   98.02    0.00    0.50    0.99    0.00    0.00    0.00    0.00    0.50
Average:       0  100.00    0.00    0.00    0.00    0.00    0.00    0.00    0.00    0.00
Average:       0   99.50    0.00    0.50    0.00    0.00    0.00    0.00    0.00    0.00
Average:       0  100.00    0.00    0.00    0.00    0.00    0.00    0.00    0.00    0.00
Average:       0  100.00    0.00    0.00    0.00    0.00    0.00    0.00    0.00    0.00
Average:       0   99.50    0.00    0.50    0.00    0.00    0.00    0.00    0.00    0.00
Average:       0   99.50    0.00    0.50    0.00    0.00    0.00    0.00    0.00    0.00
Average:       0  100.00    0.00    0.00    0.00    0.00    0.00    0.00    0.00    0.00
Average:       0    0.00    0.00    0.26    0.00    0.00    0.00    0.00    0.00   99.74
Average:       0   99.50    0.00    0.50    0.00    0.00    0.00    0.00    0.00    0.00
Average:       0  100.00    0.00    0.00    0.00    0.00    0.00    0.00    0.00    0.00
Average:       0   99.50    0.00    0.50    0.00    0.00    0.00    0.00    0.00    0.00
Average:       0   99.50    0.00    0.50    0.00    0.00    0.00    0.00    0.00    0.00
Average:       0   99.50    0.00    0.50    0.00    0.00    0.00    0.00    0.00    0.00
Average:       0   99.00    0.00    1.00    0.00    0.00    0.00    0.00    0.00    0.00
Average:       0   99.00    0.00    1.00    0.00    0.00    0.00    0.00    0.00    0.00
Average:       0  100.00    0.00    0.00    0.00    0.00    0.00    0.00    0.00    0.00
Average:       0   99.50    0.00    0.50    0.00    0.00    0.00    0.00    0.00    0.00
Average:       0  100.00    0.00    0.00    0.00    0.00    0.00    0.00    0.00    0.00
Average:       0   99.50    0.00    0.50    0.00    0.00    0.00    0.00    0.00    0.00
Average:       0   98.01    0.00    1.00    1.00    0.00    0.00    0.00    0.00    0.00
Average:       0   99.00    0.00    1.00    0.00    0.00    0.00    0.00    0.00    0.00
Average:       0   99.50    0.00    0.50    0.00    0.00    0.00    0.00    0.00    0.00
Average:       0   99.50    0.00    0.50    0.00    0.00    0.00    0.00    0.00    0.00
Average:       0   99.50    0.00    0.00    0.50    0.00    0.00    0.00    0.00    0.00
Average:       0  100.00    0.00    0.00    0.00    0.00    0.00    0.00    0.00    0.00
Average:       0   99.50    0.00    0.50    0.00    0.00    0.00    0.00    0.00    0.00
Average:       0   99.50    0.00    0.50    0.00    0.00    0.00    0.00    0.00    0.00
Average:       0   99.01    0.00    0.50    0.50    0.00    0.00    0.00    0.00    0.00
Average:       0   99.50    0.00    0.50    0.00    0.00    0.00    0.00    0.00    0.00
Average:       0  100.00    0.00    0.00    0.00    0.00    0.00    0.00    0.00    0.00
Average:       0   99.50    0.00    0.50    0.00    0.00    0.00    0.00    0.00    0.00
Average:       0   99.50    0.00    0.50    0.00    0.00    0.00    0.00    0.00    0.00
Average:       0   99.00    0.00    1.00    0.00    0.00    0.00    0.00    0.00    0.00
Average:       0   99.50    0.00    0.50    0.00    0.00    0.00    0.00    0.00    0.00
Average:       0   99.50    0.00    0.00    0.00    0.00    0.00    0.00    0.00    0.50
Average:       0  100.00    0.00    0.00    0.00    0.00    0.00    0.00    0.00    0.00
Average:       0  100.00    0.00    0.00    0.00    0.00    0.00    0.00    0.00    0.00
Average:       0   99.50    0.00    0.50    0.00    0.00    0.00    0.00    0.00    0.00
Average:       0  100.00    0.00    0.00    0.00    0.00    0.00    0.00    0.00    0.00
Average:       0  100.00    0.00    0.00    0.00    0.00    0.00    0.00    0.00    0.00
Average:       0   99.50    0.00    0.50    0.00    0.00    0.00    0.00    0.00    0.00
Average:       0   99.50    0.00    0.50    0.00    0.00    0.00    0.00    0.00    0.00
Average:       0   99.00    0.00    1.00    0.00    0.00    0.00    0.00    0.00    0.00
Average:       0  100.00    0.00    0.00    0.00    0.00    0.00    0.00    0.00    0.00
Average:       0   94.63    0.00    0.00    2.93    0.00    0.00    0.00    0.00    2.44
Average:       0   99.50    0.00    0.50    0.00    0.00    0.00    0.00    0.00    0.00
Average:       0   99.50    0.00    0.50    0.00    0.00    0.00    0.00    0.00    0.00
Average:       0   96.57    0.00    0.49    2.45    0.00    0.00    0.00    0.00    0.49
Average:       0   99.50    0.00    0.50    0.00    0.00    0.00    0.00    0.00    0.00
Average:       0   99.50    0.00    0.50    0.00    0.00    0.00    0.00    0.00    0.00
Average:       0   99.00    0.00    1.00    0.00    0.00    0.00    0.00    0.00    0.00
Average:       0  100.00    0.00    0.00    0.00    0.00    0.00    0.00    0.00    0.00
Average:       0   99.50    0.00    0.50    0.00    0.00    0.00    0.00    0.00    0.00
Average:       0  100.00    0.00    0.00    0.00    0.00    0.00    0.00    0.00    0.00
Average:       0  100.00    0.00    0.00    0.00    0.00    0.00    0.00    0.00    0.00
Average:       0   99.00    0.00    0.50    0.50    0.00    0.00    0.00    0.00    0.00
Average:       0    1.28    0.00    0.77    5.12    0.00    0.00    0.00    0.00   92.84
Average:       0   99.50    0.00    0.50    0.00    0.00    0.00    0.00    0.00    0.00
Average:       0   99.50    0.00    0.50    0.00    0.00    0.00    0.00    0.00    0.00
Average:       0   99.00    0.00    1.00    0.00    0.00    0.00    0.00    0.00    0.00
Average:       0   99.00    0.00    1.00    0.00    0.00    0.00    0.00    0.00    0.00
Average:       0   98.51    0.00    0.00    1.00    0.00    0.00    0.00    0.00    0.50
Average:       0   99.00    0.00    0.50    0.50    0.00    0.00    0.00    0.00    0.00
Average:       0  100.00    0.00    0.00    0.00    0.00    0.00    0.00    0.00    0.00
Average:       0    0.35    0.00   37.63   59.23    0.00    0.00    0.00    0.00    2.79
Average:       0    0.26    0.00    2.91   96.56    0.00    0.00    0.26    0.00    0.00
Average:       0    0.28    0.00    9.04   88.14    0.00    0.00    0.28    0.00    2.26
Average:       0    0.28    0.00    7.46   89.78    0.00    0.00    0.00    0.00    2.49
Average:       0    0.00    0.00   11.20   84.31    0.00    0.00    0.28    0.00    4.20
Average:       0    0.28    0.00    7.56   87.68    0.00    0.00    0.28    0.00    4.20
Average:       0    0.00    0.00    8.74   89.62    0.00    0.00    0.00    0.00    1.64
Average:       0    0.27    0.00    5.41   92.16    0.00    0.00    0.00    0.00    2.16
Average:       0    0.28    0.00    6.63   93.09    0.00    0.00    0.00    0.00    0.00
Average:       0    0.54    0.00    4.34   86.99    0.00    0.00    0.00    0.00    8.13
Average:       0    0.28    0.00    8.38   86.31    0.00    0.00    0.00    0.00    5.03
Average:       0    0.00    0.00   28.48   59.55    0.00    0.00    0.00    0.00   11.97
Average:       0   99.50    0.00    0.50    0.00    0.00    0.00    0.00    0.00    0.00
Average:       0  100.00    0.00    0.00    0.00    0.00    0.00    0.00    0.00    0.00
Average:       0  100.00    0.00    0.00    0.00    0.00    0.00    0.00    0.00    0.00
Average:       0  100.00    0.00    0.00    0.00    0.00    0.00    0.00    0.00    0.00
Average:       0  100.00    0.00    0.00    0.00    0.00    0.00    0.00    0.00    0.00
Average:       0  100.00    0.00    0.00    0.00    0.00    0.00    0.00    0.00    0.00
Average:       0  100.00    0.00    0.00    0.00    0.00    0.00    0.00    0.00    0.00
Average:       0    0.88    0.00   15.54   79.47    0.00    0.00    0.00    0.00    4.11
Average:       0    0.00    0.00   13.54   77.52    0.00    0.00    0.00    0.00    8.93
Average:       0    0.00    0.00   12.68   79.25    0.00    0.00    0.00    0.00    8.07
Average:       0    0.00    0.00   14.33   76.32    0.00    0.00    0.29    0.00    9.06
Average:       0    0.00    0.00   13.54   75.50    0.00    0.00    0.00    0.00   10.95
Average:       0    0.00    0.00   14.33   76.02    0.00    0.00    0.29    0.00    9.36
Average:       0    0.00    0.00   13.01   77.46    0.00    0.00    0.00    0.00    9.54
Average:       0    0.29    0.00   12.10   78.96    0.00    0.00    0.29    0.00    8.36
Average:       0    0.00    0.00   14.71   75.29    0.00    0.00    0.00    0.00   10.00
Average:       0    0.00    0.00   14.24   75.58    0.00    0.00    0.00    0.00   10.17
Average:       0    0.29    0.00   14.94   73.85    0.00    0.00    0.29    0.00   10.63
Average:       0   18.45    0.00    2.91    0.00    0.00    0.00    0.65    0.00   77.99
Average:       0   17.09    0.00    3.16    0.63    0.00    0.00    0.63    0.00   78.48
Average:       0   17.98    0.00    3.47    0.00    0.00    0.00    0.63    0.00   77.92
Average:       0   17.21    0.00    5.19    2.60    0.00    0.00    0.65    0.00   74.35
Average:       0   19.29    0.00    3.22    0.00    0.00    0.00    0.96    0.00   76.53
Average:       0   20.45    0.00    3.51    0.00    0.00    0.00    0.64    0.00   75.40
Average:       0   19.09    0.00    4.53    0.65    0.00    0.00    0.65    0.00   75.08
Average:       0   16.61    0.00    4.15    0.00    0.00    0.00    0.64    0.00   78.59
Average:       0   22.44    0.00    4.29    1.65    0.00    0.00    0.99    0.00   70.63
Average:       0   19.11    0.00    4.46    0.00    0.00    0.00    0.64    0.00   75.80
Average:       0   18.21    0.00    3.19    0.00    0.00    0.00    0.64    0.00   77.96
Average:       0   18.01    0.00    3.54    1.61    0.00    0.00    0.64    0.00   76.21
Average:       0   19.87    0.00    4.17    0.32    0.00    0.00    0.96    0.00   74.68
Average:       0   18.39    0.00    3.55    0.00    0.00    0.00    0.65    0.00   77.42
Average:       0   17.63    0.00    4.49    0.00    0.00    0.00    0.64    0.00   77.24
Average:       0   19.03    0.00    4.19    0.00    0.00    0.00    0.65    0.00   76.13
Average:       0   15.56    0.00    3.49    0.00    0.00    0.00    0.63    0.00   80.32
Average:       0   18.77    0.00    4.53    0.00    0.00    0.00    0.65    0.00   76.05
Average:       0   17.78    0.00    4.44    0.95    0.00    0.00    0.63    0.00   76.19
Average:       0   18.01    0.00    4.18    0.00    0.00    0.00    0.64    0.00   77.17
Average:       0   16.82    0.00    3.43    0.00    0.00    0.00    0.62    0.00   79.13
Average:       0   17.03    0.00    2.84    2.52    0.00    0.00    0.63    0.00   76.97
Average:       0   16.88    0.00    3.50    0.00    0.00    0.00    0.64    0.00   78.98
Average:       0   16.72    0.00    3.54    1.93    0.00    0.00    0.64    0.00   77.17
Average:       0   21.45    0.00    3.63    0.00    0.00    0.00    0.66    0.00   74.26
Average:       0   20.26    0.00    4.58    0.00    0.00    0.00    0.65    0.00   74.51
Average:       0   16.19    0.00    3.81    0.00    0.00    0.00    0.63    0.00   79.37
Average:       0   19.28    0.00    4.25    0.00    0.00    0.00    0.65    0.00   75.82
Average:       0   20.52    0.00    5.21    0.00    0.00    0.00    0.98    0.00   73.29
Average:       0   21.31    0.00    3.28    0.00    0.00    0.00    0.66    0.00   74.75
Average:       0   17.63    0.00    4.17    0.00    0.00    0.00    0.64    0.00   77.56
Average:       0   19.22    0.00    3.26    1.30    0.00    0.00    0.65    0.00   75.57
Average:       0   18.33    0.00    3.22    0.00    0.00    0.00    0.64    0.00   77.81
Average:       0   19.68    0.00    3.87    0.97    0.00    0.00    0.65    0.00   74.84
Average:       0   20.51    0.00    4.49    0.00    0.00    0.00    0.64    0.00   74.36
Average:       0   16.56    0.00    3.82    0.00    0.00    0.00    0.64    0.00   78.98
Average:       0   18.45    0.00    5.18   11.00    0.00    0.00    0.65    0.00   64.72
Average:       0   17.09    0.00    4.43    0.00    0.00    0.00    0.63    0.00   77.85
Average:       0   13.47    0.00    2.69    2.10    0.00    0.00    0.60    0.00   81.14
Average:       0   18.83    0.00    3.25    0.00    0.00    0.00    0.65    0.00   77.27
Average:       0   19.93    0.00    3.59    1.63    0.00    0.00    0.65    0.00   74.18
Average:       0   18.61    0.00    3.47    0.00    0.00    0.00    0.63    0.00   77.29
Average:       0   18.85    0.00    4.15    0.00    0.00    0.00    0.64    0.00   76.36
Average:       0   16.99    0.00    3.92    0.00    0.00    0.00    0.65    0.00   78.43
Average:       0   19.09    0.00    4.53    0.00    0.00    0.00    0.65    0.00   75.73
Average:       0   17.14    0.00    3.81    0.00    0.00    0.00    0.63    0.00   78.41
Average:       0   16.93    0.00    4.47    0.00    0.00    0.00    0.64    0.00   77.96
Average:       0   19.48    0.00    5.19    0.00    0.00    0.00    0.65    0.00   74.68
Average:       0   18.59    0.00    5.13    0.64    0.00    0.00    0.96    0.00   74.68
Average:       0   18.21    0.00    2.88    0.00    0.00    0.00    0.64    0.00   78.27
Average:       0   15.97    0.00    3.51    0.96    0.00    0.00    0.64    0.00   78.91
Average:       0   19.48    0.00    3.57    0.00    0.00    0.00    0.65    0.00   76.30
Average:       0   19.81    0.00    4.15    0.00    0.00    0.00    0.64    0.00   75.40
Average:       0   18.59    0.00    4.81    1.92    0.00    0.00    0.64    0.00   74.04
Average:       0   16.88    0.00    3.82    0.00    0.00    0.00    0.64    0.00   78.66
Average:       0   19.48    0.00    4.22    0.32    0.00    0.00    0.65    0.00   75.32
Average:       0   19.87    0.00    3.91    0.00    0.00    0.00    0.65    0.00   75.57
Average:       0   18.27    0.00    3.85    0.00    0.00    0.00    0.64    0.00   77.24
Average:       0   16.01    0.00    2.42    0.91    0.00    0.00    0.30    0.00   80.36
Average:       0   17.59    0.00    3.26    0.00    0.00    0.00    0.65    0.00   78.50
Average:       0   17.63    0.00    3.53    0.00    0.00    0.00    0.64    0.00   78.21
Average:       0   18.27    0.00    3.85    0.00    0.00    0.00    0.96    0.00   76.92
Average:       0   18.21    0.00    4.47    0.00    0.00    0.00    0.64    0.00   76.68
Average:       0   19.94    0.00    3.86    1.29    0.00    0.00    0.64    0.00   74.28
Average:       0   18.77    0.00    2.59    0.00    0.00    0.00    0.65    0.00   77.99
Average:       0   18.95    0.00    3.59    0.33    0.00    0.00    0.65    0.00   76.47
Average:       0   19.75    0.00    2.55    0.00    0.00    0.00    0.64    0.00   77.07
Average:       0   16.04    0.00    4.40    0.00    0.00    0.00    0.94    0.00   78.62
Average:       0   17.14    0.00    3.81    1.90    0.00    0.00    0.32    0.00   76.83
Average:       0   16.40    0.00    4.10    0.32    0.00    0.00    0.63    0.00   78.55
Average:       0   17.03    0.00    2.52    0.00    0.00    0.00    0.63    0.00   79.81
Average:       0   16.51    0.00    3.49    0.00    0.00    0.00    0.63    0.00   79.37
Average:       0    7.61    0.00    1.69    7.32    0.00    0.00    0.28    0.00   83.10
Average:       0   16.56    0.00    3.44    0.00    0.00    0.00    0.62    0.00   79.38
Average:       0   20.65    0.00    4.52    0.00    0.00    0.00    0.65    0.00   74.19
Average:       0   20.20    0.00    4.56    1.63    0.00    0.00    0.65    0.00   72.96
Average:       0   15.56    0.00    3.17    0.00    0.00    0.00    0.63    0.00   80.63
Average:       0   18.33    0.00    3.86    1.61    0.00    0.00    0.64    0.00   75.56
Average:       0   17.10    0.00    4.84    0.97    0.00    0.00    0.97    0.00   76.13
Average:       0   19.49    0.00    3.51    0.00    0.00    0.00    0.64    0.00   76.36
Average:       0   19.05    0.00    2.54    1.90    0.00    0.00    0.63    0.00   75.87
Average:       0   21.57    0.00    4.25    0.00    0.00    0.00    0.65    0.00   73.53
Average:       0   18.97    0.00    4.18    0.00    0.00    0.00    0.64    0.00   76.21
Average:       0   19.29    0.00    4.18    0.00    0.00    0.00    0.64    0.00   75.88
Average:       0   17.83    0.00    3.18    0.00    0.00    0.00    0.64    0.00   78.34
Average:       0   18.18    0.00    4.87    1.95    0.00    0.00    0.65    0.00   74.35
Average:       0    6.23    0.00    1.36    0.00    0.00    0.00    0.00    0.00   92.41
Average:       0   16.30    0.00    3.13    2.51    0.00    0.00    0.63    0.00   77.43
Average:       0   18.27    0.00    3.53    0.00    0.00    0.00    0.64    0.00   77.56
Average:       0   20.65    0.00    4.52    0.00    0.00    0.00    0.65    0.00   74.19
Average:       0   17.42    0.00    4.52    0.00    0.00    0.00    0.65    0.00   77.42
Average:       0   18.61    0.00    3.15    0.00    0.00    0.00    0.63    0.00   77.60
Average:       0   18.53    0.00    3.51    0.64    0.00    0.00    0.64    0.00   76.68
Average:       0   16.46    0.00    3.80    0.00    0.00    0.00    0.63    0.00   79.11
Average:       0   17.25    0.00    3.19    0.00    0.00    0.00    0.64    0.00   78.91
Average:       0   19.11    0.00    3.50    0.32    0.00    0.00    0.64    0.00   76.43
Average:       0   16.93    0.00    3.19    0.00    0.00    0.00    0.64    0.00   79.23
Average:       0   19.68    0.00    3.87    0.32    0.00    0.00    0.65    0.00   75.48
Average:       0   17.42    0.00    4.52    0.00    0.00    0.00    0.65    0.00   77.42
Average:       0   20.00    0.00    3.23    0.00    0.00    0.00    0.65    0.00   76.13
Average:       0   17.35    0.00    3.15    0.95    0.00    0.00    0.63    0.00   77.92
Average:       0   20.85    0.00    3.26    0.00    0.00    0.00    0.65    0.00   75.24
Average:       0   18.93    0.00    3.15    0.95    0.00    0.00    0.63    0.00   76.34
Average:       0   20.97    0.00    3.23    0.00    0.00    0.00    0.65    0.00   75.16
Average:       0   20.58    0.00    2.25    0.00    0.00    0.00    0.64    0.00   76.53
Average:       0   12.50    0.00    3.57    0.00    0.00    0.00    0.60    0.00   83.33
Average:       0   16.09    0.00    3.15    0.00    0.00    0.00    0.63    0.00   80.13
Average:       0   18.53    0.00    3.51    0.00    0.00    0.00    0.64    0.00   77.32
Average:       0   15.36    0.00    3.76    0.00    0.00    0.00    0.63    0.00   80.25
Average:       0   22.19    0.00    3.22    0.32    0.00    0.00    0.64    0.00   73.63
Average:       0   18.91    0.00    3.53    0.32    0.00    0.00    0.64    0.00   76.60
Average:       0   19.81    0.00    4.22    0.00    0.00    0.00    0.65    0.00   75.32
Average:       0   16.93    0.00    4.79    0.64    0.00    0.00    0.64    0.00   77.00
Average:       0    7.26    0.00    1.68    0.84    0.00    0.00    0.28    0.00   89.94
Average:       0   18.79    0.00    2.87    0.00    0.00    0.00    0.32    0.00   78.03
Average:       0   18.35    0.00    3.48    0.32    0.00    0.00    0.63    0.00   77.22
Average:       0   17.72    0.00    3.80    0.00    0.00    0.00    0.95    0.00   77.53
Average:       0   18.01    0.00    4.50    0.32    0.00    0.00    0.64    0.00   76.53
Average:       0   19.68    0.00    2.54    0.00    0.00    0.00    0.63    0.00   77.14
Average:       0   19.30    0.00    4.43    0.00    0.00    0.00    0.63    0.00   75.63
Average:       0   19.43    0.00    3.18    0.00    0.00    0.00    0.64    0.00   76.75
Average:       0   19.68    0.00    3.87    0.00    0.00    0.00    0.65    0.00   75.81
Average:       0   18.15    0.00    3.18    0.00    0.00    0.00    0.32    0.00   78.34
Average:       0   23.68    0.00    3.29    0.00    0.00    0.00    0.66    0.00   72.37
Average:       0   19.16    0.00    4.22    1.30    0.00    0.00    0.65    0.00   74.68
Average:       0   17.41    0.00    3.80    0.00    0.00    0.00    0.32    0.00   78.48
Average:       0   15.31    0.00    4.38    0.00    0.00    0.00    0.62    0.00   79.69
Average:       0   19.68    0.00    3.55    0.00    0.00    0.00    0.65    0.00   76.13
Average:       0   20.25    0.00    3.16    0.00    0.00    0.00    0.63    0.00   75.95
Average:       0   18.35    0.00    3.48    6.33    0.00    0.00    0.63    0.00   71.20
Average:       0   19.81    0.00    3.14    0.00    0.00    0.00    0.63    0.00   76.42
Average:       0   22.62    0.00    1.97    0.00    0.00    0.00    0.66    0.00   74.75
Average:       0   19.75    0.00    3.18    0.00    0.00    0.00    0.64    0.00   76.43
Average:       0   14.77    0.00    4.00    0.00    0.00    0.00    0.62    0.00   80.62
Average:       0   13.58    0.00    3.40    2.78    0.00    0.00    0.62    0.00   79.63
Average:       0   16.83    0.00    4.13    2.22    0.00    0.00    0.63    0.00   76.19
Average:       0   18.61    0.00    2.84    2.52    0.00    0.00    0.63    0.00   75.39
Average:       0   16.98    0.00    3.46    0.00    0.00    0.00    0.63    0.00   78.93
Average:       0   20.65    0.00    3.23    0.00    0.00    0.00    0.65    0.00   75.48
Average:       0   18.30    0.00    2.84    0.00    0.00    0.00    0.63    0.00   78.23
Average:       0   19.05    0.00    3.17    0.00    0.00    0.00    0.63    0.00   77.14
Average:       0   16.77    0.00    2.48    1.24    0.00    0.00    0.62    0.00   78.88
Average:       0   18.12    0.00    2.50    0.00    0.00    0.00    0.62    0.00   78.75
Average:       0   19.24    0.00    3.47    0.00    0.00    0.00    0.32    0.00   76.97
Average:       0   17.46    0.00    4.44    0.00    0.00    0.00    0.63    0.00   77.46
Average:       0   22.54    0.00    3.49    0.00    0.00    0.00    0.63    0.00   73.33
Average:       0    8.17    0.00    1.69    1.97    0.00    0.00    0.00    0.00   88.17
Average:       0   18.10    0.00    4.76    0.00    0.00    0.00    0.63    0.00   76.51
Average:       0   19.55    0.00    3.53    2.88    0.00    0.00    0.64    0.00   73.40
Average:       0   16.77    0.00    2.53    0.00    0.00    0.00    0.63    0.00   80.06
Average:       0   20.32    0.00    4.13    0.00    0.00    0.00    0.63    0.00   74.92
Average:       0   17.72    0.00    3.80    0.00    0.00    0.00    0.63    0.00   77.85
Average:       0   21.94    0.00    2.90    0.00    0.00    0.00    0.32    0.00   74.84
Average:       0   14.46    0.00    3.69    1.54    0.00    0.00    0.62    0.00   79.69
Average:       0   19.43    0.00    3.82    0.00    0.00    0.00    0.32    0.00   76.43
Average:       0   18.24    0.00    3.46    0.00    0.00    0.00    0.63    0.00   77.67
Average:       0   18.93    0.00    2.52    0.00    0.00    0.00    0.63    0.00   77.92
Average:       0   17.70    0.00    3.42    0.00    0.00    0.00    0.31    0.00   78.57
Average:       0   17.83    0.00    3.18    1.91    0.00    0.00    0.64    0.00   76.43
Average:       0   17.03    0.00    3.15    0.00    0.00    0.00    0.63    0.00   79.18
Average:       0   17.87    0.00    3.13    0.00    0.00    0.00    0.63    0.00   78.37
Average:       0   22.65    0.00    2.91    1.29    0.00    0.00    0.65    0.00   72.49
Average:       0   14.20    0.00    3.09    0.00    0.00    0.00    0.62    0.00   82.10
Average:       0   20.13    0.00    3.51    0.32    0.00    0.00    0.64    0.00   75.40
Average:       0   20.78    0.00    3.90    0.00    0.00    0.00    0.65    0.00   74.68
Average:       0   17.20    0.00    3.50    0.00    0.00    0.00    0.32    0.00   78.98
Average:       0   16.56    0.00    2.81    3.12    0.00    0.00    0.62    0.00   76.88
Average:       0   21.15    0.00    3.53    0.00    0.00    0.00    0.64    0.00   74.68
Average:       0   18.07    0.00    3.12    4.67    0.00    0.00    0.31    0.00   73.83
Average:       0    7.84    0.00    1.40    0.00    0.00    0.00    0.28    0.00   90.48
Average:       0   19.94    0.00    3.80    0.00    0.00    0.00    0.63    0.00   75.63
Average:       0   19.37    0.00    2.22    1.59    0.00    0.00    0.63    0.00   76.19
Average:       0   19.30    0.00    3.16    0.00    0.00    0.00    0.63    0.00   76.90
Average:       0   18.73    0.00    3.17    2.86    0.00    0.00    0.63    0.00   74.60
Average:       0   17.76    0.00    2.80    0.00    0.00    0.00    0.31    0.00   79.13
Average:       0   16.82    0.00    4.05    0.00    0.00    0.00    0.62    0.00   78.50
Average:       0   19.23    0.00    3.21    0.96    0.00    0.00    0.32    0.00   76.28
Average:       0   16.04    0.00    4.09    0.00    0.00    0.00    0.63    0.00   79.25
Average:       0   16.35    0.00    4.40    0.00    0.00    0.00    0.31    0.00   78.93
Average:       0   18.55    0.00    4.40    0.00    0.00    0.00    0.63    0.00   76.42
Average:       0    7.58    0.00    2.25    0.84    0.00    0.00    0.28    0.00   89.04
Average:       0   19.49    0.00    3.19    0.96    0.00    0.00    0.64    0.00   75.72
Average:       0   17.65    0.00    2.48    0.00    0.00    0.00    0.31    0.00   79.57
Average:       0   17.95    0.00    2.88    0.00    0.00    0.00    0.64    0.00   78.53
Average:       0   20.19    0.00    2.52    0.00    0.00    0.00    0.63    0.00   76.66
Average:       0   16.67    0.00    3.77    0.00    0.00    0.00    0.31    0.00   79.25
Average:       0   20.19    0.00    3.53    2.88    0.00    0.00    0.64    0.00   72.76
Average:       0   20.58    0.00    3.86    0.00    0.00    0.00    0.32    0.00   75.24
Average:       0   20.31    0.00    3.75    1.56    0.00    0.00    0.62    0.00   73.75
Average:       0   16.82    0.00    4.36    0.00    0.00    0.00    0.62    0.00   78.19
Average:       0   18.67    0.00    3.16    6.01    0.00    0.00    0.63    0.00   71.52
Average:       0   16.83    0.00    3.49    0.00    0.00    0.00    0.63    0.00   79.05
Average:       0   17.45    0.00    3.12    0.62    0.00    0.00    0.62    0.00   78.19
Average:       0   16.72    0.00    3.15    1.26    0.00    0.00    0.63    0.00   78.23
Average:       0   19.23    0.00    2.88    0.00    0.00    0.00    0.32    0.00   77.56
Average:       0   17.55    0.00    3.45    9.09    0.00    0.00    0.31    0.00   69.59
Average:       0   17.09    0.00    2.85    0.00    0.00    0.00    0.63    0.00   79.43
Average:       0   16.04    0.00    2.83    0.00    0.00    0.00    0.31    0.00   80.82
Average:       0   19.30    0.00    3.16    1.27    0.00    0.00    0.63    0.00   75.63
Average:       0   14.59    0.00    3.04    0.00    0.00    0.00    0.61    0.00   81.76
Average:       0   19.68    0.00    3.17    5.08    0.00    0.00    0.32    0.00   71.75
Average:       0   14.81    0.00    3.70    0.00    0.00    0.00    0.31    0.00   81.17
Average:       0   16.25    0.00    3.12    0.00    0.00    0.00    0.31    0.00   80.31
Average:       0   18.53    0.00    2.56    1.60    0.00    0.00    0.32    0.00   77.00
Average:       0   20.32    0.00    3.23    0.00    0.00    0.00    0.65    0.00   75.81
Average:       0   19.49    0.00    3.51    2.24    0.00    0.00    0.32    0.00   74.44
Average:       0   16.30    0.00    3.45    0.00    0.00    0.00    0.63    0.00   79.62
Average:       0   13.21    0.00    2.10    0.00    0.00    0.00    0.60    0.00   84.08
Average:       0   19.81    0.00    3.51    1.28    0.00    0.00    0.64    0.00   74.76
Average:       0   18.71    0.00    3.55    0.00    0.00    0.00    0.65    0.00   77.10
Average:       0   19.49    0.00    4.47    0.64    0.00    0.00    0.64    0.00   74.76
Average:       0   16.72    0.00    3.79    2.52    0.00    0.00    0.63    0.00   76.34
Average:       0   16.51    0.00    3.74    0.00    0.00    0.00    0.62    0.00   79.13
Average:       0   16.30    0.00    3.13    3.76    0.00    0.00    0.31    0.00   76.49
Average:       0   19.37    0.00    3.81    0.00    0.00    0.00    0.63    0.00   76.19
Average:       0   21.36    0.00    2.59    0.65    0.00    0.00    0.65    0.00   74.76
Average:       0   16.04    0.00    3.14    0.00    0.00    0.00    0.63    0.00   80.19
Average:       0   16.04    0.00    4.72    0.00    0.00    0.00    0.63    0.00   78.62
Average:       0    6.96    0.00    1.67    0.56    0.00    0.00    0.28    0.00   90.53
Average:       0   18.15    0.00    3.18    0.00    0.00    0.00    0.64    0.00   78.03
Average:       0   20.26    0.00    4.25    1.31    0.00    0.00    0.33    0.00   73.86
Average:       0   15.84    0.00    3.73    0.00    0.00    0.00    0.62    0.00   79.81
Average:       0   16.88    0.00    3.75    0.62    0.00    0.00    0.62    0.00   78.12
Average:       0   18.39    0.00    4.19    2.26    0.00    0.00    0.32    0.00   74.84
Average:       0   18.12    0.00    2.81    0.00    0.00    0.00    0.62    0.00   78.44
Average:       0   16.10    0.00    3.10    0.00    0.00    0.00    0.31    0.00   80.50
Average:       0   18.12    0.00    3.75    0.00    0.00    0.00    0.31    0.00   77.81
Average:       0   17.65    0.00    2.48    0.00    0.00    0.00    0.31    0.00   79.57
Average:       0   18.10    0.00    3.49    0.32    0.00    0.00    0.63    0.00   77.46
Average:       0   18.73    0.00    4.13    0.32    0.00    0.00    0.63    0.00   76.19
Average:       0   20.13    0.00    3.19    2.24    0.00    0.00    0.64    0.00   73.80
Average:       0   20.51    0.00    2.88    0.00    0.00    0.00    0.32    0.00   76.28
Average:       0   18.87    0.00    2.52    0.00    0.00    0.00    0.63    0.00   77.99
Average:       0   13.10    0.00    1.79    0.00    0.00    0.00    0.30    0.00   84.82
Average:       0   18.47    0.00    3.50    0.00    0.00    0.00    0.32    0.00   77.71
Average:       0   16.56    0.00    3.75    1.25    0.00    0.00    0.62    0.00   77.81
Average:       0   19.44    0.00    3.13    0.00    0.00    0.00    0.31    0.00   77.12
Average:       0    7.28    0.00    1.12    1.40    0.00    0.00    0.28    0.00   89.92
Average:       0   17.61    0.00    3.46    0.00    0.00    0.00    0.63    0.00   78.30
Average:       0   20.51    0.00    4.17    0.00    0.00    0.00    0.64    0.00   74.68
Average:       0   15.53    0.00    4.04    0.62    0.00    0.00    0.62    0.00   79.19
Average:       0   22.48    0.00    3.91    0.98    0.00    0.00    0.65    0.00   71.99
Average:       0   13.77    0.00    1.50    5.69    0.00    0.00    0.60    0.00   78.44
Average:       0   18.85    0.00    3.19    6.71    0.00    0.00    0.64    0.00   70.61
Average:       0   17.19    0.00    4.06    1.25    0.00    0.00    0.62    0.00   76.88
Average:       0   23.55    0.00    3.23    0.32    0.00    0.00    0.65    0.00   72.26
Average:       0   14.07    0.00    1.80    0.00    0.00    0.00    0.30    0.00   83.83
Average:       0   20.71    0.00    4.21    3.88    0.00    0.00    0.65    0.00   70.55
Average:       0   14.72    0.00    3.07    0.00    0.00    0.00    0.31    0.00   81.90
Average:       0   19.87    0.00    2.84   11.67    0.00    0.00    0.63    0.00   64.98
Average:       0   18.30    0.00    3.47    0.00    0.00    0.00    0.32    0.00   77.92
Average:       0   15.64    0.00    2.45    0.00    0.00    0.00    0.61    0.00   81.29
Average:       0   20.19    0.00    3.85    0.00    0.00    0.00    0.32    0.00   75.64
Average:       0   18.87    0.00    2.83    0.00    0.00    0.00    0.63    0.00   77.67
Average:       0   20.66    0.00    3.93    0.98    0.00    0.00    0.33    0.00   74.10
Average:       0   13.68    0.00    2.74    0.00    0.00    0.00    0.61    0.00   82.98
Average:       0   20.85    0.00    4.23    0.00    0.00    0.00    0.65    0.00   74.27
Average:       0    8.55    0.00    1.42    0.00    0.00    0.00    0.28    0.00   89.74
Average:       0   21.04    0.00    2.27    0.00    0.00    0.00    0.65    0.00   76.05
Average:       0    8.38    0.00    1.40    0.00    0.00    0.00    0.28    0.00   89.94
Average:       0   16.30    0.00    3.45    0.00    0.00    0.00    0.31    0.00   79.94
Average:       0    2.47    0.00   20.06    2.16    0.00    0.00    0.00    0.00   75.31
Average:       0   35.98    0.00   14.02   26.52    0.00    0.00    0.00    0.00   23.48
Average:       0    0.26    0.00    0.77    2.81    0.00    0.00    0.00    0.00   96.17
Average:       0    0.00    0.00    1.27    1.52    0.00    0.00    0.25    0.00   96.95
Average:       0    0.00    0.00    1.28    7.44    0.00    0.00    0.00    0.00   91.28
Average:       0    0.26    0.00    1.79   96.17    0.00    0.00    0.26    0.00    1.53
Average:       0    0.00    0.00    1.53   96.44    0.00    0.00    0.00    0.00    2.04
Average:       0    0.25    0.00    1.53   95.93    0.00    0.00    0.00    0.00    2.29
Average:       0    0.00    0.00    1.53   97.20    0.00    0.00    0.00    0.00    1.27
Average:       0    0.25    0.00    1.02   97.71    0.00    0.00    0.00    0.00    1.02
Average:       0    9.97    0.00    4.99   78.89    0.00    0.00    0.29    0.00    5.87
Average:       0    0.00    0.00    0.76    0.00    0.00    0.00    0.00    0.00   99.24
Average:       0    0.00    0.00    1.01    0.00    0.00    0.00    0.00    0.00   98.99
Average:       0    0.00    0.00    1.01    0.00    0.00    0.00    0.00    0.00   98.99
Average:       0    0.25    0.00    0.76    0.00    0.00    0.00    0.00    0.00   98.99
Average:       0    0.25    0.00    0.76    0.00    0.00    0.00    0.00    0.00   98.98
Average:       0    0.00    0.00    0.51    0.00    0.00    0.00    0.00    0.00   99.49
Average:       0    0.50    0.00    0.75    0.00    0.00    0.00    0.00    0.00   98.74
Average:       0    0.00    0.00    1.01    0.00    0.00    0.00    0.00    0.00   98.99
Average:       0    0.25    0.00    0.76    0.00    0.00    0.00    0.00    0.00   98.99
Average:       0    0.25    0.00    1.01    0.00    0.00    0.00    0.00    0.00   98.73
Average:       0    0.00    0.00    0.51    0.00    0.00    0.00    0.00    0.00   99.49
Average:       0    0.25    0.00    1.01    0.00    0.00    0.00    0.00    0.00   98.74
Average:       0    0.00    0.00    1.01    0.00    0.00    0.00    0.00    0.00   98.99
Average:       0    0.25    0.00    0.76    0.00    0.00    0.00    0.00    0.00   98.99
Average:       0    0.25    0.00    0.76    0.00    0.00    0.00    0.00    0.00   98.99
Average:       0    0.50    0.00    0.50    0.00    0.00    0.00    0.25    0.00   98.74
Average:       0    0.00    0.00    0.76    0.00    0.00    0.00    0.00    0.00   99.24
Average:       0    0.00    0.00    1.01    0.00    0.00    0.00    0.00    0.00   98.99
Average:       0    0.00    0.00    0.76    0.00    0.00    0.00    0.00    0.00   99.24
Average:       0    0.00    0.00    1.01    0.00    0.00    0.00    0.00    0.00   98.99
Average:       0    0.25    0.00    0.76    0.00    0.00    0.00    0.00    0.00   98.99
Average:       0    0.25    0.00    0.25    0.00    0.00    0.00    0.00    0.00   99.49
Average:       0    0.00    0.00    0.51    0.00    0.00    0.00    0.00    0.00   99.49
Average:       0    0.00    0.00    0.76    0.00    0.00    0.00    0.00    0.00   99.24
Average:       0    0.25    0.00    1.01    0.00    0.00    0.00    0.00    0.00   98.74
Average:       0    0.50    0.00    0.76    0.00    0.00    0.00    0.00    0.00   98.74
Average:       0    0.00    0.00    1.27    0.00    0.00    0.00    0.00    0.00   98.73
Average:       0    0.00    0.00    1.01    0.00    0.00    0.00    0.00    0.00   98.99
Average:       0    0.00    0.00    0.76    0.00    0.00    0.00    0.00    0.00   99.24
Average:       0    0.00    0.00    1.26    0.00    0.00    0.00    0.00    0.00   98.74
Average:       0    0.25    0.00    1.01    2.02    0.00    0.00    0.00    0.00   96.72
