Average:     all    1.95    0.00    3.97   17.20    0.00    0.00    0.00    0.00   76.88
Average:     all    3.51    0.00   11.08    0.00    0.00    0.00    0.00    0.00   85.41
Average:     all    3.62    0.00   12.17    0.31    0.00    0.00    0.00    0.00   83.90
Average:     all   15.19    0.00    0.46    0.00    0.00    0.00    0.00    0.00   84.36
Average:     all   14.22    0.00    0.44    0.44    0.00    0.00    0.00    0.00   84.89
Average:     all   14.57    0.00    0.59    0.29    0.00    0.00    0.07    0.00   84.47
Average:     all   14.67    0.00    0.59    0.00    0.00    0.00    0.00    0.00   84.74
Average:     all   14.70    0.00    0.75    2.09    0.00    0.00    0.00    0.00   82.46
Average:     all   14.69    0.00    0.45    0.00    0.00    0.00    0.00    0.00   84.87
Average:     all   14.68    0.00    0.37    0.00    0.00    0.00    0.00    0.00   84.95
Average:     all   15.34    0.00    0.46    1.23    0.00    0.00    0.00    0.00   82.98
Average:     all   15.10    0.00    0.53    0.00    0.00    0.00    0.00    0.00   84.37
Average:     all   15.22    0.00    0.54    2.08    0.00    0.00    0.00    0.00   82.17
Average:     all   14.94    0.00    0.45    0.00    0.00    0.00    0.00    0.00   84.61
Average:     all   14.04    0.00    0.56    0.00    0.00    0.00    0.00    0.00   85.39
Average:     all   14.98    0.00    0.53    1.28    0.00    0.00    0.08    0.00   83.13
Average:     all   15.09    0.00    0.38    0.08    0.00    0.00    0.00    0.00   84.45
Average:     all   15.08    0.00    0.45    2.20    0.00    0.00    0.00    0.00   82.27
Average:     all   15.19    0.00    0.30    0.00    0.00    0.00    0.00    0.00   84.50
Average:     all   14.66    0.00    0.67    0.00    0.00    0.00    0.00    0.00   84.67
Average:     all   15.33    0.00    0.46    1.93    0.00    0.00    0.00    0.00   82.28
Average:     all   14.87    0.00    0.45    0.00    0.00    0.00    0.00    0.00   84.68
Average:     all   15.41    0.00    0.46    2.01    0.00    0.00    0.00    0.00   82.11
Average:     all   14.59    0.00    0.58    0.00    0.00    0.00    0.00    0.00   84.83
Average:     all   15.80    0.00    0.64    0.00    0.00    0.00    0.00    0.00   83.56
Average:     all   15.08    0.00    0.45    1.89    0.00    0.00    0.00    0.00   82.58
Average:     all   15.30    0.00    0.46    0.00    0.00    0.00    0.00    0.00   84.24
Average:     all   15.24    0.00    0.54    1.30    0.00    0.00    0.00    0.00   82.92
Average:     all   15.96    0.00    0.48    0.00    0.00    0.00    0.00    0.00   83.56
Average:     all   14.09    0.00    0.50    0.07    0.00    0.00    0.00    0.00   85.34
Average:     all   15.89    0.00    0.56    1.68    0.00    0.00    0.00    0.00   81.87
Average:     all   14.35    0.00    0.43    0.00    0.00    0.00    0.00    0.00   85.22
Average:     all   15.25    0.00    0.62    1.32    0.00    0.00    0.00    0.00   82.80
Average:     all   15.19    0.00    0.38    0.00    0.00    0.00    0.00    0.00   84.43
Average:     all   15.08    0.00    0.53    0.00    0.00    0.00    0.00    0.00   84.39
Average:     all   15.09    0.00    0.53    1.36    0.00    0.00    0.00    0.00   83.02
Average:     all   15.14    0.00    0.38    0.00    0.00    0.00    0.00    0.00   84.47
Average:     all   15.26    0.00    0.53    0.99    0.00    0.00    0.00    0.00   83.22
Average:     all   14.91    0.00    0.45    0.00    0.00    0.00    0.00    0.00   84.64
Average:     all   15.34    0.00    0.38    0.00    0.00    0.00    0.00    0.00   84.28
Average:     all   15.04    0.00    0.53    0.68    0.00    0.00    0.00    0.00   83.76
Average:     all   15.23    0.00    0.46    0.00    0.00    0.00    0.00    0.00   84.31
Average:     all   15.42    0.00    0.46    0.69    0.00    0.00    0.00    0.00   83.42
Average:     all   15.39    0.00    0.46    0.00    0.00    0.00    0.00    0.00   84.15
Average:     all   15.49    0.00    0.62    0.00    0.00    0.00    0.00    0.00   83.89
Average:     all   15.35    0.00    0.62    0.39    0.00    0.00    0.00    0.00   83.64
Average:     all   15.06    0.00    0.53    0.00    0.00    0.00    0.00    0.00   84.41
Average:     all   14.49    0.00    0.51    4.52    0.00    0.00    0.00    0.00   80.48
Average:     all   14.59    0.00    0.36    0.00    0.00    0.00    0.00    0.00   85.05
Average:     all   14.56    0.00    0.58    0.00    0.00    0.00    0.00    0.00   84.86
Average:     all   15.33    0.00    0.31    0.38    0.00    0.00    0.00    0.00   83.98
Average:     all   14.69    0.00    0.44    0.15    0.00    0.00    0.00    0.00   84.72
Average:     all   14.57    0.00    0.44    0.51    0.00    0.00    0.00    0.00   84.48
Average:     all   14.64    0.00    0.37    0.00    0.00    0.00    0.00    0.00   84.99
Average:     all   14.71    0.00    0.36    0.00    0.00    0.00    0.00    0.00   84.92
Average:     all   14.86    0.00    0.37    0.75    0.00    0.00    0.00    0.00   84.02
Average:     all   15.20    0.00    0.46    0.00    0.00    0.00    0.00    0.00   84.35
Average:     all   14.51    0.00    0.59    0.44    0.00    0.00    0.00    0.00   84.47
Average:     all   15.12    0.00    0.53    0.00    0.00    0.00    0.00    0.00   84.35
Average:     all   14.53    0.00    0.44    0.00    0.00    0.00    0.00    0.00   85.03
Average:     all   15.23    0.00    0.46    0.61    0.00    0.00    0.00    0.00   83.70
Average:     all   14.76    0.00    0.52    0.00    0.00    0.00    0.00    0.00   84.72
Average:     all   15.09    0.00    0.46    1.22    0.00    0.00    0.00    0.00   83.23
Average:     all   15.10    0.00    0.61    0.00    0.00    0.00    0.00    0.00   84.29
Average:     all   14.76    0.00    0.37    0.00    0.00    0.00    0.00    0.00   84.88
Average:     all   14.76    0.00    0.52    3.12    0.00    0.00    0.00    0.00   81.60
Average:     all   15.24    0.00    0.38    0.00    0.00    0.00    0.00    0.00   84.38
Average:     all   14.97    0.00    0.45    0.53    0.00    0.00    0.00    0.00   84.05
Average:     all   15.34    0.00    0.38    0.00    0.00    0.00    0.00    0.00   84.28
Average:     all   15.03    0.00    0.30    0.00    0.00    0.00    0.00    0.00   84.67
Average:     all   15.03    0.00    0.53    0.38    0.00    0.00    0.08    0.00   83.99
Average:     all   15.31    0.00    0.38    0.00    0.00    0.00    0.00    0.00   84.30
Average:     all   15.26    0.00    0.54    0.00    0.00    0.00    0.00    0.00   84.20
Average:     all   14.51    0.00    0.58    1.75    0.00    0.00    0.00    0.00   83.15
Average:     all   15.09    0.00    0.53    0.00    0.00    0.00    0.00    0.00   84.38
Average:     all   15.11    0.00    0.53    1.06    0.00    0.00    0.00    0.00   83.30
Average:     all   15.35    0.00    0.54    0.00    0.00    0.00    0.00    0.00   84.10
Average:     all   15.21    0.00    0.46    0.23    0.00    0.00    0.00    0.00   84.10
Average:     all   14.64    0.00    0.44    2.43    0.00    0.00    0.00    0.00   82.49
Average:     all   15.28    0.00    0.46    0.00    0.00    0.00    0.00    0.00   84.26
Average:     all   15.52    0.00    0.46    1.62    0.00    0.00    0.00    0.00   82.39
Average:     all   15.52    0.00    0.47    0.00    0.00    0.00    0.00    0.00   84.02
Average:     all   15.19    0.00    0.46    0.23    0.00    0.00    0.00    0.00   84.12
Average:     all   14.80    0.00    0.44    2.07    0.00    0.00    0.00    0.00   82.68
Average:     all   15.19    0.00    0.53    0.15    0.00    0.00    0.00    0.00   84.12
Average:     all   14.99    0.00    0.68    0.23    0.00    0.00    0.00    0.00   84.10
Average:     all   15.41    0.00    0.62    0.00    0.00    0.00    0.00    0.00   83.97
Average:     all   15.13    0.00    0.46    0.00    0.00    0.00    0.00    0.00   84.41
Average:     all   14.77    0.00    0.44    2.29    0.00    0.00    0.00    0.00   82.50
Average:     all   14.84    0.00    0.45    0.00    0.00    0.00    0.07    0.00   84.64
Average:     all   15.17    0.00    0.46    1.52    0.00    0.00    0.00    0.00   82.85
Average:     all   15.15    0.00    0.53    0.00    0.00    0.00    0.00    0.00   84.32
Average:     all   15.11    0.00    0.46    0.00    0.00    0.00    0.00    0.00   84.43
Average:     all   14.59    0.00    0.59    1.19    0.00    0.00    0.00    0.00   83.63
Average:     all   15.37    0.00    0.38    0.00    0.00    0.00    0.00    0.00   84.25
Average:     all   15.31    0.00    0.46    2.22    0.00    0.00    0.00    0.00   82.01
Average:     all   14.64    0.00    0.37    0.00    0.00    0.00    0.00    0.00   84.99
Average:     all   15.36    0.00    0.46    0.00    0.00    0.00    0.00    0.00   84.18
Average:     all   15.11    0.00    0.45    1.81    0.00    0.00    0.00    0.00   82.63
Average:     all   15.46    0.00    0.47    0.00    0.00    0.00    0.00    0.00   84.07
Average:     all   15.43    0.00    0.54    0.31    0.00    0.00    0.00    0.00   83.72
Average:     all   15.11    0.00    0.38    0.08    0.00    0.00    0.00    0.00   84.44
Average:     all   15.04    0.00    0.37    0.00    0.00    0.00    0.00    0.00   84.58
Average:     all   15.04    0.00    0.45    1.13    0.00    0.00    0.00    0.00   83.38
Average:     all   15.10    0.00    0.53    0.00    0.00    0.00    0.00    0.00   84.37
Average:     all   14.91    0.00    0.52    1.20    0.00    0.00    0.00    0.00   83.37
Average:     all   14.70    0.00    0.37    0.30    0.00    0.00    0.00    0.00   84.63
Average:     all   15.14    0.00    0.30    0.00    0.00    0.00    0.00    0.00   84.56
Average:     all   14.17    0.00    0.43    0.28    0.00    0.00    0.00    0.00   85.12
Average:     all   15.00    0.00    0.53    0.00    0.00    0.00    0.00    0.00   84.48
Average:     all   15.09    0.00    0.30    0.53    0.00    0.00    0.00    0.00   84.08
Average:     all   14.96    0.00    0.45    0.00    0.00    0.00    0.00    0.00   84.59
Average:     all   15.13    0.00    0.38    0.00    0.00    0.00    0.00    0.00   84.49
Average:     all   15.12    0.00    0.45    1.21    0.00    0.00    0.00    0.00   83.22
Average:     all   14.01    0.00    0.36    0.51    0.00    0.00    0.00    0.00   85.13
Average:     all   15.09    0.00    0.45    0.15    0.00    0.00    0.00    0.00   84.31
Average:     all   15.14    0.00    0.30    0.08    0.00    0.00    0.00    0.00   84.48
Average:     all   15.17    0.00    0.38    0.00    0.00    0.00    0.00    0.00   84.45
Average:     all   15.17    0.00    0.46    1.75    0.00    0.00    0.00    0.00   82.63
Average:     all   15.16    0.00    0.45    0.00    0.00    0.00    0.00    0.00   84.38
Average:     all   14.23    0.00    0.43    0.28    0.00    0.00    0.00    0.00   85.05
Average:     all   15.12    0.00    0.38    0.08    0.00    0.00    0.00    0.00   84.42
Average:     all   14.48    0.00    0.50    0.00    0.00    0.00    0.00    0.00   85.02
Average:     all   14.75    0.00    0.45    1.80    0.00    0.00    0.07    0.00   82.93
Average:     all   14.66    0.00    0.44    0.00    0.00    0.00    0.00    0.00   84.90
Average:     all   15.11    0.00    0.30    0.15    0.00    0.00    0.00    0.00   84.44
Average:     all   14.98    0.00    0.37    0.00    0.00    0.00    0.00    0.00   84.65
Average:     all   14.11    0.00    0.50    0.00    0.00    0.00    0.00    0.00   85.39
Average:     all   15.03    0.00    0.38    2.18    0.00    0.00    0.00    0.00   82.42
Average:     all   14.32    0.00    0.36    0.00    0.00    0.00    0.00    0.00   85.33
Average:     all   14.98    0.00    0.45    2.33    0.00    0.00    0.00    0.00   82.23
Average:     all   15.14    0.00    0.45    0.00    0.00    0.00    0.00    0.00   84.41
Average:     all   15.01    0.00    0.52    0.15    0.00    0.00    0.00    0.00   84.32
Average:     all   14.47    0.00    0.36    1.95    0.00    0.00    0.00    0.00   83.21
Average:     all   15.17    0.00    0.30    0.00    0.00    0.00    0.00    0.00   84.52
Average:     all   15.08    0.00    0.45    2.65    0.00    0.00    0.00    0.00   81.82
Average:     all   15.09    0.00    0.38    0.00    0.00    0.00    0.00    0.00   84.53
Average:     all   14.03    0.00    0.35    0.21    0.00    0.00    0.00    0.00   85.42
Average:     all   14.83    0.00    0.37    0.15    0.00    0.00    0.00    0.00   84.64
Average:     all   14.80    0.00    0.29    0.00    0.00    0.00    0.00    0.00   84.90
Average:     all   15.02    0.00    0.45    0.68    0.00    0.00    0.00    0.00   83.86
Average:     all   14.46    0.00    0.43    0.00    0.00    0.00    0.00    0.00   85.10
Average:     all   14.73    0.00    0.29    0.15    0.00    0.00    0.00    0.00   84.83
Average:     all   14.79    0.00    0.37    0.00    0.00    0.00    0.00    0.00   84.84
Average:     all   15.19    0.00    0.38    0.00    0.00    0.00    0.00    0.00   84.43
Average:     all   14.73    0.00    0.52    1.18    0.00    0.00    0.00    0.00   83.57
Average:     all   13.79    0.00    0.42    0.00    0.00    0.00    0.00    0.00   85.79
Average:     all   15.06    0.00    0.37    0.37    0.00    0.00    0.00    0.00   84.19
Average:     all   13.80    0.00    0.41    0.00    0.00    0.00    0.00    0.00   85.78
Average:     all   15.15    0.00    0.38    0.00    0.00    0.00    0.00    0.00   84.48
Average:     all   15.11    0.00    0.45    0.15    0.00    0.00    0.00    0.00   84.29
Average:     all   15.07    0.00    0.38    0.00    0.00    0.00    0.00    0.00   84.55
Average:     all   15.08    0.00    0.45    0.53    0.00    0.00    0.00    0.00   83.95
Average:     all   15.06    0.00    0.45    0.00    0.00    0.00    0.00    0.00   84.49
Average:     all   14.96    0.00    0.37    0.00    0.00    0.00    0.00    0.00   84.67
Average:     all   15.05    0.00    0.45    2.93    0.00    0.00    0.00    0.00   81.57
Average:     all   14.91    0.00    0.52    0.00    0.00    0.00    0.00    0.00   84.57
Average:     all   14.73    0.00    0.52    0.15    0.00    0.00    0.00    0.00   84.61
Average:     all   15.16    0.00    0.38    0.00    0.00    0.00    0.00    0.00   84.46
Average:     all   15.16    0.00    0.45    0.00    0.00    0.00    0.00    0.00   84.38
Average:     all   13.72    0.00    0.48    1.23    0.00    0.00    0.00    0.00   84.57
Average:     all   15.17    0.00    0.38    0.00    0.00    0.00    0.00    0.00   84.45
Average:     all   15.05    0.00    0.38    0.30    0.00    0.00    0.00    0.00   84.27
Average:     all   14.72    0.00    0.52    0.00    0.00    0.00    0.00    0.00   84.76
Average:     all   14.72    0.00    0.44    0.00    0.00    0.00    0.00    0.00   84.84
Average:     all   14.63    0.00    0.51    0.88    0.00    0.00    0.00    0.00   83.97
Average:     all   14.92    0.00    0.37    0.00    0.00    0.00    0.00    0.00   84.71
Average:     all   15.01    0.00    0.68    0.90    0.00    0.00    0.00    0.00   83.41
Average:     all   15.19    0.00    0.46    0.00    0.00    0.00    0.00    0.00   84.36
Average:     all   15.24    0.00    0.53    0.00    0.00    0.00    0.00    0.00   84.22
Average:     all   15.26    0.00    0.38    1.45    0.00    0.00    0.00    0.00   82.91
Average:     all   15.26    0.00    0.46    0.00    0.00    0.00    0.00    0.00   84.29
Average:     all   14.93    0.00    0.45    1.19    0.00    0.00    0.00    0.00   83.43
Average:     all   14.74    0.00    0.29    0.00    0.00    0.00    0.00    0.00   84.97
Average:     all   14.56    0.00    0.44    0.00    0.00    0.00    0.00    0.00   85.00
Average:     all   14.65    0.00    0.59    0.15    0.00    0.00    0.00    0.00   84.62
Average:     all   14.81    0.00    0.37    0.00    0.00    0.00    0.07    0.00   84.75
Average:     all   14.80    0.00    0.52    0.30    0.00    0.00    0.00    0.00   84.38
Average:     all   14.85    0.00    0.37    0.00    0.00    0.00    0.00    0.00   84.78
Average:     all   15.02    0.00    0.30    0.00    0.00    0.00    0.00    0.00   84.68
Average:     all   14.90    0.00    0.45    0.45    0.00    0.00    0.00    0.00   84.20
Average:     all   14.93    0.00    0.45    0.00    0.00    0.00    0.00    0.00   84.63
Average:     all   15.04    0.00    0.45    0.52    0.00    0.00    0.00    0.00   83.98
Average:     all   14.90    0.00    0.52    0.00    0.00    0.00    0.00    0.00   84.58
Average:     all   15.07    0.00    0.38    0.00    0.00    0.00    0.00    0.00   84.55
Average:     all   14.59    0.00    0.58    0.36    0.00    0.00    0.00    0.00   84.46
Average:     all   15.18    0.00    0.45    0.00    0.00    0.00    0.08    0.00   84.29
Average:     all   15.24    0.00    0.38    0.91    0.00    0.00    0.00    0.00   83.47
Average:     all   15.21    0.00    0.30    0.00    0.00    0.00    0.00    0.00   84.49
Average:     all   15.26    0.00    0.31    0.00    0.00    0.00    0.00    0.00   84.44
Average:     all   14.90    0.00    0.37    0.45    0.00    0.00    0.00    0.00   84.28
Average:     all   14.91    0.00    0.53    0.00    0.00    0.00    0.00    0.00   84.56
Average:     all   15.02    0.00    0.37    1.49    0.00    0.00    0.07    0.00   83.03
Average:     all   15.21    0.00    0.46    0.00    0.00    0.00    0.00    0.00   84.33
Average:     all   15.39    0.00    0.62    0.00    0.00    0.00    0.00    0.00   83.99
Average:     all   15.37    0.00    0.38    2.23    0.00    0.00    0.00    0.00   82.01
Average:     all   15.17    0.00    0.38    0.00    0.00    0.00    0.00    0.00   84.44
Average:     all   14.84    0.00    0.67    2.23    0.00    0.00    0.00    0.00   82.27
Average:     all   15.41    0.00    0.38    0.00    0.00    0.00    0.00    0.00   84.20
Average:     all   15.24    0.00    0.38    0.08    0.00    0.00    0.00    0.00   84.30
Average:     all   14.98    0.00    0.60    0.15    0.00    0.00    0.00    0.00   84.26
Average:     all   15.10    0.00    0.46    0.00    0.00    0.00    0.00    0.00   84.45
Average:     all   15.36    0.00    0.38    2.83    0.00    0.00    0.00    0.00   81.44
Average:     all   15.26    0.00    0.46    0.00    0.00    0.00    0.00    0.00   84.28
Average:     all   15.13    0.00    0.45    0.00    0.00    0.00    0.00    0.00   84.42
Average:     all   14.42    0.00    0.43    3.08    0.00    0.00    0.00    0.00   82.07
Average:     all   14.83    0.00    0.37    0.00    0.00    0.00    0.07    0.00   84.73
Average:     all   14.92    0.00    0.45    1.36    0.00    0.00    0.00    0.00   83.27
Average:     all   14.92    0.00    0.53    0.00    0.00    0.00    0.00    0.00   84.55
Average:     all   14.97    0.00    0.45    0.00    0.00    0.00    0.00    0.00   84.57
Average:     all   14.62    0.00    0.59    1.11    0.00    0.00    0.00    0.00   83.68
Average:     all   14.25    0.00    0.50    0.00    0.00    0.00    0.00    0.00   85.24
Average:     all   14.81    0.00    0.37    1.47    0.00    0.00    0.00    0.00   83.36
Average:     all   14.68    0.00    0.37    0.00    0.00    0.00    0.00    0.00   84.95
Average:     all   14.81    0.00    0.29    0.00    0.00    0.00    0.00    0.00   84.89
Average:     all   14.75    0.00    0.37    0.15    0.00    0.00    0.00    0.00   84.73
Average:     all   14.56    0.00    0.58    0.00    0.00    0.00    0.00    0.00   84.86
Average:     all   14.75    0.00    0.44    0.59    0.00    0.00    0.00    0.00   84.22
Average:     all   14.88    0.00    0.37    0.00    0.00    0.00    0.00    0.00   84.75
Average:     all   14.84    0.00    0.44    0.00    0.00    0.00    0.07    0.00   84.64
Average:     all   14.85    0.00    0.45    0.30    0.00    0.00    0.00    0.00   84.41
Average:     all   14.86    0.00    0.45    0.00    0.00    0.00    0.00    0.00   84.70
Average:     all   14.87    0.00    0.45    0.30    0.00    0.00    0.00    0.00   84.39
Average:     all   14.64    0.00    0.37    0.00    0.00    0.00    0.00    0.00   84.99
Average:     all   14.87    0.00    0.45    0.00    0.00    0.00    0.00    0.00   84.68
Average:     all   14.59    0.00    0.51    0.22    0.00    0.00    0.00    0.00   84.69
Average:     all   14.96    0.00    0.37    0.00    0.00    0.00    0.00    0.00   84.67
Average:     all   15.02    0.00    0.30    0.15    0.00    0.00    0.00    0.00   84.54
Average:     all   14.91    0.00    0.45    0.00    0.00    0.00    0.00    0.00   84.64
Average:     all   14.83    0.00    0.37    0.00    0.00    0.00    0.00    0.00   84.80
Average:     all   14.18    0.00    0.35    0.28    0.00    0.00    0.00    0.00   85.18
Average:     all   14.86    0.00    0.37    0.00    0.00    0.00    0.00    0.00   84.77
Average:     all   14.82    0.00    0.37    0.22    0.00    0.00    0.07    0.00   84.51
Average:     all   14.68    0.00    0.37    0.00    0.00    0.00    0.07    0.00   84.88
Average:     all   14.83    0.00    0.37    0.00    0.00    0.00    0.00    0.00   84.80
Average:     all   14.57    0.00    0.36    0.00    0.00    0.00    0.00    0.00   85.07
Average:     all   15.01    0.00    0.37    0.00    0.00    0.00    0.00    0.00   84.62
Average:     all   14.43    0.00    0.29    0.14    0.00    0.00    0.00    0.00   85.14
Average:     all   14.55    0.00    0.29    0.00    0.00    0.00    0.00    0.00   85.16
Average:     all   14.55    0.00    0.43    0.00    0.00    0.00    0.00    0.00   85.01
Average:     all   14.94    0.00    0.37    0.45    0.00    0.00    0.00    0.00   84.24
Average:     all   14.98    0.00    0.30    0.00    0.00    0.00    0.00    0.00   84.72
Average:     all   14.70    0.00    0.52    0.22    0.00    0.00    0.07    0.00   84.48
Average:     all   14.93    0.00    0.37    0.00    0.00    0.00    0.00    0.00   84.70
Average:     all   13.93    0.00    0.42    0.00    0.00    0.00    0.00    0.00   85.65
Average:     all   14.89    0.00    0.37    0.82    0.00    0.00    0.00    0.00   83.92
Average:     all   14.85    0.00    0.45    0.00    0.00    0.00    0.00    0.00   84.71
Average:     all   14.90    0.00    0.45    0.15    0.00    0.00    0.00    0.00   84.51
Average:     all   14.87    0.00    0.45    0.00    0.00    0.00    0.00    0.00   84.68
Average:     all   14.79    0.00    0.37    0.00    0.00    0.00    0.00    0.00   84.84
Average:     all   14.74    0.00    0.52    0.00    0.00    0.00    0.00    0.00   84.74
Average:     all   14.96    0.00    0.45    0.00    0.00    0.00    0.00    0.00   84.59
Average:     all   14.83    0.00    0.30    0.22    0.00    0.00    0.00    0.00   84.65
Average:     all   14.69    0.00    0.44    0.00    0.00    0.00    0.00    0.00   84.87
Average:     all   14.67    0.00    0.44    0.15    0.00    0.00    0.00    0.00   84.74
Average:     all   14.77    0.00    0.44    0.00    0.00    0.00    0.00    0.00   84.79
Average:     all   14.89    0.00    0.37    0.00    0.00    0.00    0.00    0.00   84.74
Average:     all   14.74    0.00    0.44    1.77    0.00    0.00    0.00    0.00   83.05
Average:     all   14.79    0.00    0.44    0.00    0.00    0.00    0.00    0.00   84.76
Average:     all   14.78    0.00    0.29    0.00    0.00    0.00    0.00    0.00   84.93
Average:     all   14.80    0.00    0.44    0.00    0.00    0.00    0.00    0.00   84.76
Average:     all   14.91    0.00    0.37    0.00    0.00    0.00    0.00    0.00   84.72
Average:     all   15.14    0.00    0.37    0.07    0.00    0.00    0.00    0.00   84.41
Average:     all   14.73    0.00    0.45    0.15    0.00    0.00    0.00    0.00   84.67
Average:     all   14.79    0.00    0.37    0.30    0.00    0.00    0.00    0.00   84.54
Average:     all   14.85    0.00    0.45    0.00    0.00    0.00    0.00    0.00   84.71
Average:     all   14.88    0.00    0.45    0.00    0.00    0.00    0.00    0.00   84.67
Average:     all   15.04    0.00    0.45    1.95    0.00    0.00    0.00    0.00   82.56
Average:     all   14.31    0.00    0.51    6.60    0.00    0.00    0.00    0.00   78.58
Average:     all   14.51    0.00    0.44    0.22    0.00    0.00    0.00    0.00   84.83
Average:     all   14.77    0.00    0.44    0.96    0.00    0.00    0.00    0.00   83.84
Average:     all   14.82    0.00    0.37   28.91    0.00    0.00    0.00    0.00   55.90
Average:     all   14.89    0.00    0.37    1.48    0.00    0.00    0.00    0.00   83.26
Average:     all   14.56    0.00    0.44   17.48    0.00    0.00    0.00    0.00   67.52
Average:     all   14.83    0.00    0.60    1.79    0.00    0.00    0.00    0.00   82.79
Average:     all   14.79    0.00    0.37   13.03    0.00    0.00    0.00    0.00   71.82
Average:     all   14.45    0.00    0.44   29.34    0.00    0.00    0.00    0.00   55.77
Average:     all   14.93    0.00    0.37    0.37    0.00    0.00    0.00    0.00   84.32
Average:     all   14.86    0.00    0.45    5.42    0.00    0.00    0.00    0.00   79.27
Average:     all   14.80    0.00    0.52    0.15    0.00    0.00    0.07    0.00   84.46
Average:     all   13.80    0.00    0.41   27.47    0.00    0.00    0.00    0.00   58.32
Average:     all   14.61    0.00    0.44    0.00    0.00    0.00    0.00    0.00   84.95
Average:     all   14.80    0.00    0.29   24.30    0.00    0.00    0.00    0.00   60.60
Average:     all   14.93    0.00    0.37    0.00    0.00    0.00    0.00    0.00   84.70
Average:     all   14.79    0.00    0.44   20.71    0.00    0.00    0.00    0.00   64.05
Average:     all   13.94    0.00    0.42   28.38    0.00    0.00    0.00    0.00   57.25
Average:     all   13.16    0.00    0.40    0.34    0.00    0.00    0.00    0.00   86.10
Average:     all   14.61    0.00    0.37   27.25    0.00    0.00    0.00    0.00   57.78
Average:     all   14.99    0.00    0.45    0.00    0.00    0.00    0.00    0.00   84.56
Average:     all   14.67    0.00    0.44   19.81    0.00    0.00    0.00    0.00   65.08
Average:     all   15.03    0.00    0.37    0.00    0.00    0.00    0.00    0.00   84.59
Average:     all   14.64    0.00    0.44    4.98    0.00    0.00    0.00    0.00   79.94
Average:     all   14.86    0.00    0.45    2.46    0.00    0.00    0.00    0.00   82.23
Average:     all   14.71    0.00    0.52   28.68    0.00    0.00    0.00    0.00   56.10
Average:     all   14.66    0.00    0.44    3.76    0.00    0.00    0.00    0.00   81.13
Average:     all   14.56    0.00    0.44    8.71    0.00    0.00    0.00    0.00   76.30
Average:     all   13.61    0.00    0.41    0.07    0.00    0.00    0.00    0.00   85.92
Average:     all   14.55    0.00    0.44    9.43    0.00    0.00    0.00    0.00   75.58
Average:     all   14.68    0.00    0.29    0.00    0.00    0.00    0.00    0.00   85.03
Average:     all   14.78    0.00    0.30   11.01    0.00    0.00    0.00    0.00   73.91
Average:     all   14.91    0.00    0.37    9.69    0.00    0.00    0.00    0.00   75.02
Average:     all   14.74    0.00    0.52    0.00    0.00    0.00    0.00    0.00   84.74
Average:     all   14.70    0.00    0.52   28.29    0.00    0.00    0.00    0.00   56.50
Average:     all   14.32    0.00    0.36    0.00    0.00    0.00    0.00    0.00   85.33
Average:     all   14.70    0.00    0.37   15.51    0.00    0.00    0.00    0.00   69.42
Average:     all   14.86    0.00    0.37    0.00    0.00    0.00    0.00    0.00   84.77
Average:     all   15.00    0.00    0.45   20.30    0.00    0.00    0.00    0.00   64.25
Average:     all   14.87    0.00    0.37    0.74    0.00    0.00    0.00    0.00   84.01
Average:     all   14.58    0.00    0.36    0.00    0.00    0.00    0.00    0.00   85.06
Average:     all   14.89    0.00    0.52    0.52    0.00    0.00    0.00    0.00   84.07
Average:     all   14.57    0.00    0.51    0.00    0.00    0.00    0.00    0.00   84.92
Average:     all   14.13    0.00    0.36   28.55    0.00    0.00    0.00    0.00   56.96
Average:     all   14.59    0.00    0.36    0.15    0.00    0.00    0.00    0.00   84.90
Average:     all   14.58    0.00    0.51    0.00    0.00    0.00    0.00    0.00   84.91
Average:     all   14.60    0.00    0.44   29.20    0.00    0.00    0.00    0.00   55.77
Average:     all   14.77    0.00    0.37    0.00    0.00    0.00    0.00    0.00   84.86
Average:     all   14.57    0.00    0.36   15.37    0.00    0.00    0.00    0.00   69.70
Average:     all   14.62    0.00    0.36    7.85    0.00    0.00    0.00    0.00   77.16
Average:     all   14.43    0.00    0.36    0.00    0.00    0.00    0.00    0.00   85.21
Average:     all   14.62    0.00    0.44   28.95    0.00    0.00    0.00    0.00   56.00
Average:     all   14.49    0.00    0.43    0.00    0.00    0.00    0.00    0.00   85.07
Average:     all   14.29    0.00    0.50    9.76    0.00    0.00    0.00    0.00   75.45
Average:     all   14.69    0.00    0.29    0.00    0.00    0.00    0.00    0.00   85.02
Average:     all   14.51    0.00    0.44    0.00    0.00    0.00    0.00    0.00   85.05
Average:     all   14.44    0.00    0.22   29.02    0.00    0.00    0.00    0.00   56.32
Average:     all   14.59    0.00    0.36    0.00    0.00    0.00    0.00    0.00   85.05
Average:     all   14.57    0.00    0.43   16.74    0.00    0.00    0.00    0.00   68.25
Average:     all   14.61    0.00    0.29    0.00    0.00    0.00    0.00    0.00   85.10
Average:     all   14.46    0.00    0.44    0.00    0.00    0.00    0.00    0.00   85.10
Average:     all   14.41    0.00    0.51    1.09    0.00    0.00    0.00    0.00   84.00
Average:     all   14.38    0.00    0.43    0.00    0.00    0.00    0.00    0.00   85.19
Average:     all   14.61    0.00    0.29    0.29    0.00    0.00    0.00    0.00   84.82
Average:     all   14.65    0.00    0.36   28.86    0.00    0.00    0.00    0.00   56.12
Average:     all   14.44    0.00    0.36    0.00    0.00    0.00    0.00    0.00   85.20
Average:     all   14.42    0.00    0.51   16.96    0.00    0.00    0.00    0.00   68.12
Average:     all   14.08    0.00    0.42    2.11    0.00    0.00    0.00    0.00   83.38
Average:     all   14.71    0.00    0.29    1.24    0.00    0.00    0.00    0.00   83.76
Average:     all   14.42    0.00    0.36   28.34    0.00    0.00    0.00    0.00   56.89
Average:     all   14.42    0.00    0.43    0.00    0.00    0.00    0.00    0.00   85.15
Average:     all   13.99    0.00    0.49   14.41    0.00    0.00    0.00    0.00   71.12
Average:     all   14.43    0.00    0.36    0.00    0.00    0.00    0.07    0.00   85.14
Average:     all   14.37    0.00    0.43   28.30    0.00    0.00    0.00    0.00   56.90
Average:     all   14.35    0.00    0.36    0.00    0.00    0.00    0.00    0.00   85.29
Average:     all   14.49    0.00    0.36   16.96    0.00    0.00    0.00    0.00   68.19
Average:     all   14.41    0.00    0.43    1.08    0.00    0.00    0.00    0.00   84.09
Average:     all   14.35    0.00    0.36   14.42    0.00    0.00    0.00    0.00   70.88
Average:     all   14.28    0.00    0.50    0.07    0.00    0.00    0.00    0.00   85.15
Average:     all   14.46    0.00    0.43    0.00    0.00    0.00    0.00    0.00   85.11
Average:     all   14.23    0.00    0.43   13.45    0.00    0.00    0.00    0.00   71.89
Average:     all   14.35    0.00    0.36    0.58    0.00    0.00    0.00    0.00   84.72
Average:     all   14.41    0.00    0.43   28.39    0.00    0.00    0.00    0.00   56.77
Average:     all   14.30    0.00    0.28    0.99    0.00    0.00    0.00    0.00   84.43
Average:     all   14.61    0.00    0.44   27.32    0.00    0.00    0.00    0.00   57.63
Average:     all   14.56    0.00    0.44    0.00    0.00    0.00    0.00    0.00   85.00
Average:     all   14.35    0.00    0.43   27.19    0.00    0.00    0.00    0.00   58.03
Average:     all   14.57    0.00    0.36   28.70    0.00    0.00    0.00    0.00   56.38
Average:     all   14.55    0.00    0.44    1.02    0.00    0.00    0.00    0.00   84.00
Average:     all   14.57    0.00    0.29   20.51    0.00    0.00    0.00    0.00   64.64
Average:     all   14.45    0.00    0.51    0.00    0.00    0.00    0.00    0.00   85.04
Average:     all   14.23    0.00    0.43   28.04    0.00    0.00    0.00    0.00   57.30
Average:     all   14.49    0.00    0.43    0.00    0.00    0.00    0.00    0.00   85.07
Average:     all   14.51    0.00    0.51    1.60    0.00    0.00    0.00    0.00   83.38
Average:     all   14.48    0.00    0.50    0.00    0.00    0.00    0.00    0.00   85.01
Average:     all   14.59    0.00    0.36    8.71    0.00    0.00    0.00    0.00   76.34
Average:     all   14.42    0.00    0.36    0.29    0.00    0.00    0.00    0.00   84.94
Average:     all   14.17    0.00    0.43   28.07    0.00    0.00    0.00    0.00   57.34
Average:     all   14.60    0.00    0.36    0.22    0.00    0.00    0.00    0.00   84.82
Average:     all   14.43    0.00    0.29   28.36    0.00    0.00    0.07    0.00   56.86
Average:     all   14.48    0.00    0.43    0.07    0.00    0.00    0.00    0.00   85.01
Average:     all   14.52    0.00    0.51   28.69    0.00    0.00    0.00    0.00   56.28
Average:     all   14.53    0.00    0.44    0.00    0.00    0.00    0.00    0.00   85.03
Average:     all   14.47    0.00    0.51   12.36    0.00    0.00    0.00    0.00   72.65
Average:     all   14.44    0.00    0.43   29.03    0.00    0.00    0.00    0.00   56.10
Average:     all   14.39    0.00    0.29    0.29    0.00    0.00    0.00    0.00   85.04
Average:     all   14.42    0.00    0.43   27.97    0.00    0.00    0.00    0.00   57.17
Average:     all   14.46    0.00    0.51    0.00    0.00    0.00    0.00    0.00   85.03
Average:     all   14.68    0.00    0.36   28.85    0.00    0.00    0.00    0.00   56.10
Average:     all   14.28    0.00    0.43   10.11    0.00    0.00    0.00    0.00   75.18
Average:     all   14.27    0.00    0.28    0.78    0.00    0.00    0.00    0.00   84.67
Average:     all   14.46    0.00    0.43    0.00    0.00    0.00    0.00    0.00   85.10
Average:     all   14.41    0.00    0.50    5.69    0.00    0.00    0.00    0.00   79.39
Average:     all   14.37    0.00    0.43   31.61    0.00    0.00    0.00    0.00   53.59
Average:     all   14.39    0.00    0.36    0.00    0.00    0.00    0.00    0.00   85.26
Average:     all   14.64    0.00    0.36   20.80    0.00    0.00    0.00    0.00   64.20
Average:     all   14.30    0.00    0.43    0.00    0.00    0.00    0.00    0.00   85.27
Average:     all   14.36    0.00    0.36   28.36    0.00    0.00    0.00    0.00   56.93
Average:     all   14.49    0.00    0.36    0.36    0.00    0.00    0.00    0.00   84.79
Average:     all   14.39    0.00    0.43   13.59    0.00    0.00    0.00    0.00   71.58
Average:     all   14.53    0.00    0.36    1.30    0.00    0.00    0.00    0.00   83.80
Average:     all   14.43    0.00    0.43   27.85    0.00    0.00    0.00    0.00   57.29
Average:     all   14.41    0.00    0.36   23.54    0.00    0.00    0.00    0.00   61.70
Average:     all   14.45    0.00    0.43    1.16    0.00    0.00    0.07    0.00   83.89
Average:     all   14.42    0.00    0.43   12.18    0.00    0.00    0.00    0.00   72.96
Average:     all   14.43    0.00    0.29    0.50    0.00    0.00    0.00    0.00   84.78
Average:     all   14.48    0.00    0.36    9.44    0.00    0.00    0.00    0.00   75.72
Average:     all   14.02    0.00    0.36    0.36    0.00    0.00    0.00    0.00   85.26
Average:     all   14.43    0.00    0.29   28.50    0.00    0.00    0.00    0.00   56.78
Average:     all   14.42    0.00    0.43    0.00    0.00    0.00    0.00    0.00   85.15
Average:     all   14.36    0.00    0.36   25.90    0.00    0.00    0.00    0.00   59.38
Average:     all   14.53    0.00    0.36    0.00    0.00    0.00    0.00    0.00   85.11
Average:     all   14.56    0.00    0.29    5.98    0.00    0.00    0.00    0.00   79.16
Average:     all   14.40    0.00    0.36    0.07    0.00    0.00    0.00    0.00   85.17
Average:     all   14.47    0.00    0.43   17.49    0.00    0.00    0.00    0.00   67.60
Average:     all   14.50    0.00    0.36    1.52    0.00    0.00    0.00    0.00   83.62
Average:     all   14.48    0.00    0.36    0.00    0.00    0.00    0.00    0.00   85.16
Average:     all   14.47    0.00    0.36    0.00    0.00    0.00    0.00    0.00   85.17
Average:     all   14.30    0.00    0.43    1.93    0.00    0.00    0.00    0.00   83.35
Average:     all   14.40    0.00    0.50   28.15    0.00    0.00    0.00    0.00   56.95
Average:     all   14.45    0.00    0.43    0.36    0.00    0.00    0.00    0.00   84.75
Average:     all   14.38    0.00    0.36    2.37    0.00    0.00    0.00    0.00   82.89
Average:     all   14.41    0.00    0.36    0.00    0.00    0.00    0.00    0.00   85.23
Average:     all   14.46    0.00    0.43   28.42    0.00    0.00    0.00    0.00   56.69
Average:     all   14.55    0.00    0.36    0.00    0.00    0.00    0.00    0.00   85.09
Average:     all   13.95    0.00    0.42   12.83    0.00    0.00    0.00    0.00   72.80
Average:     all   14.37    0.00    0.36    0.00    0.00    0.00    0.00    0.00   85.27
Average:     all   14.43    0.00    0.36   12.27    0.00    0.00    0.00    0.00   72.94
Average:     all   14.36    0.00    0.36    3.37    0.00    0.00    0.00    0.00   81.91
Average:     all   14.53    0.00    0.43    0.00    0.00    0.00    0.00    0.00   85.03
Average:     all   14.36    0.00    0.43    0.14    0.00    0.00    0.00    0.00   85.07
Average:     all   14.42    0.00    0.29   28.41    0.00    0.00    0.00    0.00   56.89
Average:     all   14.33    0.00    0.43    0.00    0.00    0.00    0.07    0.00   85.17
Average:     all   14.35    0.00    0.43    5.74    0.00    0.00    0.00    0.00   79.48
Average:     all   14.37    0.00    0.50    0.00    0.00    0.00    0.00    0.00   85.13
Average:     all   14.28    0.00    0.43   16.63    0.00    0.00    0.00    0.00   68.67
Average:     all   14.42    0.00    0.29    0.00    0.00    0.00    0.00    0.00   85.29
Average:     all   14.29    0.00    0.43    2.08    0.00    0.00    0.00    0.00   83.20
Average:     all   14.40    0.00    0.36    1.01    0.00    0.00    0.00    0.00   84.23
Average:     all   14.34    0.00    0.50    0.00    0.00    0.00    0.00    0.00   85.16
Average:     all   14.18    0.00    0.43   27.94    0.00    0.00    0.00    0.00   57.45
Average:     all   14.48    0.00    0.29    0.00    0.00    0.00    0.00    0.00   85.23
Average:     all   14.50    0.00    0.29   12.12    0.00    0.00    0.00    0.00   73.09
Average:     all   14.41    0.00    0.29    0.14    0.00    0.00    0.00    0.00   85.16
Average:     all   14.40    0.00    0.43    3.17    0.00    0.00    0.00    0.00   82.00
Average:     all   14.40    0.00    0.36   28.51    0.00    0.00    0.00    0.00   56.73
Average:     all   14.36    0.00    0.36    0.00    0.00    0.00    0.00    0.00   85.28
Average:     all   14.40    0.00    0.36   12.53    0.00    0.00    0.00    0.00   72.71
Average:     all   14.39    0.00    0.36    0.00    0.00    0.00    0.00    0.00   85.25
Average:     all   14.42    0.00    0.43   15.06    0.00    0.00    0.00    0.00   70.09
Average:     all   14.39    0.00    0.29    0.14    0.00    0.00    0.00    0.00   85.18
Average:     all   13.62    0.00    0.41    0.00    0.00    0.00    0.00    0.00   85.98
Average:     all   14.35    0.00    0.43    0.36    0.00    0.00    0.00    0.00   84.86
Average:     all   14.38    0.00    0.36    0.00    0.00    0.00    0.00    0.00   85.26
Average:     all   14.51    0.00    0.36    0.00    0.00    0.00    0.00    0.00   85.13
Average:     all   14.36    0.00    0.43    0.86    0.00    0.00    0.00    0.00   84.35
Average:     all   13.48    0.00    0.40    0.00    0.00    0.00    0.00    0.00   86.11
Average:     all   14.31    0.00    0.43    0.58    0.00    0.00    0.00    0.00   84.69
Average:     all   14.44    0.00    0.36   28.30    0.00    0.00    0.00    0.00   56.90
Average:     all   14.31    0.00    0.43    0.00    0.00    0.00    0.00    0.00   85.26
Average:     all   14.36    0.00    0.29   19.53    0.00    0.00    0.00    0.00   65.83
