Average:     all    0.51    0.00    2.64   25.61    0.00    0.00    0.07    0.00   71.17
Average:     all    0.07    0.00    3.23   20.57    0.00    0.00    0.00    0.00   76.13
Average:     all    0.07    0.00    3.54   20.10    0.00    0.00    0.00    0.00   76.29
Average:     all    0.00    0.00    3.57   20.09    0.00    0.00    0.00    0.00   76.33
Average:     all    0.21    0.00    3.66   21.39    0.00    0.00    0.00    0.00   74.74
Average:     all    0.14    0.00    3.91   17.34    0.00    0.00    0.00    0.00   78.62
Average:     all    0.14    0.00    3.64   18.82    0.00    0.00    0.07    0.00   77.34
Average:     all    0.07    0.00    4.74   17.56    0.00    0.00    0.00    0.00   77.63
Average:     all    0.00    0.00    4.39   21.51    0.00    0.00    0.00    0.00   74.10
Average:     all    0.00    0.00    4.14   19.51    0.00    0.00    0.00    0.00   76.35
Average:     all    0.06    0.00    3.70   27.40    0.00    0.06    0.00    0.00   68.77
Average:     all   16.16    0.00    0.73    0.24    0.00    0.00    0.00    0.00   82.88
Average:     all   14.58    0.00    0.50    0.00    0.00    0.00    0.00    0.00   84.91
Average:     all   16.05    0.00    0.65    2.66    0.00    0.00    0.00    0.00   80.65
Average:     all   15.24    0.00    0.61    1.15    0.00    0.00    0.00    0.00   83.00
Average:     all   14.43    0.00    0.58    0.00    0.00    0.00    0.00    0.00   84.99
Average:     all   15.31    0.00    0.77    0.00    0.00    0.00    0.00    0.00   83.92
Average:     all   15.43    0.00    0.61    0.00    0.00    0.00    0.00    0.00   83.96
Average:     all   15.41    0.00    0.46    0.00    0.00    0.00    0.00    0.00   84.13
Average:     all   15.51    0.00    0.54    0.00    0.00    0.00    0.08    0.00   83.87
Average:     all   15.03    0.00    0.60    0.00    0.00    0.00    0.00    0.00   84.37
Average:     all   15.56    0.00    0.54    0.00    0.00    0.00    0.00    0.00   83.90
Average:     all   14.75    0.00    0.52    3.54    0.00    0.00    0.00    0.00   81.19
Average:     all   15.73    0.00    0.55    0.16    0.00    0.00    0.00    0.00   83.57
Average:     all   15.14    0.00    0.76    0.00    0.00    0.00    0.00    0.00   84.10
Average:     all   15.61    0.00    0.70    0.00    0.00    0.00    0.00    0.00   83.68
Average:     all   14.58    0.00    0.60    0.22    0.00    0.00    0.00    0.00   84.60
Average:     all   14.60    0.00    0.51    0.29    0.00    0.00    0.00    0.00   84.61
Average:     all   14.62    0.00    0.58    0.00    0.00    0.00    0.00    0.00   84.80
Average:     all   15.39    0.00    0.61    0.00    0.00    0.00    0.00    0.00   84.00
Average:     all   14.83    0.00    0.52    0.44    0.00    0.00    0.00    0.00   84.21
Average:     all   15.63    0.00    0.54    0.08    0.00    0.00    0.00    0.00   83.75
Average:     all   15.34    0.00    0.54    0.15    0.00    0.00    0.00    0.00   83.97
Average:     all   15.68    0.00    0.54    0.00    0.00    0.00    0.00    0.00   83.77
Average:     all   15.02    0.00    0.61    0.38    0.00    0.00    0.00    0.00   83.99
Average:     all   15.26    0.00    0.53    0.15    0.00    0.00    0.08    0.00   83.98
Average:     all   15.45    0.00    0.54    0.00    0.00    0.00    0.00    0.00   84.01
Average:     all   14.87    0.00    0.59    0.07    0.00    0.00    0.00    0.00   84.47
Average:     all   14.59    0.00    0.51    0.00    0.00    0.00    0.00    0.00   84.91
Average:     all   14.56    0.00    0.43    0.00    0.00    0.00    0.00    0.00   85.01
Average:     all   15.53    0.00    0.54    0.08    0.00    0.00    0.00    0.00   83.86
Average:     all   15.32    0.00    0.61    0.00    0.00    0.00    0.00    0.00   84.07
Average:     all   15.33    0.00    0.53    0.53    0.00    0.00    0.00    0.00   83.60
Average:     all   15.14    0.00    0.45    0.00    0.00    0.00    0.00    0.00   84.41
Average:     all   15.09    0.00    0.60    0.00    0.00    0.00    0.00    0.00   84.32
Average:     all   15.20    0.00    0.53    0.53    0.00    0.00    0.08    0.00   83.66
Average:     all   14.86    0.00    0.52    0.15    0.00    0.00    0.00    0.00   84.47
Average:     all   15.52    0.00    0.54    0.00    0.00    0.00    0.00    0.00   83.94
Average:     all   15.20    0.00    0.61    0.23    0.00    0.00    0.08    0.00   83.89
Average:     all   15.38    0.00    0.69    0.00    0.00    0.00    0.00    0.00   83.93
Average:     all   15.12    0.00    0.53    0.99    0.00    0.00    0.00    0.00   83.36
Average:     all   15.23    0.00    0.46    0.08    0.00    0.00    0.00    0.00   84.23
Average:     all   14.75    0.00    0.59    0.07    0.00    0.00    0.00    0.00   84.59
Average:     all   15.12    0.00    0.76    0.00    0.00    0.00    0.00    0.00   84.12
Average:     all   14.68    0.00    0.58    0.00    0.00    0.00    0.00    0.00   84.73
Average:     all   15.23    0.00    0.61    0.15    0.00    0.00    0.00    0.00   84.01
Average:     all   15.20    0.00    0.68    0.00    0.00    0.00    0.00    0.00   84.12
Average:     all   14.83    0.00    0.59    0.66    0.00    0.00    0.00    0.00   83.91
Average:     all   15.80    0.00    0.47    0.00    0.00    0.00    0.00    0.00   83.74
Average:     all   15.39    0.00    0.45    0.00    0.00    0.00    0.00    0.00   84.15
Average:     all   14.61    0.00    0.51    0.00    0.00    0.00    0.00    0.00   84.88
Average:     all   15.24    0.00    0.53    0.00    0.00    0.00    0.00    0.00   84.22
Average:     all   15.22    0.00    0.61    0.08    0.00    0.00    0.00    0.00   84.09
Average:     all   15.04    0.00    0.45    0.00    0.00    0.00    0.00    0.00   84.51
Average:     all   14.80    0.00    0.67    0.97    0.00    0.00    0.00    0.00   83.57
Average:     all   15.74    0.00    0.63    0.00    0.00    0.00    0.00    0.00   83.63
Average:     all   15.17    0.00    0.61    0.00    0.00    0.00    0.08    0.00   84.15
Average:     all   15.87    0.00    0.55    1.89    0.00    0.00    0.00    0.00   81.70
Average:     all   15.27    0.00    0.61    0.00    0.00    0.00    0.00    0.00   84.12
Average:     all   15.78    0.00    0.71    1.81    0.00    0.00    0.00    0.00   81.71
Average:     all   15.79    0.00    0.55    0.00    0.00    0.00    0.00    0.00   83.66
Average:     all   15.71    0.00    0.63    0.16    0.00    0.00    0.00    0.00   83.50
Average:     all   15.53    0.00    0.78    0.00    0.00    0.00    0.00    0.00   83.68
Average:     all   15.84    0.00    0.47    0.00    0.00    0.00    0.00    0.00   83.69
Average:     all   15.84    0.00    0.63    0.08    0.00    0.00    0.00    0.00   83.45
Average:     all   15.80    0.00    0.63    0.00    0.00    0.00    0.00    0.00   83.57
Average:     all   15.58    0.00    0.47    0.00    0.00    0.00    0.00    0.00   83.96
Average:     all   15.80    0.00    0.55    0.24    0.00    0.00    0.00    0.00   83.41
Average:     all   15.49    0.00    0.62    0.00    0.00    0.00    0.00    0.00   83.90
Average:     all   15.97    0.00    0.71    1.03    0.00    0.00    0.00    0.00   82.29
Average:     all   15.14    0.00    0.68    0.00    0.00    0.00    0.00    0.00   84.17
Average:     all   15.92    0.00    0.47    0.00    0.00    0.00    0.00    0.00   83.61
Average:     all   14.82    0.00    0.59    2.05    0.00    0.00    0.00    0.00   82.54
Average:     all   15.09    0.00    0.60    0.00    0.00    0.00    0.00    0.00   84.30
Average:     all   14.57    0.00    0.73    0.00    0.00    0.00    0.00    0.00   84.71
Average:     all   15.26    0.00    0.61    0.00    0.00    0.00    0.00    0.00   84.13
Average:     all   15.06    0.00    0.45    0.07    0.00    0.00    0.00    0.00   84.41
Average:     all   15.19    0.00    0.53    0.00    0.00    0.00    0.08    0.00   84.20
Average:     all   15.24    0.00    0.45    0.00    0.00    0.00    0.00    0.00   84.31
Average:     all   15.03    0.00    0.68    0.08    0.00    0.00    0.00    0.00   84.22
Average:     all   15.48    0.00    0.46    0.00    0.00    0.00    0.00    0.00   84.06
Average:     all   15.29    0.00    0.68    0.00    0.00    0.00    0.00    0.00   84.03
Average:     all   15.20    0.00    0.53    0.00    0.00    0.00    0.00    0.00   84.27
Average:     all   15.34    0.00    0.53    0.00    0.00    0.00    0.08    0.00   84.05
Average:     all   15.35    0.00    0.61    1.38    0.00    0.00    0.00    0.00   82.66
Average:     all   15.10    0.00    0.60    0.00    0.00    0.00    0.00    0.00   84.30
Average:     all   14.55    0.00    0.52    0.45    0.00    0.00    0.00    0.00   84.48
Average:     all   15.09    0.00    0.60    0.00    0.00    0.00    0.00    0.00   84.31
Average:     all   14.96    0.00    0.44    0.00    0.00    0.00    0.00    0.00   84.59
Average:     all   14.91    0.00    0.68    1.05    0.00    0.00    0.00    0.00   83.36
Average:     all   14.93    0.00    0.52    0.00    0.00    0.00    0.00    0.00   84.55
Average:     all   15.25    0.00    0.61    0.68    0.00    0.00    0.00    0.00   83.46
Average:     all   14.70    0.00    0.59    0.00    0.00    0.00    0.00    0.00   84.71
Average:     all   15.33    0.00    0.46    0.00    0.00    0.00    0.00    0.00   84.21
Average:     all   15.27    0.00    0.53    0.00    0.00    0.00    0.00    0.00   84.19
Average:     all   15.28    0.00    0.38    0.00    0.00    0.00    0.00    0.00   84.34
Average:     all   15.41    0.00    0.54    0.00    0.00    0.00    0.00    0.00   84.05
Average:     all   14.96    0.00    0.60    0.00    0.00    0.00    0.00    0.00   84.44
Average:     all   15.15    0.00    0.61    1.52    0.00    0.00    0.00    0.00   82.73
Average:     all   15.43    0.00    0.61    0.00    0.00    0.00    0.00    0.00   83.96
Average:     all   15.89    0.00    0.63    0.00    0.00    0.00    0.00    0.00   83.48
Average:     all   15.38    0.00    0.62    0.31    0.00    0.00    0.00    0.00   83.69
Average:     all   14.02    0.00    0.70    0.00    0.00    0.00    0.00    0.00   85.28
Average:     all   15.44    0.00    0.46    0.38    0.00    0.00    0.00    0.00   83.72
Average:     all   14.85    0.00    0.52    0.07    0.00    0.00    0.00    0.00   84.55
Average:     all   14.78    0.00    0.67    0.00    0.00    0.00    0.00    0.00   84.55
Average:     all    0.14    0.00    8.73   27.03    0.00    0.00    0.00    0.00   64.11
Average:     all    0.07    0.00    1.56   27.15    0.00    0.00    0.07    0.00   71.16
Average:     all    0.20    0.00    4.38   38.47    0.00    0.00    0.07    0.00   56.89
Average:     all    0.07    0.00    3.76   39.11    0.00    0.00    0.00    0.00   57.06
Average:     all    0.20    0.00    5.50   38.46    0.00    0.00    0.07    0.00   55.77
Average:     all    0.00    0.00    5.23   41.07    0.00    0.00    0.00    0.00   53.70
Average:     all    0.13    0.00    5.49   42.46    0.00    0.00    0.07    0.00   51.84
Average:     all    0.20    0.00    3.38   43.55    0.00    0.00    0.00    0.00   52.87
Average:     all    0.07    0.00    4.42   37.76    0.00    0.00    0.00    0.00   57.76
Average:     all    0.13    0.00    4.71   41.86    0.00    0.00    0.07    0.00   53.23
Average:     all    0.14    0.00    4.14   38.42    0.00    0.00    0.00    0.00   57.30
Average:     all    0.07    0.00   10.72   30.22    0.00    0.00    0.00    0.00   58.99
Average:     all   15.12    0.00    1.19   27.33    0.00    0.00    0.00    0.00   56.37
Average:     all   15.80    0.00    0.55    0.00    0.00    0.00    0.00    0.00   83.65
Average:     all   15.55    0.00    0.62    0.00    0.00    0.00    0.00    0.00   83.84
Average:     all   15.56    0.00    0.62    0.00    0.00    0.00    0.00    0.00   83.81
Average:     all   15.40    0.00    0.62    0.00    0.00    0.00    0.00    0.00   83.99
Average:     all   15.94    0.00    0.55    0.00    0.00    0.00    0.00    0.00   83.50
Average:     all   15.74    0.00    0.39    0.00    0.00    0.00    0.00    0.00   83.87
Average:     all    0.27    0.00    4.02   23.23    0.00    0.00    0.07    0.00   72.41
Average:     all    0.07    0.00    3.65   19.51    0.00    0.00    0.00    0.00   76.77
Average:     all    0.07    0.00    3.23   20.47    0.00    0.00    0.07    0.00   76.16
Average:     all    0.14    0.00    3.88   19.31    0.00    0.00    0.07    0.00   76.60
Average:     all    0.21    0.00    3.62   20.60    0.00    0.00    0.07    0.00   75.50
Average:     all    0.14    0.00    3.95   24.74    0.00    0.00    0.07    0.00   71.11
Average:     all    0.07    0.00    3.44   20.73    0.00    0.00    0.00    0.00   75.76
Average:     all    0.14    0.00    3.77   19.34    0.00    0.00    0.00    0.00   76.75
Average:     all    0.07    0.00    4.64   18.16    0.00    0.00    0.00    0.00   77.13
Average:     all    0.07    0.00    4.50   20.94    0.00    0.00    0.00    0.00   74.49
Average:     all    0.14    0.00    4.47   20.89    0.00    0.00    0.00    0.00   74.50
Average:     all   15.59    0.00    3.03    0.16    0.00    0.00    0.54    0.00   80.68
Average:     all   15.54    0.00    3.26    0.23    0.00    0.00    0.54    0.00   80.42
Average:     all   15.12    0.00    3.33    0.23    0.00    0.00    0.62    0.00   80.70
Average:     all   15.16    0.00    3.25    0.62    0.00    0.00    0.62    0.00   80.36
Average:     all   15.37    0.00    3.49    0.00    0.00    0.00    0.70    0.00   80.43
Average:     all   15.47    0.00    3.48    0.00    0.00    0.00    0.54    0.00   80.51
Average:     all   15.54    0.00    3.03    0.47    0.00    0.00    0.62    0.00   80.34
Average:     all   15.28    0.00    3.26    0.00    0.00    0.00    0.62    0.00   80.84
Average:     all   15.53    0.00    3.40    0.39    0.00    0.00    0.54    0.00   80.14
Average:     all   15.97    0.00    3.57    0.00    0.00    0.00    0.70    0.00   79.77
Average:     all   15.58    0.00    3.18    0.00    0.00    0.00    0.47    0.00   80.78
Average:     all   15.50    0.00    3.02    0.39    0.00    0.00    0.54    0.00   80.54
Average:     all   15.36    0.00    3.41    0.00    0.00    0.00    0.62    0.00   80.61
Average:     all   15.10    0.00    3.49    0.15    0.00    0.00    0.54    0.00   80.71
Average:     all   15.08    0.00    3.40    0.31    0.00    0.00    0.54    0.00   80.67
Average:     all   15.65    0.00    3.18    0.00    0.00    0.00    0.62    0.00   80.56
Average:     all   15.37    0.00    3.42    0.93    0.00    0.00    0.54    0.00   79.74
Average:     all   15.12    0.00    3.10    0.00    0.00    0.00    0.54    0.00   81.24
Average:     all   15.37    0.00    3.34    0.16    0.00    0.00    0.62    0.00   80.51
Average:     all   15.25    0.00    3.02    0.00    0.00    0.00    0.54    0.00   81.19
Average:     all   15.15    0.00    3.17    0.70    0.00    0.00    0.54    0.00   80.45
Average:     all   15.31    0.00    3.26    0.54    0.00    0.00    0.54    0.00   80.34
Average:     all   15.47    0.00    2.94    0.00    0.00    0.00    0.54    0.00   81.05
Average:     all   15.98    0.00    3.10    0.47    0.00    0.00    0.62    0.00   79.83
Average:     all   15.52    0.00    3.34    0.00    0.00    0.00    0.47    0.00   80.68
Average:     all   15.60    0.00    3.55    0.00    0.00    0.00    0.62    0.00   80.23
Average:     all   15.24    0.00    3.48    0.46    0.00    0.00    0.54    0.00   80.28
Average:     all   15.22    0.00    3.32    0.00    0.00    0.00    0.62    0.00   80.83
Average:     all   14.91    0.00    3.49    0.23    0.00    0.00    0.62    0.00   80.75
Average:     all   15.31    0.00    3.17    0.00    0.00    0.00    0.62    0.00   80.90
Average:     all   14.87    0.00    3.56    0.00    0.00    0.00    0.62    0.00   80.95
Average:     all   15.80    0.00    2.87    0.23    0.00    0.00    0.46    0.00   80.64
Average:     all   15.69    0.00    3.09    0.00    0.00    0.00    0.62    0.00   80.60
Average:     all   15.30    0.00    3.18    0.16    0.00    0.00    0.54    0.00   80.82
Average:     all   14.91    0.00    3.46    0.77    0.00    0.00    0.54    0.00   80.32
Average:     all   15.69    0.00    3.09    0.00    0.00    0.00    0.54    0.00   80.68
Average:     all   15.06    0.00    4.02    5.33    0.00    0.00    0.62    0.00   74.98
Average:     all   15.08    0.00    3.33    0.62    0.00    0.00    0.54    0.00   80.43
Average:     all   10.65    0.00    2.46    0.82    0.00    0.00    0.37    0.00   85.70
Average:     all   15.05    0.00    2.53    0.69    0.00    0.00    0.61    0.00   81.11
Average:     all   15.47    0.00    3.40    0.39    0.00    0.00    0.54    0.00   80.20
Average:     all   15.14    0.00    3.17    0.00    0.00    0.00    0.62    0.00   81.08
Average:     all   15.45    0.00    2.87    0.08    0.00    0.00    0.54    0.00   81.06
Average:     all   15.29    0.00    2.93    0.23    0.00    0.00    0.54    0.00   81.00
Average:     all   15.53    0.00    3.55    0.00    0.00    0.00    0.54    0.00   80.37
Average:     all   15.21    0.00    3.34    0.54    0.00    0.00    0.54    0.00   80.37
Average:     all   15.25    0.00    3.41    0.08    0.00    0.00    0.54    0.00   80.73
Average:     all   15.18    0.00    3.49    0.39    0.00    0.00    0.54    0.00   80.40
Average:     all   15.38    0.00    3.40    0.15    0.00    0.00    0.62    0.00   80.45
Average:     all   15.76    0.00    3.26    0.00    0.00    0.00    0.47    0.00   80.51
Average:     all   15.66    0.00    3.10    0.39    0.00    0.00    0.62    0.00   80.23
Average:     all   15.34    0.00    2.94    0.00    0.00    0.00    0.46    0.00   81.25
Average:     all   15.39    0.00    3.56    0.00    0.00    0.00    0.54    0.00   80.51
Average:     all   15.56    0.00    3.41    0.62    0.00    0.00    0.54    0.00   79.88
Average:     all   15.34    0.00    3.64    0.00    0.00    0.00    0.62    0.00   80.40
Average:     all   15.24    0.00    3.09    0.46    0.00    0.00    0.62    0.00   80.59
Average:     all   15.09    0.00    3.33    0.00    0.00    0.00    0.54    0.00   81.04
Average:     all   15.78    0.00    2.78    0.00    0.00    0.00    0.54    0.00   80.90
Average:     all   10.87    0.00    2.55    0.36    0.00    0.00    0.36    0.00   85.85
Average:     all   15.28    0.00    3.10    0.00    0.00    0.00    0.54    0.00   81.07
Average:     all   15.28    0.00    3.41    0.31    0.00    0.00    0.54    0.00   80.45
Average:     all   15.21    0.00    3.72    0.23    0.00    0.00    0.62    0.00   80.22
Average:     all   15.72    0.00    3.33    0.00    0.00    0.00    0.54    0.00   80.40
Average:     all   15.92    0.00    2.80    0.31    0.00    0.00    0.54    0.00   80.43
Average:     all   15.66    0.00    2.79    0.31    0.00    0.00    0.54    0.00   80.70
Average:     all   15.12    0.00    3.02    0.16    0.00    0.00    0.54    0.00   81.16
Average:     all   15.37    0.00    3.09    0.00    0.00    0.00    0.54    0.00   81.00
Average:     all   15.31    0.00    3.25    0.00    0.00    0.00    0.54    0.00   80.90
Average:     all   15.22    0.00    3.26    0.47    0.00    0.00    0.62    0.00   80.43
Average:     all   14.80    0.00    3.86    0.85    0.00    0.00    0.54    0.00   79.95
Average:     all   15.29    0.00    3.32    0.23    0.00    0.00    0.62    0.00   80.54
Average:     all   15.40    0.00    3.25    0.00    0.00    0.00    0.54    0.00   80.80
Average:     all    6.22    0.00    1.31    1.80    0.00    0.00    0.21    0.00   90.46
Average:     all   15.43    0.00    3.10    0.00    0.00    0.00    0.54    0.00   80.93
Average:     all   15.40    0.00    3.17    0.08    0.00    0.00    0.54    0.00   80.80
Average:     all   15.57    0.00    3.41    0.39    0.00    0.00    0.62    0.00   80.02
Average:     all   15.05    0.00    2.95    0.00    0.00    0.00    0.54    0.00   81.46
Average:     all   14.63    0.00    3.23    0.69    0.00    0.00    0.54    0.00   80.91
Average:     all   15.37    0.00    3.40    0.31    0.00    0.00    0.62    0.00   80.31
Average:     all   15.31    0.00    3.14    0.00    0.00    0.00    0.54    0.00   81.01
Average:     all   15.26    0.00    3.18    0.85    0.00    0.00    0.54    0.00   80.17
Average:     all   15.24    0.00    2.94    0.00    0.00    0.00    0.54    0.00   81.28
Average:     all   15.65    0.00    3.18    0.31    0.00    0.00    0.54    0.00   80.33
Average:     all   15.55    0.00    3.33    0.00    0.00    0.00    0.62    0.00   80.51
Average:     all   15.21    0.00    3.26    0.00    0.00    0.00    0.54    0.00   80.99
Average:     all   15.39    0.00    3.71    0.54    0.00    0.00    0.54    0.00   79.81
Average:     all    4.37    0.00    0.98    0.13    0.00    0.00    0.13    0.00   94.39
Average:     all   15.30    0.00    3.49    1.32    0.00    0.00    0.54    0.00   79.35
Average:     all   15.60    0.00    3.01    0.00    0.00    0.00    0.46    0.00   80.93
Average:     all   15.17    0.00    3.41    0.00    0.00    0.00    0.54    0.00   80.88
Average:     all   15.02    0.00    3.56    0.31    0.00    0.00    0.54    0.00   80.57
Average:     all   15.47    0.00    3.09    0.00    0.00    0.00    0.54    0.00   80.90
Average:     all   15.41    0.00    2.68    1.23    0.00    0.00    0.54    0.00   80.14
Average:     all   15.71    0.00    3.33    0.00    0.00    0.00    0.54    0.00   80.42
Average:     all   15.19    0.00    3.32    0.54    0.00    0.00    0.54    0.00   80.42
Average:     all   15.15    0.00    2.94    0.23    0.00    0.00    0.54    0.00   81.14
Average:     all   15.39    0.00    3.02    0.00    0.00    0.00    0.54    0.00   81.05
Average:     all   15.07    0.00    3.15    0.46    0.00    0.00    0.54    0.00   80.78
Average:     all   15.36    0.00    3.03    0.00    0.00    0.00    0.54    0.00   81.07
Average:     all   14.56    0.00    3.45    0.00    0.00    0.00    0.61    0.00   81.38
Average:     all   14.93    0.00    3.79    0.23    0.00    0.00    0.54    0.00   80.51
Average:     all   15.29    0.00    3.17    0.00    0.00    0.00    0.54    0.00   81.00
Average:     all   15.52    0.00    3.01    1.31    0.00    0.00    0.54    0.00   79.61
Average:     all   15.42    0.00    3.39    0.00    0.00    0.00    0.54    0.00   80.65
Average:     all   15.68    0.00    2.55    0.00    0.00    0.00    0.62    0.00   81.16
Average:     all    9.30    0.00    2.71    0.00    0.00    0.00    0.37    0.00   87.62
Average:     all   15.44    0.00    3.09    0.08    0.00    0.00    0.62    0.00   80.77
Average:     all   15.17    0.00    3.23    0.38    0.00    0.00    0.46    0.00   80.75
Average:     all   15.41    0.00    3.08    0.00    0.00    0.00    0.54    0.00   80.97
Average:     all   14.89    0.00    3.16    0.08    0.00    0.00    0.54    0.00   81.33
Average:     all   14.88    0.00    3.24    0.23    0.00    0.00    0.54    0.00   81.11
Average:     all   15.47    0.00    3.54    0.00    0.00    0.00    0.54    0.00   80.45
Average:     all   15.10    0.00    3.39    0.46    0.00    0.00    0.46    0.00   80.59
Average:     all    6.56    0.00    1.52    0.21    0.00    0.00    0.21    0.00   91.51
Average:     all   15.22    0.00    3.07    0.00    0.00    0.00    0.54    0.00   81.17
Average:     all   15.40    0.00    3.48    0.62    0.00    0.00    0.46    0.00   80.03
Average:     all   15.42    0.00    3.39    0.00    0.00    0.00    0.62    0.00   80.57
Average:     all   15.09    0.00    3.48    0.23    0.00    0.00    0.54    0.00   80.65
Average:     all   15.24    0.00    2.69    0.08    0.00    0.00    0.46    0.00   81.52
Average:     all   15.32    0.00    3.00    0.38    0.00    0.00    0.46    0.00   80.83
Average:     all   15.40    0.00    3.39    0.00    0.00    0.00    0.54    0.00   80.68
Average:     all   14.90    0.00    3.07    0.00    0.00    0.00    0.54    0.00   81.49
Average:     all   15.28    0.00    3.07    0.08    0.00    0.00    0.46    0.00   81.11
Average:     all   15.27    0.00    2.69    0.23    0.00    0.00    0.46    0.00   81.35
Average:     all   14.84    0.00    3.37    0.38    0.00    0.00    0.46    0.00   80.95
Average:     all   15.46    0.00    2.77    0.00    0.00    0.00    0.54    0.00   81.23
Average:     all   14.94    0.00    3.30    0.15    0.00    0.00    0.38    0.00   81.23
Average:     all   15.30    0.00    3.07    0.23    0.00    0.00    0.46    0.00   80.94
Average:     all   14.89    0.00    3.15    0.00    0.00    0.00    0.46    0.00   81.50
Average:     all   13.95    0.00    2.81    1.82    0.00    0.00    0.38    0.00   81.05
Average:     all   15.10    0.00    3.45    0.00    0.00    0.00    0.46    0.00   81.00
Average:     all   15.40    0.00    2.08    0.15    0.00    0.00    0.46    0.00   81.91
Average:     all   15.51    0.00    2.93    0.00    0.00    0.00    0.46    0.00   81.10
Average:     all   12.76    0.00    2.63    0.15    0.00    0.00    0.38    0.00   84.08
Average:     all   14.03    0.00    2.88    1.06    0.00    0.00    0.45    0.00   81.58
Average:     all   15.17    0.00    2.61    0.54    0.00    0.00    0.46    0.00   81.23
Average:     all   15.02    0.00    2.68    0.69    0.00    0.00    0.54    0.00   81.07
Average:     all   15.10    0.00    2.91    0.00    0.00    0.00    0.46    0.00   81.53
Average:     all   15.34    0.00    2.99    0.00    0.00    0.00    0.46    0.00   81.21
Average:     all   15.06    0.00    2.91    0.69    0.00    0.00    0.46    0.00   80.89
Average:     all   14.77    0.00    3.29    0.00    0.00    0.00    0.46    0.00   81.48
Average:     all   15.17    0.00    2.68    1.00    0.00    0.00    0.46    0.00   80.69
Average:     all   15.13    0.00    2.52    0.38    0.00    0.00    0.46    0.00   81.51
Average:     all   15.13    0.00    2.83    0.00    0.00    0.00    0.46    0.00   81.59
Average:     all   14.98    0.00    3.21    0.61    0.00    0.00    0.46    0.00   80.73
Average:     all   15.16    0.00    3.37    0.00    0.00    0.00    0.54    0.00   80.93
Average:     all    6.26    0.00    1.65    0.55    0.00    0.00    0.21    0.00   91.33
Average:     all   15.40    0.00    3.30    0.08    0.00    0.00    0.46    0.00   80.77
Average:     all   15.08    0.00    2.76    0.69    0.00    0.00    0.46    0.00   81.01
Average:     all   15.28    0.00    2.83    0.00    0.00    0.00    0.46    0.00   81.44
Average:     all   15.01    0.00    2.99    0.00    0.00    0.00    0.54    0.00   81.47
Average:     all   14.93    0.00    3.14    0.23    0.00    0.00    0.46    0.00   81.24
Average:     all   14.95    0.00    2.91    0.00    0.00    0.00    0.46    0.00   81.67
Average:     all   14.80    0.00    3.13    0.76    0.00    0.00    0.46    0.00   80.85
Average:     all   15.23    0.00    3.14    0.00    0.00    0.00    0.46    0.00   81.18
Average:     all   15.16    0.00    2.91    0.00    0.00    0.00    0.46    0.00   81.47
Average:     all   15.37    0.00    2.45    0.69    0.00    0.00    0.38    0.00   81.12
Average:     all   14.91    0.00    2.91    0.00    0.00    0.00    0.38    0.00   81.80
Average:     all   13.57    0.00    3.09    0.45    0.00    0.00    0.53    0.00   82.35
Average:     all   15.00    0.00    2.75    0.00    0.00    0.00    0.46    0.00   81.79
Average:     all   14.96    0.00    2.75    0.15    0.00    0.00    0.46    0.00   81.68
Average:     all   15.28    0.00    2.60    0.99    0.00    0.00    0.46    0.00   80.67
Average:     all   15.10    0.00    2.97    0.00    0.00    0.00    0.46    0.00   81.46
Average:     all   15.10    0.00    2.76    0.23    0.00    0.00    0.38    0.00   81.53
Average:     all   14.56    0.00    2.97    0.00    0.00    0.00    0.46    0.00   82.01
Average:     all   14.90    0.00    3.06    0.00    0.00    0.00    0.46    0.00   81.59
Average:     all   14.80    0.00    2.76    1.15    0.00    0.00    0.46    0.00   80.83
Average:     all   14.98    0.00    2.45    0.00    0.00    0.00    0.46    0.00   82.11
Average:     all   14.47    0.00    2.73    2.50    0.00    0.00    0.45    0.00   79.85
Average:     all    6.22    0.00    1.31    0.83    0.00    0.00    0.14    0.00   91.51
Average:     all   14.82    0.00    2.98    0.00    0.00    0.00    0.46    0.00   81.74
Average:     all   14.71    0.00    3.05    0.69    0.00    0.00    0.46    0.00   81.10
Average:     all   14.89    0.00    2.75    0.08    0.00    0.00    0.38    0.00   81.91
Average:     all   15.08    0.00    2.74    1.14    0.00    0.00    0.46    0.00   80.58
Average:     all   15.41    0.00    2.67    0.08    0.00    0.00    0.38    0.00   81.46
Average:     all   14.58    0.00    3.21    0.00    0.00    0.00    0.46    0.00   81.76
Average:     all   14.52    0.00    2.97    0.76    0.00    0.00    0.46    0.00   81.29
Average:     all   14.76    0.00    2.82    0.00    0.00    0.00    0.46    0.00   81.96
Average:     all   14.90    0.00    3.27    0.61    0.00    0.00    0.46    0.00   80.76
Average:     all   14.95    0.00    3.28    0.53    0.00    0.00    0.46    0.00   80.78
Average:     all    6.69    0.00    1.86    0.21    0.00    0.00    0.21    0.00   91.03
Average:     all   14.80    0.00    3.51    0.31    0.00    0.00    0.46    0.00   80.93
Average:     all   14.13    0.00    2.96    1.29    0.00    0.00    0.38    0.00   81.23
Average:     all   15.19    0.00    2.52    0.69    0.00    0.00    0.38    0.00   81.22
Average:     all   15.41    0.00    2.21    0.00    0.00    0.00    0.38    0.00   82.00
Average:     all   15.05    0.00    2.98    0.00    0.00    0.00    0.38    0.00   81.59
Average:     all   15.19    0.00    2.75    0.76    0.00    0.00    0.46    0.00   80.84
Average:     all   15.14    0.00    2.59    0.00    0.00    0.00    0.38    0.00   81.89
Average:     all   15.09    0.00    2.90    0.46    0.00    0.00    0.38    0.00   81.17
Average:     all   14.87    0.00    3.13    0.00    0.00    0.00    0.46    0.00   81.54
Average:     all   12.83    0.00    2.94    3.47    0.00    0.00    0.45    0.00   80.30
Average:     all   14.81    0.00    2.90    0.08    0.00    0.00    0.38    0.00   81.83
Average:     all   15.04    0.00    2.44    0.15    0.00    0.00    0.38    0.00   81.98
Average:     all   14.69    0.00    2.89    0.68    0.00    0.00    0.38    0.00   81.35
Average:     all   15.10    0.00    2.90    0.00    0.00    0.00    0.38    0.00   81.62
Average:     all   14.22    0.00    2.80    3.03    0.00    0.00    0.38    0.00   79.58
Average:     all   14.96    0.00    2.90    0.00    0.00    0.00    0.46    0.00   81.68
Average:     all   15.00    0.00    2.83    0.00    0.00    0.00    0.46    0.00   81.71
Average:     all   14.95    0.00    2.52    0.31    0.00    0.00    0.38    0.00   81.85
Average:     all   11.94    0.00    2.52    0.00    0.00    0.00    0.30    0.00   85.24
Average:     all   14.67    0.00    2.65    1.66    0.00    0.00    0.45    0.00   80.56
Average:     all   14.95    0.00    2.66    0.76    0.00    0.00    0.46    0.00   81.18
Average:     all   15.03    0.00    3.14    0.00    0.00    0.00    0.46    0.00   81.37
Average:     all   15.01    0.00    2.68    0.61    0.00    0.00    0.46    0.00   81.24
Average:     all   15.11    0.00    2.75    0.08    0.00    0.00    0.46    0.00   81.60
Average:     all   15.07    0.00    3.00    0.61    0.00    0.00    0.46    0.00   80.86
Average:     all   15.01    0.00    3.22    0.00    0.00    0.00    0.46    0.00   81.32
Average:     all   11.40    0.00    2.05    0.00    0.00    0.00    0.37    0.00   86.18
Average:     all   15.51    0.00    2.67    0.38    0.00    0.00    0.46    0.00   80.98
Average:     all   14.96    0.00    2.82    0.00    0.00    0.00    0.46    0.00   81.76
Average:     all   14.93    0.00    3.14    0.38    0.00    0.00    0.46    0.00   81.09
Average:     all   14.73    0.00    2.60    0.69    0.00    0.00    0.53    0.00   81.45
Average:     all   15.31    0.00    3.22    0.00    0.00    0.00    0.46    0.00   81.01
Average:     all   14.80    0.00    2.52    0.92    0.00    0.00    0.46    0.00   81.31
Average:     all   14.76    0.00    2.83    0.00    0.00    0.00    0.46    0.00   81.96
Average:     all   15.06    0.00    2.98    0.23    0.00    0.00    0.38    0.00   81.35
Average:     all   15.36    0.00    2.83    0.00    0.00    0.00    0.46    0.00   81.36
Average:     all   14.85    0.00    2.97    0.30    0.00    0.00    0.46    0.00   81.42
Average:     all    6.95    0.00    1.24    0.21    0.00    0.00    0.21    0.00   91.40
Average:     all   15.06    0.00    2.75    0.00    0.00    0.00    0.46    0.00   81.73
Average:     all   15.13    0.00    2.83    0.53    0.00    0.00    0.46    0.00   81.05
Average:     all   14.83    0.00    3.21    0.00    0.00    0.00    0.46    0.00   81.50
Average:     all   14.76    0.00    3.12    0.38    0.00    0.00    0.46    0.00   81.28
Average:     all   15.04    0.00    2.90    0.46    0.00    0.00    0.46    0.00   81.15
Average:     all   14.73    0.00    3.13    0.00    0.00    0.00    0.46    0.00   81.68
Average:     all   14.74    0.00    3.04    1.14    0.00    0.00    0.38    0.00   80.70
Average:     all   15.16    0.00    2.89    0.00    0.00    0.00    0.46    0.00   81.49
Average:     all   14.08    0.00    2.80    0.00    0.00    0.00    0.38    0.00   82.74
Average:     all   15.14    0.00    2.91    0.54    0.00    0.00    0.38    0.00   81.04
Average:     all   14.65    0.00    3.20    0.15    0.00    0.00    0.46    0.00   81.54
Average:     all   14.54    0.00    2.89    1.52    0.00    0.00    0.46    0.00   80.59
Average:     all   14.78    0.00    2.97    0.00    0.00    0.00    0.46    0.00   81.80
Average:     all   15.20    0.00    2.89    0.30    0.00    0.00    0.38    0.00   81.23
Average:     all    9.69    0.00    1.64    0.21    0.00    0.00    0.21    0.00   88.24
Average:     all   15.02    0.00    3.05    0.00    0.00    0.00    0.46    0.00   81.48
Average:     all   14.48    0.00    2.97    0.30    0.00    0.00    0.38    0.00   81.86
Average:     all   14.84    0.00    2.89    0.00    0.00    0.00    0.38    0.00   81.89
Average:     all    6.81    0.00    1.88    0.42    0.00    0.00    0.21    0.00   90.69
Average:     all   14.97    0.00    2.81    0.00    0.00    0.00    0.46    0.00   81.76
Average:     all   14.74    0.00    2.81    0.00    0.00    0.00    0.38    0.00   82.07
Average:     all   14.80    0.00    2.90    0.23    0.00    0.00    0.46    0.00   81.62
Average:     all   14.50    0.00    2.81    0.23    0.00    0.00    0.38    0.00   82.08
Average:     all   11.24    0.00    1.34    2.83    0.00    0.00    0.28    0.00   84.30
Average:     all   14.37    0.00    2.80    1.66    0.00    0.00    0.38    0.00   80.79
Average:     all   14.99    0.00    2.89    0.38    0.00    0.00    0.38    0.00   81.35
Average:     all   14.89    0.00    2.74    0.00    0.00    0.00    0.46    0.00   81.91
Average:     all   10.72    0.00    1.88    0.00    0.00    0.00    0.29    0.00   87.10
Average:     all   14.72    0.00    2.87    1.51    0.00    0.00    0.38    0.00   80.53
Average:     all   12.41    0.00    2.06    4.11    0.00    0.00    0.29    0.00   81.13
Average:     all   14.16    0.00    2.79    3.99    0.00    0.00    0.45    0.00   78.61
Average:     all   14.80    0.00    2.43    0.00    0.00    0.00    0.38    0.00   82.40
Average:     all   13.69    0.00    3.04    1.37    0.00    0.00    0.30    0.00   81.60
Average:     all   15.27    0.00    2.82    0.31    0.00    0.00    0.46    0.00   81.15
Average:     all   15.02    0.00    2.53    0.00    0.00    0.00    0.38    0.00   82.07
Average:     all   15.24    0.00    2.60    0.23    0.00    0.00    0.46    0.00   81.47
Average:     all   13.06    0.00    2.51    0.00    0.00    0.00    0.38    0.00   84.05
Average:     all   15.16    0.00    2.83    0.00    0.00    0.00    0.46    0.00   81.55
Average:     all    8.29    0.00    1.63    0.00    0.00    0.00    0.28    0.00   89.80
Average:     all   14.87    0.00    2.29    0.00    0.00    0.00    0.46    0.00   82.38
Average:     all    6.37    0.00    1.58    0.55    0.00    0.00    0.21    0.00   91.30
Average:     all   14.85    0.00    2.82    0.00    0.00    0.00    0.46    0.00   81.87
Average:     all    2.11    0.00    5.19    1.05    0.00    0.00    0.07    0.00   91.58
Average:     all    8.48    0.00    3.45    5.86    0.00    0.00    0.07    0.00   82.14
Average:     all   14.63    0.00    0.97    0.82    0.00    0.00    0.00    0.00   83.58
Average:     all   14.23    0.00    0.87    0.43    0.00    0.00    0.07    0.00   84.39
Average:     all   13.60    0.00    1.02    2.63    0.00    0.00    0.00    0.00   82.75
Average:     all    0.14    0.00    0.75   26.10    0.00    0.00    0.07    0.00   72.95
Average:     all    0.14    0.00    0.70   26.86    0.00    0.00    0.00    0.00   72.30
Average:     all    0.00    0.00    0.75   27.65    0.00    0.00    0.00    0.00   71.59
Average:     all    0.06    0.00    0.69   24.73    0.00    0.00    0.00    0.00   74.51
Average:     all    0.06    0.00    0.64   24.44    0.00    0.00    0.00    0.00   74.86
Average:     all    3.65    0.00    2.46   23.31    0.00    0.00    0.07    0.00   70.52
Average:     all    0.19    0.00    0.50    0.00    0.00    0.00    0.00    0.00   99.31
Average:     all    0.13    0.00    0.63    0.06    0.00    0.00    0.00    0.00   99.18
Average:     all    0.13    0.00    0.51    0.00    0.00    0.00    0.00    0.00   99.37
Average:     all    0.06    0.00    0.57    0.00    0.00    0.00    0.00    0.00   99.37
Average:     all    0.13    0.00    0.57    0.00    0.00    0.00    0.00    0.00   99.30
Average:     all    0.06    0.00    0.63    0.00    0.00    0.00    0.00    0.00   99.31
Average:     all    0.06    0.00    0.63    0.00    0.00    0.00    0.00    0.00   99.31
Average:     all    0.06    0.00    0.69    0.00    0.00    0.00    0.00    0.00   99.25
Average:     all    0.19    0.00    0.57    0.00    0.00    0.00    0.00    0.00   99.24
Average:     all    0.00    0.00    0.69    0.06    0.00    0.00    0.00    0.00   99.24
Average:     all    0.06    0.00    0.57    0.00    0.00    0.00    0.00    0.00   99.37
Average:     all    0.19    0.00    0.57    0.00    0.00    0.00    0.00    0.00   99.24
Average:     all    0.25    0.00    0.44    0.00    0.00    0.00    0.00    0.00   99.31
Average:     all    0.06    0.00    0.63    0.00    0.00    0.00    0.00    0.00   99.31
Average:     all    0.13    0.00    0.57    0.00    0.00    0.00    0.00    0.00   99.31
Average:     all    0.25    0.00    0.50    0.00    0.00    0.00    0.00    0.00   99.25
Average:     all    0.06    0.00    0.63    0.00    0.00    0.00    0.00    0.00   99.31
Average:     all    0.06    0.00    0.69    0.00    0.00    0.00    0.00    0.00   99.24
Average:     all    0.13    0.00    0.50    0.00    0.00    0.00    0.00    0.00   99.37
Average:     all    0.06    0.00    0.57    0.00    0.00    0.00    0.00    0.00   99.37
Average:     all    0.13    0.00    0.57    0.00    0.00    0.00    0.00    0.00   99.31
Average:     all    0.06    0.00    0.57    0.00    0.00    0.00    0.00    0.00   99.37
Average:     all    0.13    0.00    0.57    0.00    0.00    0.00    0.06    0.00   99.25
Average:     all    0.06    0.00    0.69    0.00    0.00    0.00    0.00    0.00   99.24
Average:     all    0.13    0.00    0.63    0.00    0.00    0.00    0.00    0.00   99.24
Average:     all    0.13    0.00    0.57    0.00    0.00    0.00    0.00    0.00   99.31
Average:     all    0.13    0.00    0.69    0.00    0.00    0.00    0.00    0.00   99.18
Average:     all    0.06    0.00    0.69    0.00    0.00    0.00    0.00    0.00   99.24
Average:     all    0.06    0.00    0.57    0.00    0.00    0.00    0.00    0.00   99.37
Average:     all    0.13    0.00    0.63    0.00    0.00    0.00    0.00    0.00   99.24
Average:     all    0.19    0.00    0.63    0.44    0.00    0.00    0.00    0.00   98.74
