Average:     all    0.33    0.00    1.74   25.38    0.00    0.00    0.00    0.00   72.55
Average:     all    0.14    0.00    3.70   19.38    0.00    0.00    0.00    0.00   76.78
Average:     all    0.28    0.00    4.34   20.50    0.00    0.00    0.00    0.00   74.88
Average:     all    0.21    0.00    3.89   19.94    0.00    0.00    0.07    0.00   75.89
Average:     all    0.14    0.00    3.85   21.57    0.00    0.00    0.07    0.00   74.37
Average:     all    0.29    0.00    4.41   21.75    0.00    0.00    0.00    0.00   73.55
Average:     all    0.20    0.00    3.71   18.28    0.00    0.00    0.00    0.00   77.81
Average:     all    0.14    0.00    4.68   18.78    0.00    0.00    0.00    0.00   76.41
Average:     all    0.14    0.00    4.85   17.50    0.00    0.00    0.00    0.00   77.51
Average:     all    0.20    0.00    4.80   20.81    0.00    0.00    0.00    0.00   74.19
Average:     all    0.21    0.00    4.58   20.33    0.00    0.00    0.00    0.00   74.88
Average:     all   15.73    0.00    3.66    0.23    0.00    0.00    0.62    0.00   79.75
Average:     all   15.50    0.00    3.58    0.23    0.00    0.00    0.62    0.00   80.06
Average:     all   15.63    0.00    3.58    0.00    0.00    0.00    0.54    0.00   80.25
Average:     all   15.50    0.00    3.27    0.00    0.00    0.00    0.62    0.00   80.61
Average:     all   15.50    0.00    3.50    0.16    0.00    0.00    0.62    0.00   80.22
Average:     all   15.40    0.00    3.81    0.00    0.00    0.00    0.47    0.00   80.33
Average:     all   15.53    0.00    3.67    0.62    0.00    0.00    0.62    0.00   79.55
Average:     all   15.56    0.00    4.20    0.00    0.00    0.00    0.54    0.00   79.69
Average:     all   15.56    0.00    3.89    0.00    0.00    0.00    0.54    0.00   80.00
Average:     all   15.73    0.00    3.89    0.23    0.00    0.00    0.55    0.00   79.60
Average:     all   15.79    0.00    3.60    0.00    0.00    0.00    0.55    0.00   80.06
Average:     all   15.06    0.00    3.80    0.39    0.00    0.00    0.54    0.00   80.20
Average:     all   15.32    0.00    3.97    0.00    0.00    0.00    0.54    0.00   80.17
Average:     all   15.50    0.00    3.89    0.00    0.00    0.00    0.55    0.00   80.06
Average:     all   15.37    0.00    3.88    0.39    0.00    0.00    0.54    0.00   79.81
Average:     all   16.06    0.00    3.57    0.00    0.00    0.00    0.54    0.00   79.83
Average:     all   15.47    0.00    3.44    0.94    0.00    0.00    0.55    0.00   79.61
Average:     all   15.23    0.00    4.12    0.00    0.00    0.00    0.54    0.00   80.11
Average:     all   15.40    0.00    3.27    0.16    0.00    0.00    0.54    0.00   80.64
Average:     all   15.63    0.00    3.27    0.23    0.00    0.00    0.62    0.00   80.25
Average:     all   15.19    0.00    3.57    0.70    0.00    0.00    0.54    0.00   80.00
Average:     all   15.44    0.00    3.98    0.00    0.00    0.00    0.55    0.00   80.03
Average:     all   15.44    0.00    3.41    0.00    0.00    0.00    0.54    0.00   80.61
Average:     all   15.73    0.00    3.50    0.00    0.00    0.00    0.62    0.00   80.14
Average:     all   15.10    0.00    3.64    1.94    0.00    0.00    0.62    0.00   78.70
Average:     all   15.71    0.00    3.73    0.00    0.00    0.00    0.54    0.00   80.02
Average:     all   15.50    0.00    3.33    0.47    0.00    0.00    0.54    0.00   80.16
Average:     all   15.40    0.00    3.97    0.00    0.00    0.00    0.54    0.00   80.09
Average:     all   15.35    0.00    3.35    0.00    0.00    0.00    0.62    0.00   80.67
Average:     all   15.90    0.00    3.59    0.31    0.00    0.00    0.55    0.00   79.66
Average:     all   15.67    0.00    3.72    0.08    0.00    0.00    0.54    0.00   79.98
Average:     all   15.70    0.00    3.19    0.23    0.00    0.00    0.54    0.00   80.34
Average:     all   15.62    0.00    3.65    0.00    0.00    0.00    0.54    0.00   80.19
Average:     all   15.19    0.00    3.89    0.00    0.00    0.00    0.62    0.00   80.30
Average:     all   15.04    0.00    3.88    0.78    0.00    0.00    0.54    0.00   79.77
Average:     all   15.81    0.00    3.43    0.00    0.00    0.00    0.62    0.00   80.14
Average:     all   15.05    0.00    4.45    5.38    0.00    0.00    0.62    0.00   74.49
Average:     all   15.25    0.00    3.81    0.00    0.00    0.00    0.54    0.00   80.39
Average:     all    6.69    0.00    2.37    0.91    0.00    0.00    0.21    0.00   89.83
Average:     all   14.91    0.00    3.63    0.70    0.00    0.00    0.54    0.00   80.22
Average:     all   15.90    0.00    3.57    0.16    0.00    0.00    0.54    0.00   79.83
Average:     all   15.32    0.00    3.73    0.23    0.00    0.00    0.54    0.00   80.17
Average:     all   15.50    0.00    3.27    0.00    0.00    0.00    0.55    0.00   80.69
Average:     all   15.52    0.00    3.18    0.23    0.00    0.00    0.54    0.00   80.53
Average:     all   15.70    0.00    3.89    0.00    0.00    0.00    0.54    0.00   79.88
Average:     all   14.95    0.00    4.05    0.00    0.00    0.00    0.62    0.00   80.37
Average:     all   15.25    0.00    3.74    0.39    0.00    0.00    0.54    0.00   80.08
Average:     all   15.28    0.00    3.72    0.39    0.00    0.00    0.54    0.00   80.06
Average:     all   15.63    0.00    3.81    0.16    0.00    0.00    0.62    0.00   79.78
Average:     all   16.15    0.00    3.42    0.00    0.00    0.00    0.62    0.00   79.81
Average:     all   15.45    0.00    3.73    0.00    0.00    0.00    0.54    0.00   80.28
Average:     all   15.38    0.00    3.96    0.39    0.00    0.00    0.54    0.00   79.72
Average:     all   15.92    0.00    3.57    0.00    0.00    0.00    0.62    0.00   79.89
Average:     all   15.44    0.00    3.67    0.62    0.00    0.00    0.55    0.00   79.72
Average:     all   15.43    0.00    4.13    0.00    0.00    0.00    0.62    0.00   79.81
Average:     all   15.02    0.00    3.56    0.23    0.00    0.00    0.54    0.00   80.65
Average:     all   15.54    0.00    3.50    0.85    0.00    0.00    0.54    0.00   79.56
Average:     all   15.71    0.00    3.11    0.08    0.00    0.00    0.54    0.00   80.56
Average:     all   15.54    0.00    3.73    0.16    0.00    0.00    0.54    0.00   80.03
Average:     all   15.38    0.00    3.67    0.00    0.00    0.00    0.62    0.00   80.33
Average:     all   14.83    0.00    3.65    0.54    0.00    0.00    0.54    0.00   80.43
Average:     all   15.12    0.00    4.52    0.39    0.00    0.00    0.55    0.00   79.42
Average:     all   15.64    0.00    3.66    0.00    0.00    0.00    0.54    0.00   80.16
Average:     all   15.75    0.00    3.57    0.31    0.00    0.00    0.54    0.00   79.83
Average:     all   15.21    0.00    3.26    0.85    0.00    0.00    0.54    0.00   80.14
Average:     all   15.32    0.00    3.81    0.00    0.00    0.00    0.62    0.00   80.25
Average:     all   14.71    0.00    3.70    2.16    0.00    0.00    0.54    0.00   78.89
Average:     all   15.00    0.00    3.56    0.00    0.00    0.00    0.62    0.00   80.82
Average:     all   15.80    0.00    3.58    0.47    0.00    0.00    0.54    0.00   79.61
Average:     all   15.27    0.00    3.64    0.62    0.00    0.00    0.54    0.00   79.92
Average:     all   15.08    0.00    3.94    0.00    0.00    0.00    0.62    0.00   80.36
Average:     all   15.44    0.00    3.72    0.47    0.00    0.00    0.62    0.00   79.75
Average:     all    6.75    0.00    1.88    0.49    0.00    0.00    0.28    0.00   90.61
Average:     all   15.59    0.00    3.26    1.32    0.00    0.00    0.62    0.00   79.21
Average:     all   15.46    0.00    3.57    0.00    0.00    0.00    0.54    0.00   80.42
Average:     all   15.54    0.00    3.89    0.39    0.00    0.00    0.62    0.00   79.56
Average:     all   15.41    0.00    3.18    0.00    0.00    0.00    0.62    0.00   80.79
Average:     all   15.20    0.00    3.47    0.31    0.00    0.00    0.62    0.00   80.40
Average:     all   15.36    0.00    3.88    0.85    0.00    0.00    0.54    0.00   79.36
Average:     all   15.33    0.00    3.62    0.00    0.00    0.00    0.62    0.00   80.43
Average:     all   15.65    0.00    3.80    0.85    0.00    0.00    0.62    0.00   79.09
Average:     all   15.59    0.00    3.65    0.00    0.00    0.00    0.54    0.00   80.22
Average:     all   15.70    0.00    3.42    0.00    0.00    0.00    0.54    0.00   80.34
Average:     all   15.67    0.00    3.72    0.39    0.00    0.00    0.62    0.00   79.60
Average:     all   15.67    0.00    3.65    0.00    0.00    0.00    0.54    0.00   80.14
Average:     all   15.46    0.00    3.96    0.54    0.00    0.00    0.54    0.00   79.49
Average:     all    9.19    0.00    2.21    0.07    0.00    0.00    0.36    0.00   88.17
Average:     all   15.40    0.00    3.87    0.00    0.00    0.00    0.62    0.00   80.11
Average:     all   15.61    0.00    3.73    0.54    0.00    0.00    0.62    0.00   79.50
Average:     all   15.75    0.00    3.18    0.00    0.00    0.00    0.54    0.00   80.53
Average:     all   15.31    0.00    3.73    0.31    0.00    0.00    0.54    0.00   80.11
Average:     all   15.67    0.00    3.34    0.00    0.00    0.00    0.54    0.00   80.45
Average:     all   15.47    0.00    3.63    0.00    0.00    0.00    0.54    0.00   80.36
Average:     all   15.67    0.00    3.65    0.23    0.00    0.00    0.54    0.00   79.91
Average:     all   15.25    0.00    3.56    0.54    0.00    0.00    0.46    0.00   80.19
Average:     all   15.49    0.00    3.42    0.23    0.00    0.00    0.47    0.00   80.39
Average:     all   14.03    0.00    3.53    2.22    0.00    0.00    0.46    0.00   79.75
Average:     all   15.17    0.00    4.10    0.00    0.00    0.00    0.54    0.00   80.19
Average:     all   15.75    0.00    3.18    0.39    0.00    0.00    0.54    0.00   80.14
Average:     all   15.46    0.00    3.73    0.08    0.00    0.00    0.47    0.00   80.26
Average:     all   15.19    0.00    3.95    0.23    0.00    0.00    0.62    0.00   80.00
Average:     all   15.81    0.00    3.33    0.00    0.00    0.00    0.54    0.00   80.31
Average:     all   15.81    0.00    3.10    0.93    0.00    0.00    0.54    0.00   79.61
Average:     all   15.75    0.00    3.72    0.23    0.00    0.00    0.54    0.00   79.75
Average:     all   15.72    0.00    3.02    0.00    0.00    0.00    0.54    0.00   80.71
Average:     all    6.95    0.00    2.23    0.07    0.00    0.00    0.28    0.00   90.47
Average:     all   15.52    0.00    3.41    0.08    0.00    0.00    0.47    0.00   80.53
Average:     all   15.44    0.00    3.71    0.00    0.00    0.00    0.62    0.00   80.23
Average:     all   15.30    0.00    3.79    1.00    0.00    0.00    0.54    0.00   79.37
Average:     all   15.46    0.00    3.94    0.00    0.00    0.00    0.54    0.00   80.06
Average:     all   15.31    0.00    3.40    0.23    0.00    0.00    0.54    0.00   80.51
Average:     all   15.63    0.00    3.79    0.00    0.00    0.00    0.62    0.00   79.95
Average:     all   15.62    0.00    3.48    0.00    0.00    0.00    0.54    0.00   80.36
Average:     all    7.70    0.00    1.82    0.28    0.00    0.00    0.28    0.00   89.92
Average:     all   15.40    0.00    3.02    0.00    0.00    0.00    0.54    0.00   81.04
Average:     all   15.46    0.00    3.40    0.62    0.00    0.00    0.62    0.00   79.91
Average:     all   15.43    0.00    3.80    0.00    0.00    0.00    0.54    0.00   80.23
Average:     all   14.95    0.00    4.42    0.15    0.00    0.00    0.54    0.00   79.94
Average:     all   15.14    0.00    3.40    0.00    0.00    0.00    0.46    0.00   81.00
Average:     all   15.00    0.00    3.15    0.69    0.00    0.00    0.62    0.00   80.54
Average:     all   15.73    0.00    3.08    0.23    0.00    0.00    0.54    0.00   80.42
Average:     all   15.18    0.00    3.31    0.23    0.00    0.00    0.46    0.00   80.82
Average:     all   15.17    0.00    3.70    0.46    0.00    0.00    0.54    0.00   80.14
Average:     all   15.44    0.00    2.84    0.23    0.00    0.00    0.54    0.00   80.95
Average:     all   15.21    0.00    3.55    0.39    0.00    0.00    0.39    0.00   80.46
Average:     all   14.92    0.00    2.91    0.15    0.00    0.00    0.46    0.00   81.56
Average:     all   15.23    0.00    3.31    0.00    0.00    0.00    0.54    0.00   80.92
Average:     all   15.11    0.00    3.86    0.39    0.00    0.00    0.54    0.00   80.11
Average:     all   14.93    0.00    3.62    0.00    0.00    0.00    0.46    0.00   80.99
Average:     all   14.32    0.00    3.43    1.83    0.00    0.00    0.46    0.00   79.97
Average:     all   15.23    0.00    3.46    0.00    0.00    0.00    0.54    0.00   80.77
Average:     all   15.31    0.00    2.85    0.00    0.00    0.00    0.46    0.00   81.38
Average:     all   15.31    0.00    3.46    0.62    0.00    0.00    0.46    0.00   80.15
Average:     all    6.51    0.00    1.92    0.41    0.00    0.00    0.21    0.00   90.96
Average:     all   14.56    0.00    3.05    0.91    0.00    0.00    0.46    0.00   81.02
Average:     all   15.54    0.00    2.85    0.00    0.00    0.00    0.46    0.00   81.15
Average:     all   15.17    0.00    3.08    0.00    0.00    0.00    0.46    0.00   81.29
Average:     all   14.65    0.00    3.05    2.14    0.00    0.00    0.46    0.00   79.71
Average:     all   15.46    0.00    3.54    0.00    0.00    0.00    0.46    0.00   80.54
Average:     all   15.15    0.00    3.31    0.46    0.00    0.00    0.46    0.00   80.62
Average:     all   15.32    0.00    3.54    0.08    0.00    0.00    0.46    0.00   80.60
Average:     all   15.31    0.00    3.38    0.62    0.00    0.00    0.46    0.00   80.23
Average:     all   15.57    0.00    2.91    0.23    0.00    0.00    0.46    0.00   80.83
Average:     all   15.20    0.00    3.22    0.00    0.00    0.00    0.54    0.00   81.04
Average:     all   15.51    0.00    3.23    0.23    0.00    0.00    0.46    0.00   80.57
Average:     all   15.38    0.00    3.77    0.00    0.00    0.00    0.46    0.00   80.38
Average:     all   11.84    0.00    3.20    0.60    0.00    0.00    0.37    0.00   83.99
Average:     all   15.58    0.00    3.45    0.08    0.00    0.00    0.54    0.00   80.35
Average:     all   15.28    0.00    3.00    0.00    0.00    0.00    0.46    0.00   81.26
Average:     all   15.01    0.00    3.45    0.84    0.00    0.00    0.38    0.00   80.32
Average:     all   15.23    0.00    3.46    0.00    0.00    0.00    0.46    0.00   80.85
Average:     all   14.98    0.00    3.61    0.23    0.00    0.00    0.46    0.00   80.72
Average:     all   15.24    0.00    3.46    0.00    0.00    0.00    0.46    0.00   80.83
Average:     all   14.93    0.00    3.83    0.38    0.00    0.00    0.46    0.00   80.40
Average:     all   15.37    0.00    3.54    0.38    0.00    0.00    0.46    0.00   80.25
Average:     all   15.20    0.00    3.07    0.00    0.00    0.00    0.38    0.00   81.35
Average:     all   15.33    0.00    2.99    0.69    0.00    0.00    0.46    0.00   80.54
Average:     all   15.28    0.00    3.23    0.00    0.00    0.00    0.46    0.00   81.03
Average:     all   15.15    0.00    3.40    0.00    0.00    0.00    0.54    0.00   80.91
Average:     all   15.28    0.00    3.00    0.46    0.00    0.00    0.46    0.00   80.80
Average:     all   15.14    0.00    3.46    0.15    0.00    0.00    0.46    0.00   80.78
Average:     all   15.26    0.00    3.22    0.31    0.00    0.00    0.38    0.00   80.83
Average:     all   15.09    0.00    4.00    0.00    0.00    0.00    0.38    0.00   80.52
Average:     all   15.11    0.00    3.37    0.00    0.00    0.00    0.46    0.00   81.06
Average:     all   15.21    0.00    3.38    0.23    0.00    0.00    0.46    0.00   80.72
Average:     all   15.01    0.00    3.83    0.00    0.00    0.00    0.46    0.00   80.70
Average:     all   15.21    0.00    3.15    1.15    0.00    0.00    0.38    0.00   80.11
Average:     all   15.24    0.00    3.00    0.00    0.00    0.00    0.54    0.00   81.22
Average:     all   15.25    0.00    3.14    0.00    0.00    0.00    0.46    0.00   81.15
Average:     all    6.19    0.00    2.06    0.62    0.00    0.00    0.27    0.00   90.86
Average:     all   14.98    0.00    3.38    0.00    0.00    0.00    0.46    0.00   81.18
Average:     all   15.23    0.00    3.21    0.69    0.00    0.00    0.46    0.00   80.41
Average:     all   15.25    0.00    2.84    0.08    0.00    0.00    0.46    0.00   81.38
Average:     all   15.31    0.00    2.91    0.23    0.00    0.00    0.46    0.00   81.09
Average:     all   15.61    0.00    2.91    0.69    0.00    0.00    0.38    0.00   80.41
Average:     all   14.90    0.00    3.46    0.00    0.00    0.00    0.38    0.00   81.26
Average:     all   14.74    0.00    3.44    0.76    0.00    0.00    0.46    0.00   80.60
Average:     all   14.67    0.00    3.59    0.00    0.00    0.00    0.53    0.00   81.21
Average:     all   15.15    0.00    3.60    0.00    0.00    0.00    0.46    0.00   80.80
Average:     all   15.02    0.00    3.60    2.07    0.00    0.00    0.38    0.00   78.93
Average:     all    9.76    0.00    2.82    0.22    0.00    0.00    0.29    0.00   86.91
Average:     all   15.63    0.00    3.22    0.31    0.00    0.00    0.46    0.00   80.38
Average:     all   14.34    0.00    3.36    0.92    0.00    0.00    0.38    0.00   81.01
Average:     all   14.90    0.00    3.28    0.08    0.00    0.00    0.46    0.00   81.28
Average:     all   15.31    0.00    2.76    0.54    0.00    0.00    0.46    0.00   80.93
Average:     all   15.14    0.00    3.06    0.76    0.00    0.00    0.38    0.00   80.66
Average:     all   15.21    0.00    3.23    0.69    0.00    0.00    0.46    0.00   80.41
Average:     all   15.30    0.00    2.98    0.00    0.00    0.00    0.46    0.00   81.25
Average:     all   15.13    0.00    3.44    0.31    0.00    0.00    0.46    0.00   80.67
Average:     all   15.49    0.00    3.14    0.31    0.00    0.00    0.38    0.00   80.67
Average:     all   14.62    0.00    3.62    0.00    0.00    0.00    0.46    0.00   81.31
Average:     all   15.11    0.00    3.14    1.15    0.00    0.00    0.46    0.00   80.14
Average:     all   15.21    0.00    2.98    0.46    0.00    0.00    0.46    0.00   80.89
Average:     all   15.05    0.00    2.75    0.84    0.00    0.00    0.38    0.00   80.98
Average:     all   15.05    0.00    3.59    0.00    0.00    0.00    0.46    0.00   80.90
Average:     all   14.76    0.00    3.13    0.23    0.00    0.00    0.46    0.00   81.42
Average:     all   14.82    0.00    3.51    1.30    0.00    0.00    0.38    0.00   79.98
Average:     all   15.20    0.00    2.90    0.00    0.00    0.00    0.38    0.00   81.51
Average:     all   14.92    0.00    2.98    0.31    0.00    0.00    0.38    0.00   81.41
Average:     all    6.22    0.00    2.14    0.28    0.00    0.00    0.14    0.00   91.22
Average:     all   15.16    0.00    2.97    0.30    0.00    0.00    0.46    0.00   81.11
Average:     all   15.28    0.00    2.44    1.38    0.00    0.00    0.38    0.00   80.52
Average:     all   15.02    0.00    3.16    0.00    0.00    0.00    0.46    0.00   81.36
Average:     all   15.23    0.00    2.92    0.62    0.00    0.00    0.46    0.00   80.77
Average:     all   15.46    0.00    3.15    0.08    0.00    0.00    0.46    0.00   80.85
Average:     all   15.09    0.00    3.46    0.00    0.00    0.00    0.46    0.00   80.99
Average:     all   15.38    0.00    3.31    0.15    0.00    0.00    0.46    0.00   80.69
Average:     all    6.63    0.00    1.52    0.07    0.00    0.00    0.28    0.00   91.51
Average:     all   15.33    0.00    3.14    0.38    0.00    0.00    0.46    0.00   80.69
Average:     all   15.27    0.00    3.38    0.00    0.00    0.00    0.54    0.00   80.81
Average:     all   15.18    0.00    3.22    0.00    0.00    0.00    0.46    0.00   81.13
Average:     all   14.16    0.00    3.20    2.13    0.00    0.00    0.46    0.00   80.06
Average:     all   15.73    0.00    2.61    0.00    0.00    0.00    0.54    0.00   81.12
Average:     all   15.36    0.00    3.38    0.84    0.00    0.00    0.38    0.00   80.03
Average:     all   14.67    0.00    3.38    0.00    0.00    0.00    0.46    0.00   81.49
Average:     all   15.18    0.00    3.07    0.00    0.00    0.00    0.54    0.00   81.21
Average:     all   15.33    0.00    3.30    0.46    0.00    0.00    0.46    0.00   80.46
Average:     all   15.18    0.00    3.30    0.23    0.00    0.00    0.38    0.00   80.90
Average:     all   13.22    0.00    2.38    0.22    0.00    0.00    0.37    0.00   83.80
Average:     all   15.03    0.00    3.14    0.00    0.00    0.00    0.46    0.00   81.37
Average:     all   15.25    0.00    3.30    0.00    0.00    0.00    0.46    0.00   81.00
Average:     all   14.87    0.00    3.07    3.14    0.00    0.00    0.46    0.00   78.47
Average:     all   15.04    0.00    3.44    0.15    0.00    0.00    0.46    0.00   80.92
Average:     all   15.18    0.00    3.14    0.46    0.00    0.00    0.46    0.00   80.75
Average:     all   14.85    0.00    3.52    0.00    0.00    0.00    0.46    0.00   81.16
Average:     all   14.66    0.00    3.05    0.61    0.00    0.00    0.46    0.00   81.22
Average:     all   14.95    0.00    2.99    0.38    0.00    0.00    0.38    0.00   81.29
Average:     all    7.12    0.00    1.76    0.00    0.00    0.00    0.14    0.00   90.98
Average:     all   15.01    0.00    3.22    0.54    0.00    0.00    0.46    0.00   80.78
Average:     all   14.85    0.00    3.06    0.00    0.00    0.00    0.46    0.00   81.62
Average:     all   15.01    0.00    3.29    0.31    0.00    0.00    0.46    0.00   80.93
Average:     all   14.92    0.00    3.75    0.54    0.00    0.00    0.46    0.00   80.34
Average:     all   15.06    0.00    3.29    0.00    0.00    0.00    0.46    0.00   81.19
Average:     all   14.78    0.00    3.22    0.54    0.00    0.00    0.38    0.00   81.09
Average:     all   15.30    0.00    3.52    0.00    0.00    0.00    0.38    0.00   80.80
Average:     all   14.83    0.00    2.98    0.31    0.00    0.00    0.38    0.00   81.50
Average:     all   15.19    0.00    3.13    0.00    0.00    0.00    0.46    0.00   81.22
Average:     all   14.32    0.00    3.73    0.46    0.00    0.00    0.38    0.00   81.11
Average:     all   15.17    0.00    2.97    0.00    0.00    0.00    0.38    0.00   81.48
Average:     all   14.89    0.00    3.21    0.00    0.00    0.00    0.38    0.00   81.53
Average:     all   15.05    0.00    3.51    0.92    0.00    0.00    0.38    0.00   80.14
Average:     all   14.78    0.00    3.20    0.23    0.00    0.00    0.46    0.00   81.34
Average:     all   15.21    0.00    2.28    2.36    0.00    0.00    0.38    0.00   79.77
Average:     all   14.69    0.00    2.97    1.37    0.00    0.00    0.38    0.00   80.59
Average:     all   15.42    0.00    3.13    0.00    0.00    0.00    0.38    0.00   81.07
Average:     all   14.68    0.00    3.42    2.05    0.00    0.00    0.46    0.00   79.39
Average:     all    6.82    0.00    1.72    0.00    0.00    0.00    0.21    0.00   91.25
Average:     all   14.89    0.00    3.27    1.52    0.00    0.00    0.38    0.00   79.94
Average:     all   14.94    0.00    3.05    0.00    0.00    0.00    0.38    0.00   81.63
Average:     all   14.43    0.00    3.11    1.75    0.00    0.00    0.46    0.00   80.26
Average:     all   14.92    0.00    3.35    0.38    0.00    0.00    0.46    0.00   80.90
Average:     all   14.84    0.00    2.82    0.00    0.00    0.00    0.46    0.00   81.89
Average:     all   15.24    0.00    3.46    0.31    0.00    0.00    0.38    0.00   80.60
Average:     all   11.69    0.00    2.37    0.00    0.00    0.00    0.37    0.00   85.58
Average:     all   15.18    0.00    3.00    0.00    0.00    0.00    0.39    0.00   81.43
Average:     all    6.76    0.00    1.66    0.41    0.00    0.00    0.21    0.00   90.97
Average:     all   15.36    0.00    3.69    0.23    0.00    0.00    0.38    0.00   80.34
Average:     all    5.39    0.00    1.59    0.28    0.00    0.00    0.14    0.00   92.60
Average:     all   15.27    0.00    2.46    0.00    0.00    0.00    0.38    0.00   81.89
Average:     all    3.43    0.00    1.32    0.53    0.00    0.00    0.13    0.00   94.59
Average:     all   15.33    0.00    2.84    0.00    0.00    0.00    0.46    0.00   81.38
Average:     all    0.21    0.00   11.30    0.71    0.00    0.00    0.00    0.00   87.78
Average:     all   12.77    0.00    2.45    2.45    0.00    0.00    0.07    0.00   82.25
Average:     all   14.68    0.00    1.25    0.66    0.00    0.00    0.00    0.00   83.41
Average:     all   14.39    0.00    1.31    0.44    0.00    0.00    0.07    0.00   83.79
Average:     all   14.19    0.00    1.22    0.43    0.00    0.00    0.00    0.00   84.16
Average:     all    0.19    0.00    1.10   24.58    0.00    0.00    0.00    0.00   74.13
Average:     all    0.13    0.00    1.17   27.49    0.00    0.00    0.00    0.00   71.21
Average:     all    0.07    0.00    0.93   30.68    0.00    0.00    0.00    0.00   68.32
Average:     all    0.13    0.00    1.01   24.34    0.00    0.00    0.00    0.00   74.53
Average:     all    0.13    0.00    1.07   23.83    0.00    0.00    0.00    0.00   74.97
Average:     all    8.82    0.00    2.80   11.55    0.00    0.00    0.07    0.00   76.75
Average:     all    0.13    0.00    0.69    0.00    0.00    0.00    0.00    0.00   99.18
Average:     all    0.19    0.00    0.88    2.65    0.00    0.00    0.00    0.00   96.28
Average:     all    0.19    0.00    0.95    0.06    0.00    0.00    0.00    0.00   98.80
Average:     all    0.06    0.00    0.63    0.00    0.00    0.00    0.00    0.00   99.31
Average:     all    0.19    0.00    0.76    1.33    0.00    0.00    0.00    0.00   97.73
Average:     all    0.06    0.00    0.82    0.00    0.00    0.00    0.00    0.00   99.12
Average:     all    0.06    0.00    0.82    0.00    0.00    0.00    0.00    0.00   99.12
Average:     all    0.06    0.00    0.82    0.00    0.00    0.00    0.00    0.00   99.12
Average:     all    0.25    0.00    0.76    0.00    0.00    0.00    0.06    0.00   98.93
Average:     all    0.13    0.00    0.76    0.00    0.00    0.00    0.00    0.00   99.12
Average:     all    0.13    0.00    0.76    0.00    0.00    0.00    0.00    0.00   99.12
Average:     all    0.18    0.00    0.74    0.00    0.00    0.00    0.00    0.00   99.08
Average:     all    0.19    0.00    0.69    0.00    0.00    0.00    0.00    0.00   99.12
Average:     all    0.19    0.00    0.76    0.00    0.00    0.00    0.00    0.00   99.05
Average:     all    0.13    0.00    0.76    0.00    0.00    0.00    0.00    0.00   99.12
Average:     all    0.19    0.00    0.63    0.00    0.00    0.00    0.00    0.00   99.18
Average:     all    0.25    0.00    0.82    0.00    0.00    0.00    0.00    0.00   98.93
Average:     all    0.13    0.00    0.82    0.00    0.00    0.00    0.00    0.00   99.06
Average:     all    0.13    0.00    0.76    0.00    0.00    0.00    0.00    0.00   99.12
Average:     all    0.13    0.00    0.69    0.00    0.00    0.00    0.00    0.00   99.18
Average:     all    0.13    0.00    0.76    0.00    0.00    0.00    0.00    0.00   99.12
Average:     all    0.06    0.00    0.57    0.00    0.00    0.00    0.00    0.00   99.37
Average:     all    0.06    0.00    0.69    0.00    0.00    0.00    0.00    0.00   99.24
Average:     all    0.06    0.00    0.76    0.00    0.00    0.00    0.00    0.00   99.18
Average:     all    0.13    0.00    0.69    0.00    0.00    0.00    0.00    0.00   99.18
Average:     all    0.13    0.00    0.69    0.00    0.00    0.00    0.06    0.00   99.12
Average:     all    0.19    0.00    0.76    0.00    0.00    0.00    0.00    0.00   99.05
Average:     all    0.19    0.00    0.63    0.00    0.00    0.00    0.00    0.00   99.18
Average:     all    0.19    0.00    0.76    0.00    0.00    0.00    0.00    0.00   99.05
Average:     all    0.06    0.00    0.76    0.00    0.00    0.00    0.00    0.00   99.18
Average:     all    0.19    0.00    0.69    0.44    0.00    0.00    0.00    0.00   98.67
Average:     all    0.19    0.00    0.81    0.00    0.00    0.00    0.00    0.00   99.01
Average:     all    0.06    0.00    0.69    0.00    0.00    0.00    0.00    0.00   99.24
Average:     all    0.06    0.00    0.76    0.00    0.00    0.00    0.00    0.00   99.18
Average:     all    0.13    0.00    0.69    0.00    0.00    0.00    0.00    0.00   99.18
Average:     all    0.13    0.00    0.69    0.00    0.00    0.00    0.00    0.00   99.18
Average:     all    0.19    0.00    0.69    0.00    0.00    0.00    0.00    0.00   99.12
Average:     all    0.12    0.00    0.73    0.00    0.00    0.00    0.00    0.00   99.15
Average:     all    0.12    0.00    0.79    0.00    0.00    0.00    0.00    0.00   99.09
Average:     all    0.13    0.00    0.82    0.00    0.00    0.00    0.00    0.00   99.06
Average:     all    0.13    0.00    0.63    0.00    0.00    0.00    0.00    0.00   99.24
Average:     all    0.25    0.00    0.82    0.00    0.00    0.00    0.00    0.00   98.93
Average:     all    0.24    0.00    0.60    0.00    0.00    0.00    0.00    0.00   99.16
Average:     all    0.06    0.00    0.80    0.00    0.00    0.00    0.06    0.00   99.08
Average:     all    0.13    0.00    0.82    0.00    0.00    0.00    0.00    0.00   99.05
Average:     all    0.13    0.00    0.63    0.00    0.00    0.00    0.00    0.00   99.24
Average:     all    0.13    0.00    0.69    0.00    0.00    0.00    0.00    0.00   99.18
Average:     all    0.19    0.00    0.69    0.00    0.00    0.00    0.00    0.00   99.12
Average:     all    0.13    0.00    0.69    0.00    0.00    0.00    0.00    0.00   99.18
Average:     all    0.18    0.00    0.67    0.00    0.00    0.00    0.00    0.00   99.14
Average:     all    0.18    0.00    0.67    0.00    0.00    0.00    0.00    0.00   99.14
Average:     all    0.19    0.00    0.69    0.00    0.00    0.00    0.00    0.00   99.12
Average:     all    0.06    0.00    0.88    0.00    0.00    0.00    0.00    0.00   99.06
Average:     all    0.19    0.00    0.69    0.00    0.00    0.00    0.06    0.00   99.05
Average:     all    0.19    0.00    0.69    0.00    0.00    0.00    0.00    0.00   99.12
Average:     all    0.13    0.00    0.69    0.00    0.00    0.00    0.00    0.00   99.18
Average:     all    0.25    0.00    0.63    0.00    0.00    0.00    0.00    0.00   99.12
Average:     all    0.19    0.00    0.69    0.00    0.00    0.00    0.00    0.00   99.12
Average:     all    0.25    0.00    0.63    0.00    0.00    0.00    0.00    0.00   99.12
Average:     all    0.07    0.00    0.74    0.00    0.00    0.00    0.00    0.00   99.20
Average:     all    0.25    0.00    0.62    0.00    0.00    0.00    0.00    0.00   99.13
Average:     all    0.27    0.00    0.68    0.00    0.00    0.00    0.00    0.00   99.04
Average:     all    0.00    0.00    0.70    0.00    0.00    0.00    0.00    0.00   99.30
Average:     all    0.21    0.00    0.62    0.00    0.00    0.00    0.00    0.00   99.17
Average:     all    0.07    0.00    0.68    0.14    0.00    0.00    0.00    0.00   99.11
Average:     all    0.20    0.00    0.79    0.00    0.00    0.00    0.00    0.00   99.01
Average:     all    0.00    0.00    0.78    0.00    0.00    0.00    0.00    0.00   99.22
Average:     all    0.15    0.00    0.65    0.00    0.00    0.00    0.00    0.00   99.20
Average:     all    0.14    0.00    0.71    0.00    0.00    0.00    0.00    0.00   99.15
Average:     all    0.07    0.00    0.89    0.00    0.00    0.00    0.00    0.00   99.04
Average:     all    0.14    0.00    0.72    0.00    0.00    0.00    0.00    0.00   99.13
Average:     all    0.22    0.00    0.72    0.00    0.00    0.00    0.00    0.00   99.06
Average:     all    0.14    0.00    0.77    0.00    0.00    0.00    0.00    0.00   99.09
Average:     all    0.15    0.00    0.81    0.00    0.00    0.00    0.00    0.00   99.04
Average:     all    0.22    0.00    0.75    0.00    0.00    0.00    0.00    0.00   99.03
Average:     all    0.14    0.00    0.72    0.00    0.00    0.00    0.00    0.00   99.13
Average:     all    0.22    0.00    0.66    0.00    0.00    0.00    0.00    0.00   99.12
Average:     all    0.14    0.00    0.70    0.00    0.00    0.00    0.00    0.00   99.16
Average:     all    0.22    0.00    0.75    0.00    0.00    0.00    0.00    0.00   99.03
Average:     all    0.15    0.00    0.68    0.45    0.00    0.00    0.00    0.00   98.72
Average:     all    0.22    0.00    0.74    0.00    0.00    0.00    0.00    0.00   99.04
Average:     all    0.22    0.00    0.80    0.00    0.00    0.00    0.00    0.00   98.98
Average:     all    0.30    0.00    0.68    0.00    0.00    0.00    0.00    0.00   99.02
Average:     all    0.22    0.00    0.67    0.00    0.00    0.00    0.00    0.00   99.11
Average:     all    0.30    0.00    0.52    0.00    0.00    0.00    0.00    0.00   99.18
Average:     all    0.07    0.00    0.81    0.00    0.00    0.00    0.00    0.00   99.11
Average:     all    0.22    0.00    0.67    0.00    0.00    0.00    0.00    0.00   99.11
Average:     all    0.15    0.00    0.73    0.00    0.00    0.00    0.00    0.00   99.12
Average:     all    0.07    0.00    0.72    0.00    0.00    0.00    0.00    0.00   99.21
Average:     all    0.14    0.00    0.71    0.00    0.00    0.00    0.07    0.00   99.08
Average:     all    0.13    0.00    0.73    0.00    0.00    0.00    0.00    0.00   99.14
Average:     all    0.14    0.00    0.78    0.00    0.00    0.00    0.00    0.00   99.08
Average:     all    0.14    0.00    0.79    0.00    0.00    0.00    0.00    0.00   99.07
Average:     all    0.07    0.00    0.78    0.00    0.00    0.00    0.00    0.00   99.15
Average:     all    0.19    0.00    0.71    0.00    0.00    0.00    0.00    0.00   99.09
Average:     all    0.13    0.00    0.65    0.00    0.00    0.00    0.00    0.00   99.23
Average:     all    0.27    0.00    0.68    0.00    0.00    0.00    0.00    0.00   99.04
Average:     all    0.14    0.00    0.62    0.00    0.00    0.00    0.00    0.00   99.25
Average:     all    0.14    0.00    0.55    0.00    0.00    0.00    0.00    0.00   99.31
Average:     all    0.21    0.00    0.69    0.00    0.00    0.00    0.00    0.00   99.11
Average:     all    0.07    0.00    0.83    0.00    0.00    0.00    0.00    0.00   99.10
Average:     all    0.07    0.00    0.79    0.00    0.00    0.00    0.00    0.00   99.14
Average:     all    0.14    0.00    0.68    0.00    0.00    0.00    0.00    0.00   99.19
Average:     all    0.00    0.00    0.75    0.00    0.00    0.00    0.00    0.00   99.25
Average:     all    0.07    0.00    0.75    0.00    0.00    0.00    0.00    0.00   99.19
Average:     all    0.20    0.00    0.85    0.39    0.00    0.00    0.00    0.00   98.56
Average:     all    0.14    0.00    0.79    0.00    0.00    0.00    0.00    0.00   99.07
Average:     all    0.20    0.00    0.68    0.00    0.00    0.00    0.00    0.00   99.12
Average:     all    0.27    0.00    0.61    0.00    0.00    0.00    0.00    0.00   99.12
Average:     all    0.14    0.00    0.85    0.00    0.00    0.00    0.00    0.00   99.01
Average:     all    0.14    0.00    0.75    0.00    0.00    0.00    0.00    0.00   99.11
Average:     all    0.07    0.00    0.79    0.00    0.00    0.00    0.00    0.00   99.14
Average:     all    0.21    0.00    0.78    0.00    0.00    0.00    0.00    0.00   99.01
Average:     all    0.22    0.00    0.65    0.00    0.00    0.00    0.00    0.00   99.14
Average:     all    0.29    0.00    0.58    0.00    0.00    0.00    0.00    0.00   99.14
Average:     all    0.00    0.00    0.88    0.00    0.00    0.00    0.00    0.00   99.12
Average:     all    0.07    0.00    0.85    0.00    0.00    0.00    0.00    0.00   99.08
Average:     all    0.21    0.00    0.71    0.00    0.00    0.00    0.00    0.00   99.08
Average:     all    0.07    0.00    0.75    0.00    0.00    0.00    0.07    0.00   99.12
Average:     all    0.21    0.00    0.63    0.00    0.00    0.00    0.00    0.00   99.16
Average:     all    0.20    0.00    0.74    0.00    0.00    0.00    0.00    0.00   99.06
Average:     all    0.07    0.00    0.60    0.00    0.00    0.00    0.00    0.00   99.33
Average:     all    0.07    0.00    0.72    0.00    0.00    0.00    0.00    0.00   99.21
Average:     all    0.14    0.00    0.62    0.00    0.00    0.00    0.00    0.00   99.25
Average:     all    0.07    0.00    0.78    0.00    0.00    0.00    0.00    0.00   99.15
Average:     all    0.07    0.00    0.72    0.00    0.00    0.00    0.00    0.00   99.20
Average:     all    0.20    0.00    0.60    0.00    0.00    0.00    0.00    0.00   99.20
Average:     all    0.00    0.00    0.94    0.00    0.00    0.00    0.00    0.00   99.06
Average:     all    0.26    0.00    0.58    0.00    0.00    0.00    0.00    0.00   99.17
Average:     all    0.07    0.00    0.76    0.00    0.00    0.00    0.00    0.00   99.17
Average:     all    0.13    0.00    0.67    0.00    0.00    0.00    0.00    0.00   99.19
Average:     all    0.13    0.00    0.72    0.00    0.00    0.00    0.00    0.00   99.15
Average:     all    0.13    0.00    0.79    0.00    0.00    0.00    0.00    0.00   99.08
Average:     all    0.27    0.00    0.54    0.00    0.00    0.00    0.00    0.00   99.19
Average:     all    0.20    0.00    0.81    0.00    0.00    0.07    0.00    0.00   98.92
Average:     all    0.14    0.00    0.75    0.00    0.00    0.00    0.00    0.00   99.11
Average:     all    0.07    0.00    0.60    0.00    0.00    0.00    0.00    0.00   99.33
Average:     all    0.13    0.00    0.86    0.00    0.00    0.00    0.00    0.00   99.00
Average:     all    0.07    0.00    0.83    0.00    0.00    0.00    0.00    0.00   99.10
Average:     all    0.14    0.00    0.62    0.00    0.00    0.00    0.00    0.00   99.24
Average:     all    0.07    0.00    0.83    0.00    0.00    0.00    0.00    0.00   99.10
Average:     all    0.14    0.00    0.68    0.00    0.00    0.00    0.00    0.00   99.19
Average:     all    0.27    0.00    0.60    0.00    0.00    0.00    0.00    0.00   99.13
Average:     all    0.13    0.00    0.73    0.00    0.00    0.00    0.07    0.00   99.07
Average:     all    0.07    0.00    0.63    0.00    0.00    0.00    0.00    0.00   99.30
Average:     all    0.14    0.00    0.70    0.00    0.00    0.00    0.00    0.00   99.16
Average:     all    0.07    0.00    0.78    0.00    0.00    0.00    0.00    0.00   99.15
Average:     all    0.07    0.00    0.61    0.00    0.00    0.00    0.00    0.00   99.32
Average:     all    0.28    0.00    0.64    0.00    0.00    0.00    0.00    0.00   99.08
Average:     all    0.14    0.00    0.69    0.00    0.00    0.00    0.00    0.00   99.17
Average:     all    0.28    0.00    0.55    0.00    0.00    0.00    0.00    0.00   99.17
Average:     all    0.13    0.00    0.80    0.00    0.00    0.00    0.07    0.00   99.00
Average:     all    0.07    0.00    0.73    0.00    0.00    0.00    0.00    0.00   99.21
Average:     all    0.20    0.00    0.67    0.00    0.00    0.00    0.00    0.00   99.14
Average:     all    0.13    0.00    0.66    0.00    0.00    0.00    0.00    0.00   99.21
Average:     all    0.21    0.00    0.76    0.00    0.00    0.00    0.00    0.00   99.04
Average:     all    0.07    0.00    0.74    0.00    0.00    0.00    0.00    0.00   99.19
Average:     all    0.07    0.00    0.74    0.00    0.00    0.00    0.00    0.00   99.20
Average:     all    0.20    0.00    0.67    0.00    0.00    0.00    0.00    0.00   99.13
Average:     all    0.13    0.00    0.59    0.00    0.00    0.00    0.00    0.00   99.28
Average:     all    0.07    0.00    0.90    0.00    0.00    0.00    0.07    0.00   98.96
Average:     all    0.14    0.00    0.76    0.00    0.00    0.00    0.00    0.00   99.10
Average:     all    0.21    0.00    0.76    0.00    0.00    0.00    0.00    0.00   99.03
Average:     all    0.21    0.00    0.69    0.00    0.00    0.00    0.00    0.00   99.10
Average:     all    0.13    0.00    0.87    0.00    0.00    0.00    0.00    0.00   98.99
Average:     all    0.13    0.00    0.72    0.00    0.00    0.00    0.00    0.00   99.14
