Average:     CPU    %usr   %nice    %sys %iowait    %irq   %soft  %steal  %guest   %idle
Average:     all   28.57    0.00    2.01    1.13    0.00    0.00    0.00    0.00   68.30
Average:       0   53.03    0.00    3.54    4.55    0.00    0.00    0.00    0.00   38.89
Average:       1   21.21    0.00    1.01    0.00    0.00    0.00    0.00    0.00   77.78
Average:       2   31.34    0.00    2.49    0.00    0.00    0.00    0.00    0.00   66.17
Average:       3    8.54    0.00    0.50    0.00    0.00    0.00    0.00    0.00   90.95
Average:     CPU    %usr   %nice    %sys %iowait    %irq   %soft  %steal  %guest   %idle
Average:     all   30.79    0.00    1.38    0.13    0.00    0.00    0.00    0.00   67.71
Average:       0   58.00    0.00    3.00    0.00    0.00    0.00    0.00    0.00   39.00
Average:       1    9.45    0.00    0.50    0.50    0.00    0.00    0.00    0.00   89.55
Average:       2   34.00    0.00    1.50    0.50    0.00    0.00    0.00    0.00   64.00
Average:       3   21.11    0.00    0.50    0.00    0.00    0.00    0.00    0.00   78.39
Average:     CPU    %usr   %nice    %sys %iowait    %irq   %soft  %steal  %guest   %idle
Average:     all   32.00    0.00    1.12    0.00    0.00    0.00    0.00    0.00   66.88
Average:       0   66.50    0.00    3.50    0.00    0.00    0.00    0.00    0.00   30.00
Average:       1   18.00    0.00    0.00    0.00    0.00    0.00    0.00    0.00   82.00
Average:       2   24.00    0.00    0.50    0.00    0.00    0.00    0.00    0.00   75.50
Average:       3   19.50    0.00    1.00    0.00    0.00    0.00    0.00    0.00   79.50
Average:     CPU    %usr   %nice    %sys %iowait    %irq   %soft  %steal  %guest   %idle
Average:     all   34.04    0.00    0.75    0.25    0.00    0.00    0.00    0.00   64.96
Average:       0   33.33    0.00    1.00    0.50    0.00    0.00    0.00    0.00   65.17
Average:       1   48.26    0.00    1.49    0.00    0.00    0.00    0.00    0.00   50.25
Average:       2   38.00    0.00    0.50    0.00    0.00    0.00    0.00    0.00   61.50
Average:       3   16.00    0.00    0.50    0.00    0.00    0.00    0.00    0.00   83.50
Average:     CPU    %usr   %nice    %sys %iowait    %irq   %soft  %steal  %guest   %idle
Average:     all   31.51    0.00    1.62    0.00    0.00    0.00    0.00    0.00   66.87
Average:       0   17.91    0.00    1.00    0.00    0.00    0.00    0.00    0.00   81.09
Average:       1   17.91    0.00    0.50    0.00    0.00    0.00    0.00    0.00   81.59
Average:       2   68.16    0.00    3.48    0.00    0.00    0.00    0.00    0.00   28.36
Average:       3   22.39    0.00    1.00    0.00    0.00    0.00    0.00    0.00   76.62
Average:     CPU    %usr   %nice    %sys %iowait    %irq   %soft  %steal  %guest   %idle
Average:     all   31.34    0.00    1.12    0.12    0.00    0.00    0.00    0.00   67.42
Average:       0   42.00    0.00    2.00    0.00    0.00    0.00    0.00    0.00   56.00
Average:       1   20.90    0.00    1.00    0.00    0.00    0.00    0.00    0.00   78.11
Average:       2   38.19    0.00    1.51    0.00    0.00    0.00    0.00    0.00   60.30
Average:       3   23.38    0.00    0.50    1.00    0.00    0.00    0.00    0.00   75.12
Average:     CPU    %usr   %nice    %sys %iowait    %irq   %soft  %steal  %guest   %idle
Average:     all   32.13    0.00    1.12    0.12    0.00    0.00    0.00    0.00   66.63
Average:       0   25.37    0.00    1.00    0.50    0.00    0.00    0.00    0.00   73.13
Average:       1   32.50    0.00    0.50    0.00    0.00    0.00    0.00    0.00   67.00
Average:       2   30.50    0.00    1.00    0.50    0.00    0.00    0.00    0.00   68.00
Average:       3   40.50    0.00    1.00    0.00    0.00    0.00    0.00    0.00   58.50
Average:     CPU    %usr   %nice    %sys %iowait    %irq   %soft  %steal  %guest   %idle
Average:     all   31.54    0.00    1.38    0.00    0.00    0.00    0.00    0.00   67.08
Average:       0   57.50    0.00    3.00    0.00    0.00    0.00    0.00    0.00   39.50
Average:       1   41.50    0.00    1.50    0.00    0.00    0.00    0.00    0.00   57.00
Average:       2   13.50    0.00    0.50    0.00    0.00    0.00    0.00    0.00   86.00
Average:       3   13.50    0.00    1.00    0.00    0.00    0.00    0.00    0.00   85.50
Average:     CPU    %usr   %nice    %sys %iowait    %irq   %soft  %steal  %guest   %idle
Average:     all   30.95    0.00    1.13    0.13    0.00    0.00    0.00    0.00   67.79
Average:       0   22.61    0.00    0.50    0.50    0.00    0.00    0.00    0.00   76.38
Average:       1   13.43    0.00    0.50    0.00    0.00    0.00    0.00    0.00   86.07
Average:       2   64.18    0.00    2.99    0.00    0.00    0.00    0.00    0.00   32.84
Average:       3   23.12    0.00    1.01    0.00    0.00    0.00    0.00    0.00   75.88
Average:     CPU    %usr   %nice    %sys %iowait    %irq   %soft  %steal  %guest   %idle
Average:     all   30.87    0.00    1.63    0.00    0.00    0.00    0.00    0.00   67.50
Average:       0   32.83    0.00    1.52    0.00    0.00    0.00    0.00    0.00   65.66
Average:       1   39.00    0.00    2.50    0.00    0.00    0.00    0.00    0.00   58.50
Average:       2   12.44    0.00    1.00    0.00    0.00    0.00    0.00    0.00   86.57
Average:       3   38.89    0.00    2.02    0.00    0.00    0.00    0.00    0.00   59.09
Average:     CPU    %usr   %nice    %sys %iowait    %irq   %soft  %steal  %guest   %idle
Average:     all   32.00    0.00    1.38    0.00    0.00    0.00    0.00    0.00   66.62
Average:       0   23.00    0.00    0.50    0.00    0.00    0.00    0.00    0.00   76.50
Average:       1   30.50    0.00    1.00    0.00    0.00    0.00    0.00    0.00   68.50
Average:       2   24.62    0.00    0.50    0.00    0.00    0.00    0.00    0.00   74.87
Average:       3   50.75    0.00    2.51    0.00    0.00    0.00    0.00    0.00   46.73
Average:     CPU    %usr   %nice    %sys %iowait    %irq   %soft  %steal  %guest   %idle
Average:     all   30.29    0.00    1.25    1.25    0.00    0.00    0.00    0.00   67.21
Average:       0    9.50    0.00    1.00    2.00    0.00    0.00    0.00    0.00   87.50
Average:       1   45.77    0.00    1.99    2.49    0.00    0.00    0.00    0.00   49.75
Average:       2   30.15    0.00    0.50    0.00    0.00    0.00    0.00    0.00   69.35
Average:       3   35.68    0.00    1.51    0.00    0.00    0.00    0.00    0.00   62.81
Average:     CPU    %usr   %nice    %sys %iowait    %irq   %soft  %steal  %guest   %idle
Average:     all   31.84    0.00    1.37    0.00    0.00    0.00    0.00    0.00   66.79
Average:       0   38.81    0.00    1.49    0.00    0.00    0.00    0.00    0.00   59.70
Average:       1   16.50    0.00    1.00    0.00    0.00    0.00    0.00    0.00   82.50
Average:       2   42.00    0.00    2.50    0.00    0.00    0.00    0.00    0.00   55.50
Average:       3   30.00    0.00    1.00    0.00    0.00    0.00    0.00    0.00   69.00
Average:     CPU    %usr   %nice    %sys %iowait    %irq   %soft  %steal  %guest   %idle
Average:     all   32.67    0.00    1.12    0.00    0.00    0.00    0.12    0.00   66.08
Average:       0   42.79    0.00    1.99    0.50    0.00    0.00    0.00    0.00   54.73
Average:       1   44.55    0.00    0.99    0.00    0.00    0.00    0.50    0.00   53.96
Average:       2   27.00    0.00    1.00    0.00    0.00    0.00    0.00    0.00   72.00
Average:       3   16.42    0.00    1.00    0.00    0.00    0.00    0.00    0.00   82.59
Average:     CPU    %usr   %nice    %sys %iowait    %irq   %soft  %steal  %guest   %idle
Average:     all   30.63    0.00    1.88    0.00    0.00    0.00    0.00    0.00   67.50
Average:       0   19.40    0.00    1.49    0.00    0.00    0.00    0.00    0.00   79.10
Average:       1   20.90    0.00    1.49    0.00    0.00    0.00    0.00    0.00   77.61
Average:       2   43.94    0.00    2.02    0.00    0.00    0.00    0.00    0.00   54.04
Average:       3   38.69    0.00    2.01    0.00    0.00    0.00    0.00    0.00   59.30
Average:     CPU    %usr   %nice    %sys %iowait    %irq   %soft  %steal  %guest   %idle
Average:     all   32.33    0.00    1.12    0.00    0.00    0.00    0.00    0.00   66.54
Average:       0   24.50    0.00    1.00    0.00    0.00    0.00    0.00    0.00   74.50
Average:       1   53.23    0.00    1.49    0.00    0.00    0.00    0.00    0.00   45.27
Average:       2   27.50    0.00    1.00    0.00    0.00    0.00    0.00    0.00   71.50
Average:       3   24.00    0.00    1.00    0.00    0.00    0.00    0.00    0.00   75.00
Average:     CPU    %usr   %nice    %sys %iowait    %irq   %soft  %steal  %guest   %idle
Average:     all   31.01    0.00    1.49    0.00    0.00    0.00    0.25    0.00   67.25
Average:       0   42.50    0.00    2.00    0.00    0.00    0.00    0.00    0.00   55.50
Average:       1   19.90    0.00    1.00    0.00    0.00    0.00    1.00    0.00   78.11
Average:       2   41.29    0.00    1.99    0.00    0.00    0.00    0.00    0.00   56.72
Average:       3   20.90    0.00    0.50    0.00    0.00    0.00    0.00    0.00   78.61
Average:     CPU    %usr   %nice    %sys %iowait    %irq   %soft  %steal  %guest   %idle
Average:     all   30.00    0.00    1.25    0.00    0.00    0.00    0.00    0.00   68.75
Average:       0   11.56    0.00    1.01    0.00    0.00    0.00    0.00    0.00   87.44
Average:       1   21.00    0.00    0.00    0.00    0.00    0.00    0.00    0.00   79.00
Average:       2   34.33    0.00    1.49    0.00    0.00    0.00    0.00    0.00   64.18
Average:       3   52.50    0.00    2.50    0.00    0.00    0.00    0.50    0.00   44.50
Average:     CPU    %usr   %nice    %sys %iowait    %irq   %soft  %steal  %guest   %idle
Average:     all   32.21    0.00    1.25    0.12    0.00    0.00    0.00    0.00   66.42
Average:       0   44.78    0.00    1.49    0.50    0.00    0.00    0.00    0.00   53.23
Average:       1   41.71    0.00    1.51    0.00    0.00    0.00    0.00    0.00   56.78
Average:       2   27.72    0.00    1.98    0.00    0.00    0.00    0.00    0.00   70.30
Average:       3   14.43    0.00    0.50    0.00    0.00    0.00    0.00    0.00   85.07
Average:     CPU    %usr   %nice    %sys %iowait    %irq   %soft  %steal  %guest   %idle
Average:     all   32.24    0.00    0.88    0.00    0.00    0.00    0.00    0.00   66.88
Average:       0   30.15    0.00    1.01    0.00    0.00    0.00    0.00    0.00   68.84
Average:       1   31.47    0.00    1.02    0.00    0.00    0.00    0.00    0.00   67.51
Average:       2   35.82    0.00    1.49    0.00    0.00    0.00    0.00    0.00   62.69
Average:       3   31.31    0.00    0.51    0.00    0.00    0.00    0.00    0.00   68.18
Average:     CPU    %usr   %nice    %sys %iowait    %irq   %soft  %steal  %guest   %idle
Average:     all   31.55    0.00    1.00    0.12    0.00    0.00    0.00    0.00   67.33
Average:       0   19.90    0.00    0.00    0.50    0.00    0.00    0.00    0.00   79.60
Average:       1   22.00    0.00    1.00    0.00    0.00    0.00    0.00    0.00   77.00
Average:       2   46.04    0.00    1.98    0.50    0.00    0.00    0.00    0.00   51.49
Average:       3   38.00    0.00    0.50    0.00    0.00    0.00    0.00    0.00   61.50
Average:     CPU    %usr   %nice    %sys %iowait    %irq   %soft  %steal  %guest   %idle
Average:     all   30.38    0.00    1.12    0.00    0.00    0.00    0.00    0.00   68.50
Average:       0   14.50    0.00    0.50    0.00    0.00    0.00    0.00    0.00   85.00
Average:       1   44.72    0.00    2.01    0.00    0.00    0.00    0.00    0.00   53.27
Average:       2   19.00    0.00    0.50    0.00    0.00    0.00    0.00    0.00   80.50
Average:       3   42.79    0.00    1.49    0.00    0.00    0.00    0.00    0.00   55.72
Average:     CPU    %usr   %nice    %sys %iowait    %irq   %soft  %steal  %guest   %idle
Average:     all   30.95    0.00    1.38    0.38    0.00    0.00    0.00    0.00   67.29
Average:       0   20.00    0.00    1.00    0.00    0.00    0.00    0.00    0.00   79.00
Average:       1   28.28    0.00    1.01    0.00    0.00    0.00    0.00    0.00   70.71
Average:       2   44.95    0.00    1.52    0.00    0.00    0.00    0.00    0.00   53.54
Average:       3   30.65    0.00    1.51    1.51    0.00    0.00    0.00    0.00   66.33
Average:     CPU    %usr   %nice    %sys %iowait    %irq   %soft  %steal  %guest   %idle
Average:     all   32.00    0.00    1.12    0.25    0.00    0.00    0.00    0.00   66.62
Average:       0   31.19    0.00    1.98    0.50    0.00    0.00    0.00    0.00   66.34
Average:       1   26.26    0.00    0.51    0.00    0.00    0.00    0.00    0.00   73.23
Average:       2   53.73    0.00    1.99    0.50    0.00    0.00    0.00    0.00   43.78
Average:       3   16.50    0.00    0.50    0.00    0.00    0.00    0.00    0.00   83.00
Average:     CPU    %usr   %nice    %sys %iowait    %irq   %soft  %steal  %guest   %idle
Average:     all   30.36    0.00    1.38    0.00    0.00    0.00    0.00    0.00   68.26
Average:       0   43.43    0.00    1.52    0.00    0.00    0.00    0.00    0.00   55.05
Average:       1   37.00    0.00    2.00    0.00    0.00    0.00    0.00    0.00   61.00
Average:       2   16.08    0.00    1.01    0.00    0.00    0.00    0.00    0.00   82.91
Average:       3   25.63    0.00    0.50    0.00    0.00    0.00    0.00    0.00   73.87
Average:     CPU    %usr   %nice    %sys %iowait    %irq   %soft  %steal  %guest   %idle
Average:     all   27.09    0.00    1.62    0.12    0.00    0.00    0.00    0.00   71.16
Average:       0   25.00    0.00    1.50    0.00    0.00    0.00    0.00    0.00   73.50
Average:       1   29.85    0.00    2.99    0.50    0.00    0.00    0.00    0.00   66.67
Average:       2   49.00    0.00    2.00    0.00    0.00    0.00    0.00    0.00   49.00
Average:       3    4.50    0.00    0.50    0.00    0.00    0.00    0.00    0.00   95.00
Average:     CPU    %usr   %nice    %sys %iowait    %irq   %soft  %steal  %guest   %idle
Average:     all   31.41    0.00    1.25    0.00    0.00    0.00    0.00    0.00   67.33
Average:       0    9.55    0.00    0.50    0.00    0.00    0.00    0.00    0.00   89.95
Average:       1   49.75    0.00    3.02    0.00    0.00    0.00    0.00    0.00   47.24
Average:       2   15.58    0.00    0.50    0.00    0.00    0.00    0.00    0.00   83.92
Average:       3   50.00    0.00    1.00    0.00    0.00    0.00    0.00    0.00   49.00
Average:     CPU    %usr   %nice    %sys %iowait    %irq   %soft  %steal  %guest   %idle
Average:     all   29.80    0.00    1.50    0.00    0.00    0.00    0.00    0.00   68.70
Average:       0   26.00    0.00    2.00    0.00    0.00    0.00    0.00    0.00   72.00
Average:       1   59.50    0.00    2.50    0.00    0.00    0.00    0.00    0.00   38.00
Average:       2   20.30    0.00    0.99    0.00    0.00    0.00    0.00    0.00   78.71
Average:       3   14.00    0.00    0.50    0.00    0.00    0.00    0.00    0.00   85.50
Average:     CPU    %usr   %nice    %sys %iowait    %irq   %soft  %steal  %guest   %idle
Average:     all   30.11    0.00    1.51    0.13    0.00    0.00    0.00    0.00   68.26
Average:       0   15.15    0.00    0.00    0.51    0.00    0.00    0.00    0.00   84.34
Average:       1   21.61    0.00    1.01    0.00    0.00    0.00    0.00    0.00   77.39
Average:       2   51.26    0.00    3.02    0.00    0.00    0.00    0.00    0.00   45.73
Average:       3   33.17    0.00    1.01    0.00    0.00    0.00    0.00    0.00   65.83
Average:     CPU    %usr   %nice    %sys %iowait    %irq   %soft  %steal  %guest   %idle
Average:     all   30.12    0.00    1.38    0.00    0.00    0.00    0.00    0.00   68.50
Average:       0   40.70    0.00    2.01    0.00    0.00    0.00    0.00    0.00   57.29
Average:       1   15.08    0.00    0.50    0.00    0.00    0.00    0.00    0.00   84.42
Average:       2   50.75    0.00    2.49    0.00    0.00    0.00    0.00    0.00   46.77
Average:       3   14.07    0.00    0.50    0.00    0.00    0.00    0.00    0.00   85.43
Average:     CPU    %usr   %nice    %sys %iowait    %irq   %soft  %steal  %guest   %idle
Average:     all   30.39    0.00    1.87    0.12    0.00    0.00    0.00    0.00   67.62
Average:       0   28.64    0.00    1.01    0.00    0.00    0.00    0.00    0.00   70.35
Average:       1   26.37    0.00    1.49    0.00    0.00    0.00    0.00    0.00   72.14
Average:       2   38.50    0.00    2.00    0.50    0.00    0.00    0.00    0.00   59.00
Average:       3   28.00    0.00    2.00    0.00    0.00    0.00    0.00    0.00   70.00
Average:     CPU    %usr   %nice    %sys %iowait    %irq   %soft  %steal  %guest   %idle
Average:     all   29.96    0.00    1.62    0.00    0.00    0.00    0.00    0.00   68.41
Average:       0   26.63    0.00    1.51    0.00    0.00    0.00    0.00    0.00   71.86
Average:       1   24.88    0.00    1.99    0.00    0.00    0.00    0.00    0.00   73.13
Average:       2   39.00    0.00    1.50    0.00    0.00    0.00    0.00    0.00   59.50
Average:       3   29.85    0.00    1.49    0.00    0.00    0.00    0.00    0.00   68.66
Average:     CPU    %usr   %nice    %sys %iowait    %irq   %soft  %steal  %guest   %idle
Average:     all   31.16    0.00    1.00    0.13    0.00    0.00    0.00    0.00   67.71
Average:       0   40.20    0.00    1.51    0.00    0.00    0.00    0.00    0.00   58.29
Average:       1   32.16    0.00    1.01    0.00    0.00    0.00    0.00    0.00   66.83
Average:       2   25.00    0.00    1.00    0.00    0.00    0.00    0.00    0.00   74.00
Average:       3   26.63    0.00    0.50    0.00    0.00    0.00    0.00    0.00   72.86
Average:     CPU    %usr   %nice    %sys %iowait    %irq   %soft  %steal  %guest   %idle
Average:     all   30.38    0.00    1.12    0.00    0.00    0.00    0.00    0.00   68.50
Average:       0   61.81    0.00    3.02    0.00    0.00    0.00    0.00    0.00   35.18
Average:       1   10.05    0.00    0.00    0.00    0.00    0.00    0.00    0.00   89.95
Average:       2   34.50    0.00    1.00    0.00    0.00    0.00    0.00    0.00   64.50
Average:       3   15.50    0.00    0.00    0.00    0.00    0.00    0.00    0.00   84.50
Average:     CPU    %usr   %nice    %sys %iowait    %irq   %soft  %steal  %guest   %idle
Average:     all   30.46    0.00    1.50    0.00    0.00    0.00    0.00    0.00   68.04
Average:       0   14.57    0.00    0.50    0.00    0.00    0.00    0.00    0.00   84.92
Average:       1   31.00    0.00    0.50    0.00    0.00    0.00    0.00    0.00   68.50
Average:       2   32.66    0.00    2.01    0.00    0.00    0.00    0.00    0.00   65.33
Average:       3   43.78    0.00    2.49    0.00    0.00    0.00    0.00    0.00   53.73
Average:     CPU    %usr   %nice    %sys %iowait    %irq   %soft  %steal  %guest   %idle
Average:     all   30.55    0.00    1.50    0.12    0.00    0.00    0.12    0.00   67.71
Average:       0   15.00    0.00    0.50    0.00    0.00    0.00    0.00    0.00   84.50
Average:       1   58.50    0.00    2.50    0.00    0.00    0.00    0.00    0.00   39.00
Average:       2   26.87    0.00    1.99    0.00    0.00    0.00    0.00    0.00   71.14
Average:       3   21.89    0.00    1.49    0.50    0.00    0.00    0.00    0.00   76.12
Average:     CPU    %usr   %nice    %sys %iowait    %irq   %soft  %steal  %guest   %idle
Average:     all   30.50    0.00    1.38    0.00    0.00    0.00    0.12    0.00   68.00
Average:       0   31.82    0.00    1.52    0.00    0.00    0.00    0.00    0.00   66.67
Average:       1   38.19    0.00    1.51    0.00    0.00    0.00    0.00    0.00   60.30
Average:       2   36.50    0.00    1.50    0.00    0.00    0.00    0.00    0.00   62.00
Average:       3   15.50    0.00    1.00    0.00    0.00    0.00    0.00    0.00   83.50
Average:     CPU    %usr   %nice    %sys %iowait    %irq   %soft  %steal  %guest   %idle
Average:     all   29.66    0.00    1.63    0.13    0.00    0.00    0.00    0.00   68.59
Average:       0    9.45    0.00    0.00    0.50    0.00    0.00    0.00    0.00   90.05
Average:       1   15.08    0.00    1.01    0.00    0.00    0.00    0.00    0.00   83.92
Average:       2   39.50    0.00    2.00    0.00    0.00    0.00    0.00    0.00   58.50
Average:       3   54.77    0.00    3.52    0.00    0.00    0.00    0.00    0.00   41.71
