Average:       1    0.00    0.00    1.01    3.02    0.00    0.00    0.00    0.00   95.98
Average:       1    0.00    0.00    0.76   53.03    0.00    0.00    0.00    0.00   46.21
Average:       1    0.00    0.00    0.81    0.00    0.00    0.00    0.00    0.00   99.19
Average:       1    0.00    0.00    0.82   11.96    0.00    0.00    0.00    0.00   87.23
Average:       1    0.31    0.00    0.62    0.00    0.00    0.00    0.00    0.00   99.07
Average:       1    0.28    0.00    0.55    1.66    0.00    0.00    0.00    0.00   97.51
Average:       1    0.26    0.00    0.78   11.63    0.00    0.00    0.00    0.00   87.34
Average:       1    0.00    0.00    0.62    0.00    0.00    0.00    0.00    0.00   99.38
Average:       1    0.28    0.00    1.71   15.38    0.00    0.00    0.00    0.00   82.62
Average:       1    0.26    0.00    0.77    0.00    0.00    0.00    0.00    0.00   98.97
Average:       1    0.00    0.00    0.61    3.36    0.00    0.00    0.00    0.00   96.02
Average:       1    0.26    0.00    1.04   10.70    0.00    0.00    0.00    0.00   87.99
Average:       1    0.25    0.00    0.50    0.00    0.00    0.00    0.00    0.00   99.25
Average:       1    0.00    0.00    0.51   15.23    0.00    0.00    0.00    0.00   84.26
Average:       1    0.00    0.00    0.77    0.00    0.00    0.00    0.00    0.00   99.23
Average:       1    0.26    0.00    0.26    0.00    0.00    0.00    0.00    0.00   99.49
Average:       1    0.00    0.00    1.01   14.43    0.00    0.00    0.00    0.00   84.56
Average:       1    0.28    0.00    0.28    0.00    0.00    0.00    0.00    0.00   99.44
Average:       1    0.00    0.00    0.56   19.77    0.00    0.00    0.00    0.00   79.66
Average:       1    0.28    0.00    0.85    0.00    0.00    0.00    0.00    0.00   98.87
Average:       1    0.26    0.00    0.52    0.00    0.00    0.00    0.00    0.00   99.22
Average:       1    0.27    0.00    0.80   18.88    0.00    0.00    0.00    0.00   80.05
Average:       1    0.00    0.00    0.58    4.62    0.00    0.00    0.00    0.00   94.80
Average:       1    0.29    0.00    1.45   25.00    0.00    0.00    0.00    0.00   73.26
Average:       1   11.24    0.00    1.12    0.00    0.00    0.00    0.00    0.00   87.64
Average:       1    0.29    0.00    0.29    0.00    0.00    0.00    0.00    0.00   99.42
Average:       1    0.28    0.00    0.83   14.72    0.00    0.00    0.00    0.00   84.17
Average:       1    0.00    0.00    0.51    0.00    0.00    0.00    0.00    0.00   99.49
Average:       1    0.00    0.00    1.17   16.08    0.00    0.00    0.00    0.00   82.75
Average:       1    0.00    0.00    0.89    0.00    0.00    0.00    0.00    0.00   99.11
Average:       1    0.00    0.00    0.88    0.00    0.00    0.00    0.00    0.00   99.12
Average:       1    0.28    0.00    0.83   16.85    0.00    0.00    0.00    0.00   82.04
Average:       1    0.25    0.00    0.50    0.00    0.00    0.00    0.00    0.00   99.25
Average:       1    0.30    0.00    0.90    5.11    0.00    0.00    0.00    0.00   93.69
Average:       1    0.30    0.00    0.60    0.00    0.00    0.00    0.00    0.00   99.10
Average:       1    0.00    0.00    0.91    0.00    0.00    0.00    0.00    0.00   99.09
Average:       1    0.00    0.00    0.80   21.07    0.00    0.00    0.00    0.00   78.13
Average:       1    0.30    0.00    0.61    0.00    0.00    0.00    0.00    0.00   99.09
Average:       1    0.29    0.00    1.75    7.89    0.00    0.00    0.00    0.00   90.06
Average:       1    0.00    0.00    0.92    0.00    0.00    0.00    0.00    0.00   99.08
Average:       1    0.00    0.00    0.92    0.00    0.00    0.00    0.31    0.00   98.77
Average:       1    0.29    0.00    0.87   19.71    0.00    0.00    0.00    0.00   79.13
Average:       1    0.00    0.00    0.54    0.00    0.00    0.00    0.00    0.00   99.46
Average:       1    0.00    0.00    0.91   22.36    0.00    0.00    0.00    0.00   76.74
Average:       1    0.00    0.00    1.22    0.00    0.00    0.00    0.00    0.00   98.78
Average:       1    0.00    0.00    0.62    0.00    0.00    0.00    0.00    0.00   99.38
Average:       1    0.00    0.00    1.14   14.57    0.00    0.00    0.00    0.00   84.29
Average:       1    0.30    0.00    0.90    0.00    0.00    0.00    0.00    0.00   98.80
Average:       1    0.00    0.00    0.60   22.36    0.00    0.00    0.00    0.00   77.04
Average:       1    0.00    0.00    0.92    0.00    0.00    0.00    0.00    0.00   99.08
Average:       1    0.30    0.00    1.52    0.00    0.00    0.00    0.00    0.00   98.17
Average:       1    0.00    0.00    0.57   20.34    0.00    0.00    0.00    0.00   79.08
Average:       1    0.31    0.00    0.62    0.00    0.00    0.00    0.00    0.00   99.07
Average:       1    0.00    0.00    1.26   15.66    0.00    0.00    0.00    0.00   83.08
Average:       1    0.00    0.00    1.16    0.00    0.00    0.00    0.00    0.00   98.84
Average:       1    0.30    0.00    0.60    0.00    0.00    0.00    0.00    0.00   99.10
Average:       1    0.31    0.00    0.62   24.92    0.00    0.00    0.00    0.00   74.15
Average:       1    0.28    0.00    0.55    0.00    0.00    0.00    0.00    0.00   99.17
Average:       1    0.00    0.00    0.87   10.76    0.00    0.00    0.00    0.00   88.37
Average:       1    0.31    0.00    1.23    0.00    0.00    0.00    0.00    0.00   98.46
Average:       1    0.28    0.00    0.55    0.00    0.00    0.00    0.00    0.00   99.17
Average:       1    0.31    0.00    0.92   19.08    0.00    0.00    0.00    0.00   79.69
Average:       1    0.28    0.00    0.56    0.00    0.00    0.00    0.00    0.00   99.16
Average:       1    0.28    0.00    0.84   13.41    0.00    0.00    0.00    0.00   85.47
Average:       1    0.25    0.00    0.50    0.00    0.00    0.00    0.00    0.00   99.25
Average:       1    0.00    0.00    1.55    0.00    0.00    0.00    0.00    0.00   98.45
Average:       1    0.28    0.00    0.28   21.94    0.00    0.00    0.00    0.00   77.49
Average:       1    0.31    0.00    0.61    0.00    0.00    0.00    0.00    0.00   99.08
Average:       1    0.00    0.00    1.01    8.86    0.00    0.00    0.00    0.00   90.13
Average:       1    0.00    0.00    0.76    6.35    0.00    0.00    0.00    0.00   92.89
Average:       1    0.51    0.00    0.51    0.00    0.00    0.00    0.00    0.00   98.99
Average:       1    0.00    0.00    0.25   17.22    0.00    0.00    0.00    0.00   82.53
Average:       1    0.25    0.00    0.76    0.00    0.00    0.00    0.00    0.00   98.98
Average:       1    0.25    0.00    1.01    3.02    0.00    0.00    0.00    0.00   95.73
Average:       1    0.26    0.00    0.51    7.67    0.00    0.00    0.00    0.00   91.56
Average:       1    0.00    0.00    0.77    0.00    0.00    0.00    0.00    0.00   99.23
Average:       1    0.26    0.00    0.77   20.97    0.00    0.00    0.00    0.00   78.01
Average:       1    0.00    0.00    0.77    0.00    0.00    0.00    0.00    0.00   99.23
Average:       1    0.00    0.00    0.51    0.00    0.00    0.00    0.00    0.00   99.49
Average:       1   58.63    0.00    2.41    4.02    0.00    0.00    0.00    0.00   34.94
Average:       1    0.26    0.00    1.55    0.00    0.00    0.00    0.00    0.00   98.20
Average:       1    0.51    0.00    0.51   15.94    0.00    0.00    0.00    0.00   83.03
Average:       1    0.25    0.00    0.76    0.00    0.00    0.00    0.00    0.00   98.98
Average:       1    0.26    0.00    0.51    2.31    0.00    0.00    0.00    0.00   96.92
Average:       1    0.00    0.00    1.28    9.44    0.00    0.00    0.00    0.00   89.29
Average:       1    0.00    0.00    0.25    0.00    0.00    0.00    0.00    0.00   99.75
Average:       1    0.00    0.00    0.78   14.81    0.00    0.00    0.00    0.00   84.42
Average:       1    0.00    0.00    0.78    0.00    0.00    0.00    0.00    0.00   99.22
Average:       1    0.30    0.00    0.30    0.00    0.00    0.00    0.00    0.00   99.40
Average:       1    0.26    0.00    0.52   12.53    0.00    0.00    0.00    0.00   86.68
Average:       1    0.00    0.00    1.01    0.00    0.00    0.00    0.00    0.00   98.99
Average:       1    1.28    0.00    0.51   18.46    0.00    0.00    0.00    0.00   79.74
Average:       1    0.00    0.00    0.61    0.00    0.00    0.00    0.00    0.00   99.39
Average:       1    0.31    0.00    0.92    0.00    0.00    0.00    0.00    0.00   98.78
Average:       1    0.00    0.00    0.52    9.66    0.00    0.00    0.00    0.00   89.82
Average:       1    0.26    0.00    1.31    0.52    0.00    0.00    0.00    0.00   97.91
Average:       1    0.00    0.00    0.91   13.03    0.00    0.00    0.00    0.00   86.06
Average:       1    0.00    0.00    0.57    0.00    0.00    0.00    0.00    0.00   99.43
Average:       1    0.00    0.00    0.61    0.00    0.00    0.00    0.00    0.00   99.39
Average:       1    0.00    0.00    0.56   10.14    0.00    0.00    0.00    0.00   89.30
Average:       1    0.27    0.00    0.54    0.00    0.00    0.00    0.00    0.00   99.20
Average:       1    0.25    0.00    0.75   10.55    0.00    0.00    0.00    0.00   88.44
Average:       1    8.85    0.00    0.66    0.00    0.00    0.00    0.00    0.00   90.49
Average:       1    0.00    0.00    0.27    0.00    0.00    0.00    0.00    0.00   99.73
Average:       1    0.27    0.00    0.53   11.50    0.00    0.00    0.00    0.00   87.70
Average:       1    0.27    0.00    0.54    0.00    0.00    0.00    0.00    0.00   99.20
Average:       1    0.00    0.00    0.81   16.67    0.00    0.00    0.00    0.00   82.53
Average:       1    0.00    0.00    1.07    0.00    0.00    0.00    0.00    0.00   98.93
Average:       1    0.26    0.00    0.78    0.00    0.00    0.00    0.00    0.00   98.96
Average:       1    0.00    0.00    0.50   16.12    0.00    0.00    0.00    0.00   83.38
Average:       1    0.00    0.00    1.78    0.51    0.00    0.00    0.00    0.00   97.72
Average:       1    0.00    0.00    0.76   18.99    0.00    0.00    0.00    0.00   80.25
Average:       1    0.25    0.00    0.50    0.00    0.00    0.00    0.00    0.00   99.25
Average:       1    0.00    0.00    1.01    0.00    0.00    0.00    0.00    0.00   98.99
Average:       1    0.00    0.00    0.76   12.34    0.00    0.00    0.25    0.00   86.65
Average:       1    0.25    0.00    0.50    0.00    0.00    0.00    0.00    0.00   99.24
Average:       1    0.25    0.00    0.51   14.39    0.00    0.00    0.00    0.00   84.85
Average:       1    0.25    0.00    0.51    0.00    0.00    0.00    0.00    0.00   99.24
Average:       1    0.25    0.00    0.75    0.00    0.00    0.00    0.00    0.00   98.99
Average:       1    0.00    0.00    1.01   15.15    0.00    0.00    0.00    0.00   83.84
Average:       1    0.25    0.00    0.51    0.00    0.00    0.00    0.00    0.00   99.24
Average:       1    0.25    0.00    0.51   21.72    0.00    0.00    0.00    0.00   77.53
Average:       1    0.00    0.00    0.51    0.00    0.00    0.00    0.00    0.00   99.49
Average:       1    0.25    0.00    0.76    0.00    0.00    0.00    0.00    0.00   98.98
Average:       1    0.26    0.00    0.26   11.73    0.00    0.00    0.00    0.00   87.76
Average:       1    0.26    0.00    1.28    4.60    0.00    0.00    0.00    0.00   93.86
Average:       1    0.25    0.00    0.76   16.03    0.00    0.00    0.00    0.00   82.95
Average:       1    0.00    0.00    0.51    0.00    0.00    0.00    0.00    0.00   99.49
Average:       1    0.00    0.00    0.51    0.00    0.00    0.00    0.00    0.00   99.49
Average:       1    0.26    0.00    0.51    9.25    0.00    0.00    0.00    0.00   89.97
Average:       1    0.00    0.00    0.52    0.00    0.00    0.00    0.00    0.00   99.48
Average:       1    0.00    0.00    0.52   14.77    0.00    0.00    0.00    0.00   84.72
Average:       1    0.26    0.00    0.77    0.00    0.00    0.00    0.00    0.00   98.97
Average:       1    0.00    0.00    0.52    0.00    0.00    0.00    0.00    0.00   99.48
Average:       1    0.26    0.00    0.78    9.38    0.00    0.00    0.00    0.00   89.58
Average:       1    0.00    0.00    0.78    0.00    0.00    0.00    0.00    0.00   99.22
Average:       1    0.25    0.00    0.25   23.93    0.00    0.00    0.00    0.00   75.57
Average:       1    0.00    0.00    0.79    0.00    0.00    0.00    0.00    0.00   99.21
Average:       1    0.00    0.00    0.79    0.00    0.00    0.00    0.00    0.00   99.21
Average:       1    0.26    0.00    0.79   12.07    0.00    0.00    0.00    0.00   86.88
Average:       1    0.00    0.00    0.79    0.00    0.00    0.00    0.00    0.00   99.21
Average:       1    0.53    0.00    1.06    7.92    0.00    0.00    0.00    0.00   90.50
Average:       1    0.00    0.00    0.50    2.02    0.00    0.00    0.00    0.00   97.48
Average:       1    0.00    0.00    0.53    0.00    0.00    0.00    0.00    0.00   99.47
Average:       1    0.27    0.00    0.00   18.13    0.00    0.00    0.00    0.00   81.60
Average:       1    0.26    0.00    0.77    0.00    0.00    0.00    0.00    0.00   98.98
Average:       1    0.27    0.00    0.53    9.87    0.00    0.00    0.00    0.00   89.33
Average:       1    0.25    0.00    0.76    3.55    0.00    0.00    0.00    0.00   95.43
Average:       1    0.26    0.00    0.52    0.00    0.00    0.00    0.00    0.00   99.21
Average:       1    0.00    0.00    0.54   23.39    0.00    0.00    0.00    0.00   76.08
Average:       1    0.00    0.00    0.81    0.00    0.00    0.00    0.00    0.00   99.19
Average:       1    0.00    0.00    1.33   11.20    0.00    0.00    0.00    0.00   87.47
Average:       1    0.00    0.00    0.52    3.41    0.00    0.00    0.00    0.00   96.06
Average:       1    0.25    0.00    0.50    0.00    0.00    0.00    0.00    0.00   99.24
Average:       1    0.27    0.00    0.82   13.62    0.00    0.00    0.00    0.00   85.29
Average:       1    0.00    0.00    0.82    0.00    0.00    0.00    0.00    0.00   99.18
Average:       1    0.29    0.00    0.00    0.00    0.00    0.00    0.00    0.00   99.71
Average:       1    0.00    0.00    1.03   11.37    0.00    0.00    0.00    0.00   87.60
Average:       1    0.00    0.00    0.57    0.00    0.00    0.00    0.00    0.00   99.43
Average:       1    0.30    0.00    0.60   14.20    0.00    0.00    0.30    0.00   84.59
Average:       1    0.29    0.00    0.57   12.29    0.00    0.00    0.00    0.00   86.86
Average:       1    0.00    0.00    0.93    6.17    0.00    0.00    0.00    0.00   92.90
Average:       1    0.25    0.00    0.75   13.32    0.00    0.00    0.00    0.00   85.68
Average:       1    0.54    0.00    0.54    0.00    0.00    0.00    0.00    0.00   98.92
Average:       1    0.00    0.00    1.09   20.38    0.00    0.00    0.00    0.00   78.53
Average:       1    0.00    0.00    1.01    0.00    0.00    0.00    0.00    0.00   98.99
Average:       1    0.25    0.00    1.00    9.02    0.00    0.00    0.00    0.00   89.72
Average:       1    1.02    0.00    0.76    9.16    0.00    0.00    0.00    0.00   89.06
Average:       1    0.00    0.00    0.55    0.00    0.00    0.00    0.00    0.00   99.45
Average:       1   27.83    0.00    1.29   17.48    0.00    0.00    0.00    0.00   53.40
Average:       1    0.00    0.00    0.86    0.00    0.00    0.00    0.00    0.00   99.14
Average:       1    0.00    0.00    0.56    0.00    0.00    0.00    0.00    0.00   99.44
Average:       1    0.00    0.00    0.51   11.87    0.00    0.00    0.00    0.00   87.63
Average:       1    0.00    0.00    0.76    0.00    0.00    0.00    0.00    0.00   99.24
Average:       1    0.00    0.00    1.13   20.90    0.00    0.00    0.00    0.00   77.97
Average:       1    0.00    0.00    0.57    0.00    0.00    0.00    0.00    0.00   99.43
Average:       1    0.29    0.00    0.87    0.00    0.00    0.00    0.00    0.00   98.84
Average:       1    0.26    0.00    0.77   12.56    0.00    0.00    0.00    0.00   86.41
Average:       1    0.00    0.00    0.29    0.00    0.00    0.00    0.00    0.00   99.71
Average:       1    0.00    0.00    0.88   18.18    0.00    0.00    0.00    0.00   80.94
Average:       1    0.30    0.00    1.19    0.00    0.00    0.00    0.00    0.00   98.52
Average:       1    1.01    0.00    1.01    0.00    0.00    0.00    0.25    0.00   97.72
Average:       1    0.00    0.00    0.79    4.72    0.00    0.00    0.00    0.00   94.49
Average:       1    0.60    0.00    0.30    0.00    0.00    0.00    0.00    0.00   99.10
Average:       1    0.00    0.00    0.90   19.16    0.00    0.00    0.00    0.00   79.94
Average:       1    0.25    0.00    1.01    0.00    0.00    0.00    0.00    0.00   98.74
Average:       1    0.30    0.00    0.60    0.00    0.00    0.00    0.00    0.00   99.09
Average:       1    0.00    0.00    0.55   12.64    0.00    0.00    0.00    0.00   86.81
Average:       1    0.00    0.00    0.60    2.70    0.00    0.00    0.00    0.00   96.70
Average:       1    0.00    0.00    0.55    8.79    0.00    0.00    0.00    0.00   90.66
Average:       1    0.27    0.00    0.82    0.00    0.00    0.00    0.00    0.00   98.90
Average:       1    0.00    0.00    0.27    0.00    0.00    0.00    0.00    0.00   99.73
Average:       1    0.26    0.00    1.04   14.81    0.00    0.00    0.00    0.00   83.90
Average:       1    0.00    0.00    0.55    0.00    0.00    0.00    0.00    0.00   99.45
Average:       1    0.00    0.00    0.83    6.63    0.00    0.00    0.00    0.00   92.54
Average:       1    0.30    0.00    0.30    0.00    0.00    0.00    0.00    0.00   99.39
Average:       1    0.00    0.00    0.60    0.00    0.00    0.00    0.00    0.00   99.40
Average:       1    1.21    0.00    1.51   25.38    0.00    0.00    0.00    0.00   71.90
Average:       1    0.26    0.00    0.51    0.00    0.00    0.00    0.00    0.00   99.23
Average:       1    0.00    0.00    0.90   21.39    0.00    0.00    0.00    0.00   77.71
Average:       1    0.30    0.00    0.59    0.00    0.00    0.00    0.00    0.00   99.11
Average:       1    0.28    0.00    0.28    0.00    0.00    0.00    0.00    0.00   99.44
Average:       1    0.00    0.00    0.55   21.88    0.00    0.00    0.00    0.00   77.56
Average:       1    0.25    0.00    0.25    0.00    0.00    0.00    0.00    0.00   99.50
Average:       1    0.30    0.00    0.89   13.91    0.00    0.00    0.00    0.00   84.91
Average:       1    0.30    0.00    0.30    0.00    0.00    0.00    0.00    0.00   99.40
Average:       1    0.00    0.00    0.60    0.00    0.00    0.00    0.00    0.00   99.40
Average:       1    0.30    0.00    0.60   27.71    0.00    0.00    0.00    0.00   71.39
Average:       1    0.30    0.00    0.60    0.00    0.00    0.00    0.00    0.00   99.10
Average:       1    0.30    0.00    0.60   19.52    0.00    0.00    0.00    0.00   79.58
Average:       1    0.00    0.00    0.30    0.00    0.00    0.00    0.00    0.00   99.70
Average:       1    0.00    0.00    0.86    0.00    0.00    0.00    0.00    0.00   99.14
Average:       1    0.00    0.00    0.51    0.51    0.00    0.00    0.00    0.00   98.98
Average:       1    0.00    0.00    0.51    0.00    0.00    0.00    0.00    0.00   99.49
Average:       1    0.30    0.00    0.89   15.77    0.00    0.00    0.00    0.00   83.04
Average:       1    0.26    0.00    0.53    0.00    0.00    0.00    0.00    0.00   99.21
Average:       1    0.00    0.00    0.88    0.00    0.00    0.00    0.00    0.00   99.12
Average:       1    0.29    0.00    0.59   17.70    0.00    0.00    0.00    0.00   81.42
Average:       1    0.00    0.00    0.00    0.00    0.00    0.00    0.00    0.00  100.00
Average:       1    0.00    0.00    0.90   20.30    0.00    0.00    0.00    0.00   78.81
Average:       1    0.00    0.00    0.58    0.00    0.00    0.00    0.00    0.00   99.42
Average:       1    0.29    0.00    0.58    0.00    0.00    0.00    0.00    0.00   99.13
Average:       1    0.00    0.00    0.58   19.30    0.00    0.00    0.00    0.00   80.12
Average:       1    0.30    0.00    0.30    0.00    0.00    0.00    0.00    0.00   99.40
Average:       1    0.00    0.00    0.89    8.88    0.00    0.00    0.00    0.00   90.24
Average:       1    0.00    0.00    0.88    0.00    0.00    0.00    0.00    0.00   99.12
Average:       1    0.29    0.00    0.59    0.00    0.00    0.00    0.00    0.00   99.12
Average:       1    0.00    0.00    2.06   18.53    0.00    0.00    0.00    0.00   79.41
Average:       1    0.29    0.00    0.58    0.00    0.00    0.00    0.00    0.00   99.13
Average:       1    0.00    0.00    0.76    7.05    0.00    0.00    0.00    0.00   92.19
Average:       1    0.00    0.00    0.51    8.35    0.00    0.00    0.00    0.00   91.14
Average:       1    0.00    0.00    1.18    0.00    0.00    0.00    0.00    0.00   98.82
Average:       1    0.00    0.00    0.88   14.41    0.00    0.00    0.00    0.00   84.71
Average:       1    0.00    0.00    0.88    0.00    0.00    0.00    0.00    0.00   99.12
Average:       1    0.00    0.00    0.79    7.11    0.00    0.00    0.26    0.00   91.84
Average:       1    0.26    0.00    1.05    5.76    0.00    0.00    0.00    0.00   92.93
Average:       1    0.00    0.00    0.51    0.00    0.00    0.00    0.00    0.00   99.49
Average:       1    0.29    0.00    0.59   19.12    0.00    0.00    0.00    0.00   80.00
Average:       1    0.00    0.00    0.59    0.00    0.00    0.00    0.00    0.00   99.41
Average:       1    0.29    0.00    0.29    7.94    0.00    0.00    0.00    0.00   91.47
Average:       1    0.25    0.00    0.50   11.34    0.00    0.00    0.00    0.00   87.91
Average:       1    0.00    0.00    0.76    0.00    0.00    0.00    0.00    0.00   99.24
Average:       1    0.00    0.00    1.18   20.94    0.00    0.00    0.00    0.00   77.88
Average:       1    1.18    0.00    1.18    0.59    0.00    0.00    0.00    0.00   97.06
Average:       1    0.00    0.00    0.50    6.03    0.00    0.00    0.00    0.00   93.47
Average:       1    0.00    0.00    0.77    9.46    0.00    0.00    0.00    0.00   89.77
Average:       1    0.00    0.00    0.26    0.00    0.00    0.00    0.00    0.00   99.74
Average:       1    0.27    0.00    0.81   14.32    0.00    0.00    0.00    0.00   84.59
Average:       1    0.29    0.00    0.58    0.00    0.00    0.00    0.00    0.00   99.12
Average:       1    0.00    0.00    0.88    7.62    0.00    0.00    0.00    0.00   91.50
Average:       1    0.00    0.00    0.77   10.54    0.00    0.00    0.00    0.00   88.69
Average:       1    0.27    0.00    0.81    0.00    0.00    0.00    0.00    0.00   98.92
Average:       1    0.00    0.00    0.59   21.47    0.00    0.00    0.00    0.00   77.94
Average:       1    0.29    0.00    0.59    0.00    0.00    0.00    0.00    0.00   99.12
Average:       1    0.00    0.00    0.58    0.00    0.00    0.00    0.00    0.00   99.42
Average:       1    0.26    0.00    0.51   16.71    0.00    0.00    0.00    0.00   82.52
Average:       1    0.00    0.00    0.86    0.00    0.00    0.00    0.00    0.00   99.14
Average:       1    0.00    0.00    0.87   28.28    0.00    0.00    0.00    0.00   70.85
Average:       1    0.00    0.00    0.55    0.00    0.00    0.00    0.00    0.00   99.45
Average:       1    0.29    0.00    0.58    0.00    0.00    0.00    0.00    0.00   99.13
Average:       1    0.00    0.00    0.52   10.99    0.00    0.00    0.00    0.00   88.48
Average:       1    0.00    0.00    0.57    0.00    0.00    0.00    0.00    0.00   99.43
Average:       1    0.29    0.00    1.73    8.07    0.00    0.00    0.00    0.00   89.91
Average:       1    0.00    0.00    0.58    0.00    0.00    0.00    0.00    0.00   99.42
Average:       1    0.25    0.00    0.50    0.00    0.00    0.00    0.00    0.00   99.25
Average:       1    0.00    0.00    0.76   22.34    0.00    0.00    0.00    0.00   76.90
Average:       1    0.58    0.00    0.58    0.00    0.00    0.00    0.00    0.00   98.84
Average:       1    0.00    0.00    0.85   18.23    0.00    0.00    0.00    0.00   80.91
Average:       1    0.29    0.00    0.58    0.00    0.00    0.00    0.00    0.00   99.13
Average:       1    0.00    0.00    1.17    2.33    0.00    0.00    0.00    0.00   96.50
Average:       1    0.27    0.00    0.53   15.43    0.00    0.00    0.00    0.00   83.78
Average:       1    0.29    0.00    0.58    0.00    0.00    0.00    0.00    0.00   99.13
Average:       1    0.00    0.00    0.51   18.73    0.00    0.00    0.00    0.00   80.76
Average:       1    0.51    0.00    0.51    0.00    0.00    0.00    0.00    0.00   98.99
Average:       1    0.00    0.00    0.25    0.00    0.00    0.00    0.00    0.00   99.75
Average:       1    0.00    0.00    1.01   14.65    0.00    0.00    0.00    0.00   84.34
Average:       1    0.00    0.00    0.76    0.00    0.00    0.00    0.00    0.00   99.24
Average:       1    0.26    0.00    1.55   16.84    0.00    0.00    0.00    0.00   81.35
Average:       1    0.00    0.00    0.52    0.00    0.00    0.00    0.00    0.00   99.48
Average:       1    0.00    0.00    0.52    0.00    0.00    0.00    0.00    0.00   99.48
Average:       1    0.00    0.00    0.79   15.22    0.00    0.00    0.00    0.00   83.99
Average:       1    0.26    0.00    0.26    0.00    0.00    0.00    0.00    0.00   99.47
Average:       1    0.00    0.00    0.80   17.33    0.00    0.00    0.00    0.00   81.87
Average:       1    0.27    0.00    0.53    0.00    0.00    0.00    0.00    0.00   99.20
Average:       1    0.00    0.00    0.81    0.00    0.00    0.00    0.00    0.00   99.19
Average:       1    0.00    0.00    0.82   23.37    0.00    0.00    0.00    0.00   75.82
Average:       1    0.27    0.00    1.09    0.00    0.00    0.00    0.00    0.00   98.63
Average:       1    0.00    0.00    0.83   11.02    0.00    0.00    0.00    0.00   88.15
Average:       1    1.07    0.00    1.07    2.13    0.00    0.00    0.00    0.00   95.73
Average:       1    0.00    0.00    0.55    4.66    0.00    0.00    0.00    0.00   94.79
Average:       1    0.52    0.00    0.52   20.37    0.00    0.00    0.00    0.00   78.59
Average:       1    0.26    0.00    0.53    0.00    0.00    0.00    0.00    0.00   99.21
Average:       1    0.00    0.00    1.86   13.83    0.00    0.00    0.00    0.00   84.31
Average:       1    0.26    0.00    0.53    0.00    0.00    0.00    0.00    0.00   99.21
Average:       1    0.00    0.00    0.76    0.00    0.00    0.00    0.00    0.00   99.24
Average:       1    0.00    0.00    0.79   19.42    0.00    0.00    0.00    0.00   79.79
Average:       1    0.00    0.00    0.53    0.00    0.00    0.00    0.00    0.00   99.47
Average:       1    0.00    0.00    0.78    8.36    0.00    0.00    0.00    0.00   90.86
Average:       1    0.00    0.00    1.01    0.00    0.00    0.00    0.00    0.00   98.99
Average:       1    0.00    0.00    0.77    0.00    0.00    0.00    0.00    0.00   99.23
Average:       1    0.00    0.00    0.78    9.09    0.00    0.00    0.00    0.00   90.13
Average:       1    0.26    0.00    0.52    0.00    0.00    0.00    0.00    0.00   99.22
Average:       1    0.00    0.00    0.79   20.26    0.00    0.00    0.00    0.00   78.95
Average:       1    0.00    0.00    0.76    1.77    0.00    0.00    0.00    0.00   97.47
Average:       1    0.26    0.00    0.77    0.00    0.00    0.00    0.00    0.00   98.97
Average:       1    0.00    0.00    0.26   14.62    0.00    0.00    0.00    0.00   85.12
Average:       1    0.26    0.00    0.52    0.00    0.00    0.00    0.00    0.00   99.21
Average:       1    0.00    0.00    1.06   14.55    0.00    0.00    0.00    0.00   84.39
Average:       1    0.00    0.00    0.76    3.29    0.00    0.00    0.00    0.00   95.95
Average:       1   96.00    0.00    4.00    0.00    0.00    0.00    0.00    0.00    0.00
Average:       1    0.26    0.00    0.52    8.25    0.00    0.00    0.00    0.00   90.98
Average:       1    0.00    0.00    0.79    0.00    0.00    0.00    0.00    0.00   99.21
Average:       1    0.00    0.00    0.76   10.35    0.00    0.00    0.00    0.00   88.89
Average:       1    0.00    0.00    0.76   14.50    0.00    0.00    0.00    0.00   84.73
Average:       1    0.00    0.00    0.52    0.00    0.00    0.00    0.00    0.00   99.48
Average:       1    0.26    0.00    0.78   19.43    0.00    0.00    0.00    0.00   79.53
Average:       1    0.00    0.00    0.78    0.00    0.00    0.00    0.00    0.00   99.22
Average:       1    0.26    0.00    0.26    7.73    0.00    0.00    0.00    0.00   91.75
Average:       1    0.00    0.00    0.78    7.57    0.00    0.00    0.00    0.00   91.64
Average:       1    0.00    0.00    0.52    0.00    0.00    0.00    0.00    0.00   99.48
Average:       1    0.00    0.00    0.78   22.19    0.00    0.00    0.00    0.00   77.02
Average:       1    0.00    0.00    0.77    0.00    0.00    0.00    0.00    0.00   99.23
Average:       1    7.95    0.00    1.70    2.84    0.00    0.00    0.00    0.00   87.50
Average:       1    0.26    0.00    0.78   16.93    0.00    0.00    0.00    0.00   82.03
Average:       1    0.00    0.00    0.52    0.00    0.00    0.00    0.00    0.00   99.48
Average:       1    0.00    0.00    0.51    7.83    0.00    0.00    0.00    0.00   91.67
Average:       1    0.26    0.00    1.02    0.00    0.00    0.00    0.00    0.00   98.72
Average:       1    0.00    0.00    0.52    0.00    0.00    0.00    0.00    0.00   99.48
Average:       1    0.00    0.00    0.52   12.73    0.00    0.00    0.00    0.00   86.75
Average:       1    0.00    0.00    0.77    0.00    0.00    0.00    0.00    0.00   99.23
Average:       1    0.26    0.00    0.52   17.53    0.00    0.00    0.00    0.00   81.70
Average:       1    0.26    0.00    0.52    0.00    0.00    0.00    0.00    0.00   99.22
Average:       1    0.52    0.00    0.52    0.00    0.00    0.00    0.00    0.00   98.97
Average:       1    0.00    0.00    0.26   11.69    0.00    0.00    0.00    0.00   88.05
Average:       1    0.00    0.00    0.52    0.00    0.00    0.00    0.00    0.00   99.48
Average:       1    0.26    0.00    0.52   26.49    0.00    0.00    0.00    0.00   72.73
Average:       1    0.00    0.00    0.52    0.00    0.00    0.00    0.00    0.00   99.48
Average:       1    0.26    0.00    1.57    0.00    0.00    0.00    0.00    0.00   98.17
Average:       1    0.00    0.00    1.03   25.52    0.00    0.00    0.00    0.00   73.45
Average:       1    0.26    0.00    0.78    0.00    0.00    0.00    0.00    0.00   98.97
Average:       1    0.26    0.00    0.77   18.56    0.00    0.00    0.00    0.00   80.41
Average:       1    0.00    0.00    0.77    0.00    0.00    0.00    0.00    0.00   99.23
Average:       1    0.26    0.00    0.77    0.00    0.00    0.00    0.00    0.00   98.98
Average:       1    0.00    0.00    0.77   17.53    0.00    0.00    0.00    0.00   81.70
Average:       1    0.25    0.00    0.76    0.00    0.00    0.00    0.00    0.00   98.99
Average:       1    0.00    0.00    0.76   15.78    0.00    0.00    0.00    0.00   83.46
Average:       1    0.00    0.00    0.77    0.00    0.00    0.00    0.00    0.00   99.23
Average:       1    0.26    0.00    0.51    0.00    0.00    0.00    0.00    0.00   99.23
Average:       1    0.00    0.00    0.77   15.68    0.00    0.00    0.00    0.00   83.55
Average:       1    0.26    0.00    0.51    0.00    0.00    0.00    0.00    0.00   99.23
Average:       1    0.00    0.00    0.51   25.26    0.00    0.00    0.00    0.00   74.23
Average:       1    0.26    0.00    0.51    0.00    0.00    0.00    0.00    0.00   99.23
Average:       1    0.26    0.00    0.77    0.00    0.00    0.00    0.00    0.00   98.97
Average:       1    0.00    0.00    0.77   19.28    0.00    0.00    0.00    0.00   79.95
Average:       1    0.25    0.00    0.50    0.00    0.00    0.00    0.00    0.00   99.25
Average:       1    0.00    0.00    0.51   21.88    0.00    0.00    0.00    0.00   77.61
Average:       1    0.26    0.00    0.77    0.00    0.00    0.00    0.00    0.00   98.98
Average:       1    0.00    0.00    0.51    0.00    0.00    0.00    0.00    0.00   99.49
Average:       1    0.00    0.00    0.50   17.63    0.00    0.00    0.00    0.00   81.86
Average:       1    0.00    0.00    0.76    0.00    0.00    0.00    0.00    0.00   99.24
Average:       1    0.00    0.00    0.76   20.91    0.00    0.00    0.00    0.00   78.34
Average:       1    0.00    0.00    0.50    0.00    0.00    0.00    0.00    0.00   99.50
Average:       1    0.00    0.00    0.76    0.00    0.00    0.00    0.00    0.00   99.24
Average:       1    0.00    0.00    0.77   11.51    0.00    0.00    0.00    0.00   87.72
Average:       1    0.25    0.00    0.51    0.00    0.00    0.00    0.00    0.00   99.24
Average:       1    0.25    0.00    0.76   11.42    0.00    0.00    0.00    0.00   87.56
Average:       1    0.00    0.00    1.01    0.00    0.00    0.00    0.00    0.00   98.99
Average:       1    0.25    0.00    0.51    0.00    0.00    0.00    0.00    0.00   99.24
Average:       1    0.00    0.00    1.01   11.11    0.00    0.00    0.00    0.00   87.88
Average:       1    0.00    0.00    1.01    0.00    0.00    0.00    0.00    0.00   98.99
Average:       1   58.63    0.00    1.20   19.28    0.00    0.00    0.00    0.00   20.88
Average:       1    0.25    0.00    0.51    0.00    0.00    0.00    0.00    0.00   99.24
Average:       1    0.00    0.00    1.53    0.00    0.00    0.00    0.00    0.00   98.47
Average:       1    0.00    0.00    0.76    9.34    0.00    0.00    0.25    0.00   89.65
Average:       1    0.00    0.00    0.50    0.00    0.00    0.00    0.00    0.00   99.50
Average:       1    0.00    0.00    1.01   15.11    0.00    0.00    0.00    0.00   83.88
Average:       1    0.00    0.00    1.01    0.00    0.00    0.00    0.00    0.00   98.99
Average:       1    0.00    0.00    0.76    0.00    0.00    0.00    0.00    0.00   99.24
Average:       1    0.25    0.00    0.76   14.14    0.00    0.00    0.00    0.00   84.85
Average:       1    0.00    0.00    0.25    0.00    0.00    0.00    0.00    0.00   99.75
Average:       1    0.25    0.00    0.51    0.00    0.00    0.00    0.00    0.00   99.24
Average:       1    0.25    0.00    0.50    1.76    0.00    0.00    0.00    0.00   97.48
Average:       1    0.00    0.00    0.51    0.00    0.00    0.00    0.00    0.00   99.49
Average:       1    0.25    0.00    0.51    8.59    0.00    0.00    0.00    0.00   90.66
Average:       1    0.25    0.00    0.76    0.00    0.00    0.00    0.00    0.00   98.99
Average:       1    0.00    0.00    1.01    7.81    0.00    0.00    0.00    0.00   91.18
Average:       1    0.00    0.00    0.51    6.57    0.00    0.00    0.00    0.00   92.93
Average:       1    0.00    0.00    1.01    0.00    0.00    0.00    0.00    0.00   98.99
Average:       1    0.25    0.00    0.25   14.61    0.00    0.00    0.00    0.00   84.89
Average:       1    0.00    0.00    0.76    0.00    0.00    0.00    0.00    0.00   99.24
Average:       1    2.32    0.00    0.77   13.14    0.00    0.00    0.00    0.00   83.76
Average:       1    0.00    0.00    0.76    6.55    0.00    0.00    0.00    0.00   92.70
Average:       1    0.25    0.00    0.25    0.00    0.00    0.00    0.00    0.00   99.49
Average:       1    0.00    0.00    0.76   18.43    0.00    0.00    0.00    0.00   80.81
Average:       1    0.25    0.00    0.50    0.00    0.00    0.00    0.00    0.00   99.24
Average:       1    0.00    0.00    0.75    7.04    0.00    0.00    0.00    0.00   92.21
Average:       1    0.00    0.00    0.76   16.67    0.00    0.00    0.00    0.00   82.58
Average:       1    0.25    0.00    0.51    0.00    0.00    0.00    0.00    0.00   99.24
Average:       1    0.00    0.00    0.51   17.93    0.00    0.00    0.00    0.00   81.57
Average:       1    0.00    0.00    0.76    0.00    0.00    0.00    0.00    0.00   99.24
Average:       1    0.00    0.00    1.01    3.02    0.00    0.00    0.00    0.00   95.97
Average:       1    0.00    0.00    0.51   17.22    0.00    0.00    0.00    0.00   82.28
Average:       1    0.25    0.00    0.50    0.00    0.00    0.00    0.00    0.00   99.24
Average:       1    0.00    0.00    0.75   11.81    0.00    0.00    0.00    0.00   87.44
Average:       1    0.00    0.00    1.01    0.00    0.00    0.00    0.00    0.00   98.99
Average:       1    0.00    0.00    0.50    0.00    0.00    0.00    0.00    0.00   99.50
Average:       1    0.00    0.00    0.76   19.19    0.00    0.00    0.00    0.00   80.05
Average:       1    0.50    0.00    0.50    0.00    0.00    0.00    0.00    0.00   98.99
Average:       1    0.00    0.00    0.76   13.64    0.00    0.00    0.00    0.00   85.61
Average:       1    0.25    0.00    0.25    0.00    0.00    0.00    0.00    0.00   99.50
Average:       1    0.00    0.00    0.51    0.00    0.00    0.00    0.00    0.00   99.49
Average:       1    0.25    0.00    0.76   19.65    0.00    0.00    0.00    0.00   79.35
Average:       1    0.00    0.00    1.01    0.00    0.00    0.00    0.00    0.00   98.99
Average:       1    0.25    0.00    0.76   14.86    0.00    0.00    0.00    0.00   84.13
Average:       1    0.00    0.00    0.76    0.00    0.00    0.00    0.00    0.00   99.24
Average:       1    0.25    0.00    0.50    0.00    0.00    0.00    0.00    0.00   99.24
Average:       1    0.25    0.00    0.25   14.61    0.00    0.00    0.00    0.00   84.89
Average:       1    0.00    0.00    1.53    1.02    0.00    0.00    0.00    0.00   97.46
Average:       1    0.25    0.00    1.01   14.36    0.00    0.00    0.00    0.00   84.38
Average:       1    0.25    0.00    0.51    0.00    0.00    0.00    0.00    0.00   99.24
Average:       1    0.25    0.00    0.75    0.00    0.00    0.00    0.00    0.00   98.99
Average:       1    0.00    0.00    0.76   17.42    0.00    0.00    0.00    0.00   81.82
Average:       1    0.00    0.00    0.51    0.00    0.00    0.00    0.00    0.00   99.49
Average:       1    0.25    0.00    0.75   16.83    0.00    0.00    0.00    0.00   82.16
Average:       1    5.84    0.00    0.53    0.00    0.00    0.00    0.00    0.00   93.63
Average:       1    0.00    0.00    0.50    0.00    0.00    0.00    0.00    0.00   99.50
Average:       1    0.25    0.00    0.50   19.40    0.00    0.00    0.00    0.00   79.85
Average:       1    0.25    0.00    0.25    0.00    0.00    0.00    0.00    0.00   99.49
Average:       1    0.00    0.00    0.50   23.43    0.00    0.00    0.00    0.00   76.07
Average:       1    0.00    0.00    0.75    0.00    0.00    0.00    0.00    0.00   99.25
Average:       1    0.00    0.00    0.76    0.00    0.00    0.00    0.00    0.00   99.24
Average:       1    0.00    0.00    0.50   15.62    0.00    0.00    0.00    0.00   83.88
Average:       1    0.25    0.00    1.53    2.29    0.00    0.00    0.00    0.00   95.93
Average:       1    0.25    0.00    0.75   17.59    0.00    0.00    0.00    0.00   81.41
Average:       1    0.00    0.00    0.76    0.00    0.00    0.00    0.00    0.00   99.24
Average:       1    0.00    0.00    0.50    0.00    0.00    0.00    0.00    0.00   99.50
Average:       1    0.00    0.00    0.76    8.31    0.00    0.00    0.00    0.00   90.93
Average:       1    0.00    0.00    0.75    0.00    0.00    0.00    0.00    0.00   99.25
Average:       1    0.00    0.00    0.26   17.32    0.00    0.00    0.00    0.00   82.41
Average:       1    0.00    0.00    0.25    0.00    0.00    0.00    0.00    0.00   99.75
Average:       1    0.27    0.00    0.27    0.00    0.00    0.00    0.00    0.00   99.45
Average:       1    0.00    0.00    0.57   16.24    0.00    0.00    0.00    0.00   83.19
Average:       1    0.00    0.00    0.77    0.00    0.00    0.00    0.00    0.00   99.23
Average:       1    0.25    0.00    0.25   14.39    0.00    0.00    0.00    0.00   85.10
Average:       1    0.00    0.00    0.58    0.00    0.00    0.00    0.00    0.00   99.42
Average:       1    0.00    0.00    0.50    0.00    0.00    0.00    0.00    0.00   99.50
Average:       1    0.00    0.00    0.77    8.51    0.00    0.00    0.00    0.00   90.72
Average:       1    0.00    0.00    1.64    9.84    0.00    0.00    0.00    0.00   88.52
Average:       1    0.00    0.00    0.54   10.84    0.00    0.00    0.00    0.00   88.62
