Average:     all   21.04    0.00    0.76   18.60    0.00    0.00    0.00    0.00   59.60
Average:     all   32.89    0.00    0.50    0.00    0.00    0.00    0.00    0.00   66.61
Average:     all   32.61    0.00    0.17    0.50    0.00    0.00    0.00    0.00   66.72
Average:     all   30.39    0.00    0.33    2.94    0.00    0.00    0.00    0.00   66.34
Average:     all   29.17    0.00    0.65    4.05    0.00    0.00    0.00    0.00   66.13
Average:     all   32.78    0.00    0.50    1.51    0.00    0.00    0.00    0.00   65.22
Average:     all   31.36    0.00    0.16    1.97    0.00    0.00    0.00    0.00   66.50
Average:     all   33.00    0.00    0.33    0.33    0.00    0.00    0.00    0.00   66.33
Average:     all   33.22    0.00    0.17    0.00    0.00    0.00    0.00    0.00   66.61
Average:     all   33.22    0.00    0.50    0.33    0.00    0.00    0.00    0.00   65.94
Average:     all   32.50    0.00    0.50    0.66    0.00    0.00    0.00    0.00   66.33
Average:     all   32.83    0.00    0.50    0.17    0.00    0.00    0.00    0.00   66.50
Average:     all   32.95    0.00    0.17    0.33    0.00    0.00    0.00    0.00   66.56
Average:     all   31.36    0.00    0.16    1.64    0.00    0.00    0.00    0.00   66.83
Average:     all   14.52    0.00    4.64   23.80    0.00    0.00    0.00    0.00   57.04
