Average:     all   18.68    0.00    1.05   21.97    0.00    0.00    0.00    0.00   58.30
Average:     all   32.56    0.00    0.66    0.17    0.00    0.00    0.00    0.00   66.61
Average:     all   32.89    0.00    0.33    0.17    0.00    0.00    0.00    0.00   66.61
Average:     all   30.29    0.00    0.33    4.23    0.00    0.00    0.00    0.00   65.15
Average:     all   32.72    0.00    0.33    0.33    0.00    0.00    0.00    0.00   66.61
Average:     all   32.83    0.00    0.33    0.33    0.00    0.00    0.00    0.00   66.50
Average:     all   32.83    0.00    0.50    3.00    0.00    0.00    0.00    0.00   63.67
Average:     all   32.89    0.00    0.33    0.33    0.00    0.00    0.00    0.00   66.45
Average:     all   32.83    0.00    0.50    0.33    0.00    0.00    0.00    0.00   66.33
Average:     all   32.39    0.00    0.50    0.50    0.00    0.00    0.00    0.00   66.61
Average:     all   32.89    0.00    0.33    0.17    0.00    0.00    0.00    0.00   66.61
Average:     all   32.28    0.00    0.33    0.83    0.00    0.00    0.00    0.00   66.56
Average:     all   25.87    0.00    0.32    5.84    0.00    0.00    0.00    0.00   67.98
Average:     all   32.56    0.00    0.33    0.50    0.00    0.00    0.00    0.00   66.61
Average:     all   32.39    0.00    0.50    0.66    0.00    0.00    0.00    0.00   66.45
Average:     all   32.83    0.00    0.33    0.17    0.00    0.00    0.00    0.00   66.67
