Average:     all   10.58    0.00    0.42   32.17    0.00    0.00    0.00    0.00   56.82
Average:     all   32.39    0.00    1.00   11.02    0.00    0.00    0.00    0.00   55.59
Average:     all   32.05    0.00    1.34   13.36    0.00    0.00    0.00    0.00   53.26
Average:     all   32.17    0.00    1.17    0.00    0.00    0.00    0.00    0.00   66.67
Average:     all   32.33    0.00    1.17   10.67    0.00    0.00    0.00    0.00   55.83
Average:     all   32.61    0.00    1.34    0.00    0.00    0.00    0.00    0.00   66.05
Average:     all   30.87    0.00    0.82    4.60    0.00    0.00    0.16    0.00   63.55
Average:     all   32.78    0.00    0.67    5.49    0.00    0.00    0.00    0.00   61.06
Average:     all   32.27    0.00    1.51    0.00    0.00    0.00    0.00    0.00   66.22
Average:     all   32.33    0.00    1.17   10.17    0.00    0.00    0.00    0.00   56.33
Average:     all   33.00    0.00    0.67    0.00    0.00    0.00    0.00    0.00   66.33
Average:     all   31.67    0.00    1.83    3.33    0.00    0.00    0.00    0.00   63.17
Average:     all   32.78    0.00    0.67    7.99    0.00    0.00    0.00    0.00   58.57
Average:     all   32.22    0.00    1.67    0.33    0.00    0.00    0.00    0.00   65.78
Average:     all   31.99    0.00    1.84    7.87    0.00    0.00    0.00    0.00   58.29
Average:     all   32.50    0.00    0.83    0.00    0.00    0.00    0.00    0.00   66.67
Average:     all   32.22    0.00    1.00    0.33    0.00    0.00    0.00    0.00   66.44
Average:     all   32.27    0.00    1.00   10.54    0.00    0.00    0.00    0.00   56.19
Average:     all   31.89    0.00    0.83    0.66    0.00    0.00    0.00    0.00   66.61
Average:     all   32.00    0.00    0.83   10.17    0.00    0.00    0.00    0.00   57.00
Average:     all   32.50    0.00    0.83    0.00    0.00    0.00    0.00    0.00   66.67
Average:     all   32.33    0.00    1.00    0.00    0.00    0.00    0.00    0.00   66.67
Average:     all   31.89    0.00    1.67   10.68    0.00    0.00    0.00    0.00   55.76
Average:     all   32.22    0.00    1.00    0.00    0.00    0.00    0.00    0.00   66.78
Average:     all   32.61    0.00    0.84   11.04    0.00    0.00    0.00    0.00   55.52
Average:     all   32.22    0.00    1.17    0.00    0.00    0.00    0.00    0.00   66.61
Average:     all   32.67    0.00    0.83    0.00    0.00    0.00    0.00    0.00   66.50
Average:     all   32.11    0.00    1.34   10.70    0.00    0.00    0.00    0.00   55.85
Average:     all   32.22    0.00    1.00    0.00    0.00    0.00    0.00    0.00   66.78
Average:     all   32.17    0.00    1.50    9.33    0.00    0.00    0.00    0.00   57.00
Average:     all   31.67    0.00    1.67    0.00    0.00    0.00    0.00    0.00   66.67
Average:     all   32.67    0.00    0.50    0.17    0.00    0.00    0.00    0.00   66.67
Average:     all    9.48    0.00    0.55   35.85    0.00    0.00    0.14    0.00   53.98
Average:     all   32.72    0.00    1.34    0.17    0.00    0.00    0.00    0.00   65.77
Average:     all   32.27    0.00    1.17    7.19    0.00    0.00    0.00    0.00   59.36
Average:     all   32.50    0.00    1.00    0.00    0.00    0.00    0.00    0.00   66.50
Average:     all   32.78    0.00    1.00    0.00    0.00    0.00    0.00    0.00   66.22
Average:     all   30.58    0.00    1.65   12.56    0.00    0.00    0.00    0.00   55.21
Average:     all   32.22    0.00    1.17    0.00    0.00    0.00    0.00    0.00   66.61
Average:     all   32.67    0.00    0.67   10.83    0.00    0.00    0.00    0.00   55.83
Average:     all   31.40    0.00    0.99    0.99    0.00    0.00    0.00    0.00   66.61
Average:     all   32.05    0.00    1.34    0.00    0.00    0.00    0.00    0.00   66.61
Average:     all   32.33    0.00    1.17   10.00    0.00    0.00    0.00    0.00   56.50
Average:     all   32.72    0.00    0.67    0.00    0.00    0.00    0.00    0.00   66.61
Average:     all   32.11    0.00    1.34   10.37    0.00    0.00    0.00    0.00   56.19
Average:     all   32.44    0.00    1.34    0.00    0.00    0.00    0.00    0.00   66.22
Average:     all   32.72    0.00    0.83    0.00    0.00    0.00    0.00    0.00   66.44
Average:     all   32.61    0.00    1.00   10.98    0.00    0.00    0.00    0.00   55.41
Average:     all   31.18    0.00    1.33    1.16    0.00    0.00    0.00    0.00   66.33
Average:     all   29.67    0.00    1.31   11.31    0.00    0.00    0.16    0.00   57.54
Average:     all   30.68    0.00    1.82    1.16    0.00    0.00    0.00    0.00   66.33
Average:     all   32.55    0.00    0.83    0.17    0.00    0.00    0.00    0.00   66.44
Average:     all   32.39    0.00    1.00    9.02    0.00    0.00    0.00    0.00   57.60
Average:     all   30.69    0.00    1.32    1.98    0.00    0.00    0.00    0.00   66.01
Average:     all    0.99    0.00   31.29   60.43    0.00    0.00    0.00    0.00    7.28
Average:     all    0.43    0.00   13.34   57.39    0.00    0.00    0.14    0.00   28.69
Average:     all    3.32    0.00    1.59   49.60    0.00    0.00    0.13    0.00   45.36
Average:     all   23.71    0.00    4.84   63.87    0.00    0.00    0.00    0.00    7.58
