Average:       2    0.00    0.00    0.00    0.00    0.00    0.00    0.00    0.00  100.00
Average:       3    0.00    0.00    0.00    0.00    0.00    0.00    0.00    0.00  100.00
Average:       4    0.00    0.00    0.00    0.00    0.00    0.00    0.00    0.00  100.00
Average:       5    0.00    0.00    0.00    0.00    0.00    0.00    0.00    0.00  100.00
Average:       6    0.00    0.00    0.00    0.50    0.00    0.00    0.00    0.00   99.50
Average:       7    0.00    0.00    0.00    0.00    0.00    0.00    0.00    0.00  100.00
Average:       2    0.00    0.00    0.00    0.00    0.00    0.00    0.00    0.00  100.00
Average:       3    0.00    0.00    0.00    0.00    0.00    0.00    0.00    0.00  100.00
Average:       4    0.00    0.00    0.00    0.00    0.00    0.00    0.00    0.00  100.00
Average:       5    0.00    0.00    0.00    0.00    0.00    0.00    0.00    0.00  100.00
Average:       6    0.00    0.00    0.00    0.00    0.00    0.00    0.00    0.00  100.00
Average:       7    0.00    0.00    0.00    0.00    0.00    0.00    0.00    0.00  100.00
Average:       2    0.00    0.00    0.00    0.00    0.00    0.00    0.00    0.00  100.00
Average:       3    0.00    0.00    0.00    0.00    0.00    0.00    0.00    0.00  100.00
Average:       4    0.00    0.00    0.00    0.00    0.00    0.00    0.00    0.00  100.00
Average:       5    0.00    0.00    0.00    0.00    0.00    0.00    0.00    0.00  100.00
Average:       6    0.00    0.00    0.00    0.00    0.00    0.00    0.00    0.00  100.00
Average:       7    0.00    0.00    0.00    0.00    0.00    0.00    0.00    0.00  100.00
Average:       2    0.00    0.00    0.00    0.00    0.00    0.00    0.00    0.00  100.00
Average:       3    0.00    0.00    0.00    0.00    0.00    0.00    0.00    0.00  100.00
Average:       4    0.00    0.00    0.00    0.00    0.00    0.00    0.00    0.00  100.00
Average:       5    0.00    0.00    0.00    0.00    0.00    0.00    0.00    0.00  100.00
Average:       6    0.00    0.00    0.00    0.00    0.00    0.00    0.00    0.00  100.00
Average:       7    0.00    0.00    0.00    0.00    0.00    0.00    0.00    0.00  100.00
Average:       2    0.00    0.00    0.00    0.00    0.00    0.00    0.00    0.00  100.00
Average:       3    0.00    0.00    0.00    0.00    0.00    0.00    0.00    0.00  100.00
Average:       4    0.00    0.00    0.00    0.00    0.00    0.00    0.00    0.00  100.00
Average:       5    0.00    0.00    0.00    0.00    0.00    0.00    0.00    0.00  100.00
Average:       6    0.00    0.00    0.00    0.00    0.00    0.00    0.00    0.00  100.00
Average:       7    0.50    0.00    0.00    0.00    0.00    0.00    0.00    0.00   99.50
Average:       2    0.00    0.00    0.00    0.00    0.00    0.00    0.00    0.00  100.00
Average:       3    0.00    0.00    0.00    0.00    0.00    0.00    0.00    0.00  100.00
Average:       4    0.00    0.00    0.00    0.00    0.00    0.00    0.00    0.00  100.00
Average:       5    0.00    0.00    0.00    0.00    0.00    0.00    0.00    0.00  100.00
Average:       6    0.00    0.00    0.00    0.00    0.00    0.00    0.00    0.00  100.00
Average:       7    0.00    0.00    0.00    0.00    0.00    0.00    0.00    0.00  100.00
Average:       2    0.00    0.00    0.00    0.00    0.00    0.00    0.00    0.00  100.00
Average:       3    0.00    0.00    0.00    0.00    0.00    0.00    0.00    0.00  100.00
Average:       4    0.00    0.00    0.00    0.00    0.00    0.00    0.00    0.00  100.00
Average:       5    0.00    0.00    0.00    0.00    0.00    0.00    0.00    0.00  100.00
Average:       6    0.00    0.00    0.00    0.00    0.00    0.00    0.00    0.00  100.00
Average:       7    0.00    0.00    0.00    0.00    0.00    0.00    0.00    0.00  100.00
Average:       2    0.00    0.00    0.00    0.00    0.00    0.00    0.00    0.00  100.00
Average:       3    0.00    0.00    0.00    0.00    0.00    0.00    0.00    0.00  100.00
Average:       4    0.00    0.00    0.00    0.00    0.00    0.00    0.00    0.00  100.00
Average:       5    0.00    0.00    0.00    0.00    0.00    0.00    0.00    0.00  100.00
Average:       6    0.00    0.00    0.00    0.00    0.00    0.00    0.00    0.00  100.00
Average:       7    0.00    0.00    0.00    0.00    0.00    0.00    0.00    0.00  100.00
Average:       2    0.00    0.00    1.51    0.00    0.00    0.00    0.00    0.00   98.49
Average:       3    0.00    0.00    1.01    0.00    0.00    0.00    0.00    0.00   98.99
Average:       4    0.50    0.00    2.48    0.99    0.00    0.00    0.00    0.00   96.04
Average:       5    0.00    0.00    0.51    0.00    0.00    0.00    0.00    0.00   99.49
Average:       6    0.00    0.00    2.49    0.00    0.00    0.00    0.00    0.00   97.51
Average:       7    0.00    0.00    1.51    0.50    0.00    0.00    0.00    0.00   97.99
Average:       2    0.00    0.00    0.00    0.00    0.00    0.00    0.00    0.00  100.00
Average:       3    0.00    0.00    0.00    0.00    0.00    0.00    0.00    0.00  100.00
Average:       4    0.00    0.00    0.00    0.00    0.00    0.00    0.00    0.00  100.00
Average:       5    0.00    0.00    0.00    0.00    0.00    0.00    0.00    0.00  100.00
Average:       6    0.00    0.00    0.00    0.00    0.00    0.00    0.00    0.00  100.00
Average:       7    0.00    0.00    0.00    0.00    0.00    0.00    0.00    0.00  100.00
Average:       2    5.46    0.00    0.55    0.00    0.00    0.00    0.55    0.00   93.44
Average:       3   10.99    0.00    1.10    0.00    0.00    0.00    0.55    0.00   87.36
Average:       4   13.71    0.00    2.03    0.00    0.00    0.00    1.02    0.00   83.25
Average:       5    7.61    0.00    0.54    0.00    0.00    0.00    0.54    0.00   91.30
Average:       6    8.38    0.00    2.09    0.00    0.00    0.00    1.05    0.00   88.48
Average:       7   11.29    0.00    2.15    0.00    0.00    0.00    1.08    0.00   85.48
Average:       2   10.16    0.00    1.60    0.00    0.00    0.00    0.53    0.00   87.70
Average:       3    6.95    0.00    2.14    0.00    0.00    0.00    0.53    0.00   90.37
Average:       4    6.52    0.00    1.63    0.00    0.00    0.00    1.09    0.00   90.76
Average:       5   10.33    0.00    1.63    0.00    0.00    0.00    1.09    0.00   86.96
Average:       6   12.97    0.00    2.70    0.00    0.00    0.00    0.54    0.00   83.78
Average:       7    9.38    0.00    1.56    0.00    0.00    0.00    0.52    0.00   88.54
Average:       2   11.76    0.00    2.14    0.00    0.00    0.00    1.07    0.00   85.03
Average:       3    8.99    0.00    2.12    0.00    0.00    0.00    0.53    0.00   88.36
Average:       4   11.58    0.00    1.58    0.00    0.00    0.00    1.05    0.00   85.79
Average:       5    9.73    0.00    2.70    0.00    0.00    0.00    1.08    0.00   86.49
Average:       6   10.70    0.00    1.07    0.00    0.00    0.00    1.07    0.00   87.17
Average:       7    9.90    0.00    1.56    0.00    0.00    0.00    1.04    0.00   87.50
Average:       2   10.22    0.00    1.61    0.00    0.00    0.00    0.54    0.00   87.63
Average:       3    7.45    0.00    2.66    0.00    0.00    0.00    0.53    0.00   89.36
Average:       4   10.27    0.00    0.54    0.00    0.00    0.00    0.54    0.00   88.65
Average:       5   11.76    0.00    2.67    0.00    0.00    0.00    0.53    0.00   85.03
Average:       6   10.70    0.00    2.14    0.00    0.00    0.00    1.07    0.00   86.10
Average:       7   10.42    0.00    0.52    0.00    0.00    0.00    0.52    0.00   88.54
Average:       2   13.85    0.00    1.54    0.00    0.00    0.00    1.03    0.00   83.59
Average:       3    7.53    0.00    2.15    0.00    0.00    0.00    0.54    0.00   89.78
Average:       4   10.16    0.00    2.67    0.00    0.00    0.00    0.53    0.00   86.63
Average:       5    9.34    0.00    1.10    0.00    0.00    0.00    0.55    0.00   89.01
Average:       6    7.57    0.00    1.62    0.00    0.00    0.00    0.54    0.00   90.27
Average:       7   11.92    0.00    1.55    0.00    0.00    0.00    1.04    0.00   85.49
Average:       2    9.57    0.00    2.66    0.00    0.00    0.00    1.06    0.00   86.70
Average:       3    8.79    0.00    3.30    0.00    0.00    0.00    0.55    0.00   87.36
Average:       4   10.00    0.00    2.11    0.00    0.00    0.00    0.53    0.00   87.37
Average:       5   11.05    0.00    1.58    0.00    0.00    0.00    1.05    0.00   86.32
Average:       6    6.32    0.00    3.68    0.00    0.00    0.00    1.05    0.00   88.95
Average:       7   10.58    0.00    1.06    0.00    0.00    0.00    1.06    0.00   87.30
Average:       2   12.44    0.00    0.52    0.00    0.00    0.00    1.04    0.00   86.01
Average:       3   11.35    0.00    2.70    0.00    0.00    0.00    1.08    0.00   84.86
Average:       4    8.95    0.00    1.05    0.00    0.00    0.00    0.53    0.00   89.47
Average:       5   10.16    0.00    1.07    0.00    0.00    0.00    0.53    0.00   88.24
Average:       6   12.50    0.00    1.56    0.00    0.00    0.00    0.52    0.00   85.42
Average:       7   10.87    0.00    1.09    0.00    0.00    0.00    1.09    0.00   86.96
Average:       2   13.59    0.00    1.63    0.00    0.00    0.00    1.09    0.00   83.70
Average:       3   13.68    0.00    1.58    0.00    0.00    0.00    0.53    0.00   84.21
Average:       4    8.81    0.00    1.04    0.00    0.00    0.00    0.52    0.00   89.64
Average:       5    7.57    0.00    1.08    0.00    0.00    0.00    0.54    0.00   90.81
Average:       6    9.78    0.00    1.09    0.00    0.00    0.00    1.09    0.00   88.04
Average:       7    8.42    0.00    1.05    0.00    0.00    0.00    0.53    0.00   90.00
Average:       2    8.95    0.00    1.05    0.00    0.00    0.00    0.00    0.00   90.00
Average:       3   11.46    0.00    1.56    0.00    0.00    0.00    1.04    0.00   85.94
Average:       4   13.04    0.00    2.17    0.00    0.00    0.00    0.54    0.00   84.24
Average:       5    8.06    0.00    1.61    0.00    0.00    0.00    1.08    0.00   89.25
Average:       6    9.60    0.00    1.13    0.00    0.00    0.00    1.13    0.00   88.14
Average:       7   10.88    0.00    2.07    0.00    0.00    0.00    1.04    0.00   86.01
Average:       2    8.84    0.00    1.66    0.00    0.00    0.00    1.10    0.00   88.40
Average:       3    8.60    0.00    1.61    0.00    0.00    0.00    1.08    0.00   88.71
Average:       4   12.37    0.00    1.55    0.00    0.00    0.00    0.52    0.00   85.57
Average:       5   12.57    0.00    2.09    0.00    0.00    0.00    1.05    0.00   84.29
Average:       6    8.47    0.00    1.06    0.00    0.00    0.00    0.53    0.00   89.95
Average:       7    9.84    0.00    2.19    0.00    0.00    0.00    1.09    0.00   86.89
Average:       2    8.47    0.00    1.13    0.00    0.00    0.00    1.13    0.00   89.27
Average:       3   14.14    0.00    2.62    0.00    0.00    0.00    0.52    0.00   82.72
Average:       4    7.89    0.00    0.53    0.00    0.00    0.00    0.53    0.00   91.05
Average:       5    8.51    0.00    2.66    0.00    0.00    0.00    0.53    0.00   88.30
Average:       6    9.73    0.00    1.62    0.00    0.00    0.00    1.08    0.00   87.57
Average:       7    8.42    0.00    0.53    0.00    0.00    0.00    0.53    0.00   90.53
Average:       2    6.99    0.00    1.61    0.00    0.00    0.00    0.54    0.00   90.86
Average:       3   11.48    0.00    1.64    0.00    0.00    0.00    1.09    0.00   85.79
Average:       4    9.29    0.00    1.09    0.00    0.00    0.00    1.09    0.00   88.52
Average:       5   13.23    0.00    1.59    0.00    0.00    0.00    1.06    0.00   84.13
Average:       6    9.47    0.00    2.11    0.00    0.00    0.00    0.53    0.00   87.89
Average:       7    8.65    0.00    1.62    0.00    0.00    0.00    1.08    0.00   88.65
Average:       2    7.94    0.00    1.59    0.00    0.00    0.00    1.06    0.00   89.42
Average:       3   13.23    0.00    1.06    0.00    0.00    0.00    1.06    0.00   84.66
Average:       4    7.41    0.00    1.06    0.00    0.00    0.00    0.53    0.00   91.01
Average:       5   10.81    0.00    1.08    0.00    0.00    0.00    0.54    0.00   87.57
Average:       6   14.43    0.00    2.06    0.00    0.00    0.00    1.03    0.00   82.47
Average:       7   10.33    0.00    0.54    0.00    0.00    0.00    0.54    0.00   88.59
Average:       2   10.53    0.00    3.68    0.00    0.00    0.00    0.53    0.00   85.26
Average:       3    9.38    0.00    2.60    0.00    0.00    0.00    1.04    0.00   86.98
Average:       4   10.93    0.00    3.28    0.00    0.00    0.00    1.09    0.00   84.70
Average:       5   13.90    0.00    3.21    0.00    0.00    0.00    1.07    0.00   81.82
Average:       6    8.81    0.00    3.63    0.00    0.00    0.00    0.52    0.00   87.05
Average:       7   10.70    0.00    2.67    0.00    0.00    0.00    1.07    0.00   85.56
Average:       2    9.95    0.00    2.09    0.00    0.00    0.00    1.05    0.00   86.91
Average:       3   12.17    0.00    2.12    0.00    0.00    0.00    1.06    0.00   84.66
Average:       4    9.55    0.00    1.69    0.00    0.00    0.00    1.12    0.00   87.64
Average:       5   10.00    0.00    2.11    0.00    0.00    0.00    1.05    0.00   86.84
Average:       6   13.23    0.00    1.06    0.00    0.00    0.00    0.53    0.00   85.19
Average:       7    9.28    0.00    2.58    0.00    0.00    0.00    0.52    0.00   87.63
Average:       2   11.73    0.00    1.12    0.00    0.00    0.00    0.56    0.00   86.59
Average:       3    9.57    0.00    3.19    0.00    0.00    0.00    1.06    0.00   86.17
Average:       4   11.64    0.00    1.06    0.00    0.00    0.00    1.06    0.00   86.24
Average:       5   11.17    0.00    2.66    0.00    0.00    0.00    0.53    0.00   85.64
Average:       6    7.53    0.00    1.08    0.00    0.00    0.00    0.54    0.00   90.86
Average:       7   11.52    0.00    3.14    0.00    0.00    0.00    1.05    0.00   84.29
Average:       2    6.45    0.00    2.15    0.00    0.00    0.00    1.08    0.00   90.32
Average:       3   10.38    0.00    1.64    0.00    0.00    0.00    1.09    0.00   86.89
Average:       4    9.38    0.00    1.56    0.00    0.00    0.00    0.52    0.00   88.54
Average:       5    9.63    0.00    2.14    0.00    0.00    0.00    0.53    0.00   87.70
Average:       6   13.16    0.00    1.05    0.00    0.00    0.00    0.53    0.00   85.26
Average:       7   10.58    0.00    2.65    0.00    0.00    0.00    1.06    0.00   85.71
Average:       2    9.47    0.00    2.63    0.00    0.00    0.00    0.53    0.00   87.37
Average:       3   12.78    0.00    1.67    0.00    0.00    0.00    0.56    0.00   85.00
Average:       4    5.95    0.00    1.08    0.00    0.00    0.00    0.54    0.00   92.43
Average:       5   11.64    0.00    2.12    0.00    0.00    0.00    1.06    0.00   85.19
Average:       6    8.47    0.00    1.06    0.00    0.00    0.00    0.53    0.00   89.95
Average:       7    8.25    0.00    2.58    0.00    0.00    0.00    0.52    0.00   88.66
Average:       2    6.45    0.00    2.15    0.00    0.00    0.00    1.08    0.00   90.32
Average:       3    9.04    0.00    3.19    0.00    0.00    0.00    1.06    0.00   86.70
Average:       4    9.73    0.00    2.70    0.00    0.00    0.00    1.08    0.00   86.49
Average:       5   10.42    0.00    1.56    0.00    0.00    0.00    0.52    0.00   87.50
Average:       6    9.63    0.00    2.14    0.00    0.00    0.00    0.53    0.00   87.70
Average:       7   12.63    0.00    2.11    0.00    0.00    0.00    0.53    0.00   84.74
Average:       2   10.87    0.00    2.17    0.00    0.00    0.00    1.09    0.00   85.87
Average:       3    7.98    0.00    2.13    0.00    0.00    0.00    0.53    0.00   89.36
Average:       4   12.11    0.00    2.11    0.00    0.00    0.00    1.05    0.00   84.74
Average:       5    8.42    0.00    2.11    0.00    0.00    0.00    1.05    0.00   88.42
Average:       6   10.53    0.00    2.11    0.00    0.00    0.00    1.05    0.00   86.32
Average:       7   11.35    0.00    1.08    0.00    0.00    0.00    1.08    0.00   86.49
Average:       2   10.75    0.00    1.08    0.00    0.00    0.00    0.54    0.00   87.63
Average:       3   11.92    0.00    2.07    0.00    0.00    0.00    1.04    0.00   84.97
Average:       4    9.73    0.00    2.16    0.00    0.00    0.00    1.08    0.00   87.03
Average:       5   12.99    0.00    1.69    0.00    0.00    0.00    0.56    0.00   84.75
Average:       6    7.10    0.00    1.64    0.00    0.00    0.00    0.55    0.00   90.71
Average:       7    9.63    0.00    2.67    0.00    0.00    0.00    0.53    0.00   87.17
Average:       2    9.73    0.00    2.16    0.00    0.00    0.00    0.54    0.00   87.57
Average:       3   12.37    0.00    2.15    0.00    0.00    0.00    1.08    0.00   84.41
Average:       4    7.57    0.00    1.08    0.00    0.00    0.00    0.54    0.00   90.81
Average:       5   11.11    0.00    2.12    0.00    0.00    0.00    0.53    0.00   86.24
Average:       6   11.46    0.00    3.12    0.00    0.00    0.00    1.04    0.00   84.38
Average:       7    8.11    0.00    2.16    0.00    0.00    0.54    1.08    0.00   88.11
Average:       2    8.51    0.00    1.06    0.00    0.00    0.00    1.06    0.00   89.36
Average:       3   12.95    0.00    1.55    0.00    0.00    0.00    1.04    0.00   84.46
Average:       4    7.25    0.00    1.04    0.00    0.00    0.00    1.04    0.00   90.67
Average:       5    9.09    0.00    1.60    0.00    0.00    0.00    0.53    0.00   88.77
Average:       6    8.38    0.00    2.09    0.00    0.00    0.00    0.52    0.00   89.01
Average:       7   14.74    0.00    1.58    0.00    0.00    0.00    0.53    0.00   83.16
Average:       2   12.50    0.00    2.60    0.00    0.00    0.00    1.04    0.00   83.85
Average:       3    8.79    0.00    1.10    0.00    0.00    0.00    1.10    0.00   89.01
Average:       4    5.46    0.00    2.19    0.00    0.00    0.00    0.55    0.00   91.80
Average:       5    9.28    0.00    2.58    0.00    0.00    0.00    0.52    0.00   87.63
Average:       6    8.99    0.00    2.12    0.00    0.00    0.00    0.53    0.00   88.36
Average:       7   11.83    0.00    2.15    0.00    0.00    0.00    1.08    0.00   84.95
Average:       2    8.60    0.00    1.08    0.00    0.00    0.00    0.54    0.00   89.78
Average:       3    9.47    0.00    1.58    0.00    0.00    0.00    1.05    0.00   87.89
Average:       4    9.84    0.00    3.63    0.00    0.00    0.00    0.52    0.00   86.01
Average:       5   10.11    0.00    1.06    0.00    0.00    0.00    1.06    0.00   87.77
Average:       6   12.50    0.00    0.52    0.00    0.00    0.00    0.52    0.00   86.46
Average:       7   10.87    0.00    2.72    0.00    0.00    0.00    1.09    0.00   85.33
Average:       2   10.70    0.00    1.07    0.00    0.00    0.00    1.07    0.00   87.17
Average:       3    9.95    0.00    2.09    0.00    0.00    0.00    1.05    0.00   86.91
Average:       4   10.87    0.00    1.09    0.00    0.00    0.00    0.54    0.00   87.50
Average:       5    8.94    0.00    1.12    0.00    0.00    0.00    0.56    0.00   89.39
Average:       6   12.11    0.00    1.05    0.00    0.00    0.00    1.05    0.00   85.79
Average:       7    9.63    0.00    1.60    0.00    0.00    0.00    0.53    0.00   88.24
Average:       2   10.27    0.00    2.16    0.00    0.00    0.00    1.08    0.00   86.49
Average:       3   12.23    0.00    2.13    0.00    0.00    0.00    0.53    0.00   85.11
Average:       4    8.42    0.00    0.53    0.00    0.00    0.00    0.53    0.00   90.53
Average:       5   10.87    0.00    1.09    0.00    0.00    0.00    0.54    0.00   87.50
Average:       6    7.94    0.00    2.12    0.00    0.00    0.00    1.06    0.00   88.89
Average:       7   12.11    0.00    1.05    0.00    0.00    0.00    1.05    0.00   85.79
Average:       2   11.11    0.00    1.59    0.00    0.00    0.00    1.06    0.00   86.24
Average:       3   12.04    0.00    1.57    0.00    0.00    0.00    1.05    0.00   85.34
Average:       4   10.11    0.00    1.60    0.00    0.00    0.00    0.53    0.00   87.77
Average:       5   11.98    0.00    1.04    0.00    0.00    0.00    0.52    0.00   86.46
Average:       6   10.81    0.00    1.08    0.00    0.00    0.00    0.54    0.00   87.57
Average:       7    9.39    0.00    1.66    0.00    0.00    0.00    1.10    0.00   87.85
Average:       2   11.35    0.00    3.24    0.00    0.00    0.00    0.54    0.00   84.86
Average:       3    7.81    0.00    3.65    0.00    0.00    0.00    1.04    0.00   87.50
Average:       4   11.96    0.00    4.89    0.00    0.00    0.00    1.09    0.00   82.07
Average:       5    7.98    0.00    3.19    0.00    0.00    0.00    0.53    0.00   88.30
Average:       6    7.77    0.00    2.07    0.00    0.00    0.00    0.52    0.00   89.64
Average:       7   12.57    0.00    2.73    0.00    0.00    0.00    1.09    0.00   83.61
Average:       2   10.11    0.00    1.06    0.00    0.00    0.00    1.06    0.00   87.77
Average:       3   10.26    0.00    1.54    0.00    0.00    0.00    0.51    0.00   87.69
Average:       4   11.83    0.00    1.08    0.00    0.00    0.00    1.08    0.00   86.02
Average:       5    8.60    0.00    2.15    0.00    0.00    0.00    0.54    0.00   88.71
Average:       6    9.63    0.00    2.14    0.00    0.00    0.00    0.53    0.00   87.70
Average:       7    7.07    0.00    2.17    0.00    0.00    0.00    1.09    0.00   89.67
Average:       2    7.41    0.00    1.06    0.00    0.00    0.00    0.53    0.00   91.01
Average:       3   10.36    0.00    1.55    0.00    0.00    0.00    1.04    0.00   87.05
Average:       4    9.73    0.00    1.08    0.00    0.00    0.00    1.08    0.00   88.11
Average:       5   10.38    0.00    3.28    0.00    0.00    0.00    1.09    0.00   85.25
Average:       6    9.63    0.00    2.14    0.00    0.00    0.00    0.53    0.00   87.70
Average:       7   10.53    0.00    0.00    0.00    0.00    0.00    1.05    0.00   88.42
Average:       2   12.44    0.00    1.55    0.00    0.00    0.00    1.04    0.00   84.97
Average:       3    9.24    0.00    2.17    0.00    0.00    0.00    0.54    0.00   88.04
Average:       4    7.94    0.00    1.06    0.00    0.00    0.00    1.06    0.00   89.95
Average:       5   10.31    0.00    1.55    0.00    0.00    0.00    1.03    0.00   87.11
Average:       6    8.95    0.00    2.11    0.00    0.00    0.00    0.53    0.00   88.42
Average:       7   11.89    0.00    1.62    0.00    0.00    0.00    0.54    0.00   85.95
Average:       2   10.36    0.00    0.52    0.00    0.00    0.00    1.04    0.00   88.08
Average:       3   12.30    0.00    1.07    0.00    0.00    0.00    1.07    0.00   85.56
Average:       4    9.09    0.00    2.14    0.00    0.00    0.00    0.53    0.00   88.24
Average:       5    9.19    0.00    2.16    0.00    0.00    0.00    1.08    0.00   87.57
Average:       6   10.87    0.00    1.09    0.00    0.00    0.00    1.09    0.00   86.96
Average:       7   10.99    0.00    1.57    0.00    0.00    0.00    0.52    0.00   86.91
Average:       2   13.23    0.00    2.12    0.00    0.00    0.00    1.06    0.00   83.60
Average:       3    8.99    0.00    1.59    0.00    0.00    0.00    0.53    0.00   88.89
Average:       4   14.51    0.00    1.55    0.00    0.00    0.00    0.52    0.00   83.42
Average:       5   11.29    0.00    2.15    0.00    0.00    0.00    1.08    0.00   85.48
Average:       6    8.56    0.00    1.07    0.00    0.00    0.00    0.53    0.00   89.84
Average:       7    8.06    0.00    3.23    0.00    0.00    0.00    0.54    0.00   88.17
Average:       2   11.41    0.00    2.17    0.00    0.00    0.00    0.54    0.00   85.87
Average:       3    9.74    0.00    1.54    0.00    0.00    0.00    0.51    0.00   88.21
Average:       4    7.07    0.00    2.17    0.00    0.00    0.00    0.54    0.00   90.22
Average:       5    8.47    0.00    2.65    0.00    0.00    0.00    0.53    0.00   88.36
Average:       6    7.41    0.00    1.59    0.00    0.00    0.00    1.06    0.00   89.95
Average:       7   13.74    0.00    2.20    0.00    0.00    0.00    0.55    0.00   83.52
Average:       2    9.42    0.00    2.09    0.00    0.00    0.00    0.52    0.00   87.96
Average:       3   10.70    0.00    2.67    0.00    0.00    0.00    0.53    0.00   86.10
Average:       4   12.57    0.00    1.05    0.00    0.00    0.00    1.05    0.00   85.34
Average:       5    7.41    0.00    0.53    0.00    0.00    0.00    1.06    0.00   91.01
Average:       6   10.11    0.00    0.53    0.00    0.00    0.00    0.53    0.00   88.83
Average:       7   12.37    0.00    2.15    0.00    0.00    0.00    1.08    0.00   84.41
Average:       2   11.23    0.00    1.60    0.00    0.00    0.00    1.07    0.00   86.10
Average:       3   12.23    0.00    1.06    0.00    0.00    0.00    1.06    0.00   85.64
Average:       4    6.91    0.00    1.06    0.00    0.00    0.00    0.53    0.00   91.49
Average:       5   11.40    0.00    1.04    0.00    0.00    0.00    1.04    0.00   86.53
Average:       6   10.11    0.00    2.13    0.00    0.00    0.00    1.06    0.00   86.70
Average:       7   13.54    0.00    1.04    0.00    0.00    0.00    1.04    0.00   84.38
Average:       2   10.27    0.00    1.62    0.00    0.00    0.00    0.54    0.00   87.57
Average:       3   10.47    0.00    3.14    0.00    0.00    0.00    1.05    0.00   85.34
Average:       4    6.49    0.00    2.16    0.00    0.00    0.00    0.54    0.00   90.81
Average:       5    9.42    0.00    2.09    0.00    0.00    0.00    1.05    0.00   87.43
Average:       6   12.83    0.00    2.14    0.00    0.00    0.00    1.07    0.00   83.96
Average:       7   13.30    0.00    2.66    0.00    0.00    0.00    0.53    0.00   83.51
Average:       2    8.15    0.00    1.63    0.00    0.00    0.00    1.09    0.00   89.13
Average:       3    8.38    0.00    2.09    0.00    0.00    0.00    1.05    0.00   88.48
Average:       4    7.29    0.00    3.12    0.00    0.00    0.00    0.52    0.00   89.06
Average:       5   12.50    0.00    0.54    0.00    0.00    0.00    1.09    0.00   85.87
Average:       6   10.50    0.00    3.31    0.00    0.00    0.00    1.10    0.00   85.08
Average:       7   10.05    0.00    1.59    0.00    0.53    0.00    0.53    0.00   87.30
Average:       2   11.11    0.00    1.67    0.00    0.00    0.00    0.56    0.00   86.67
Average:       3    7.53    0.00    1.61    0.00    0.00    0.00    0.54    0.00   90.32
Average:       4   11.29    0.00    2.15    0.00    0.00    0.00    1.08    0.00   85.48
Average:       5   11.98    0.00    1.56    0.00    0.00    0.00    1.04    0.00   85.42
Average:       6    9.90    0.00    1.04    0.00    0.00    0.00    1.04    0.00   88.02
Average:       7    8.20    0.00    1.64    0.00    0.00    0.00    0.55    0.00   89.62
Average:       2    9.42    0.00    2.09    0.00    0.00    0.00    0.52    0.00   87.96
Average:       3   11.41    0.00    1.63    0.00    0.00    0.00    0.54    0.00   86.41
Average:       4   12.57    0.00    1.05    0.00    0.00    0.00    1.05    0.00   85.34
Average:       5   10.16    0.00    1.07    0.00    0.00    0.00    1.07    0.00   87.70
Average:       6    7.53    0.00    1.61    0.00    0.00    0.00    0.54    0.00   90.32
Average:       7    9.78    0.00    0.54    0.00    0.00    0.00    0.54    0.00   89.13
Average:       2    7.03    0.00    1.08    0.00    0.00    0.00    0.54    0.00   91.35
Average:       3    9.09    0.00    2.67    0.00    0.00    0.00    1.07    0.00   87.17
Average:       4   12.37    0.00    1.03    0.00    0.00    0.00    1.03    0.00   85.57
Average:       5   11.92    0.00    1.55    0.00    0.00    0.00    0.52    0.00   86.01
Average:       6    9.09    0.00    1.60    0.00    0.00    0.00    0.53    0.00   88.77
Average:       7   10.53    0.00    1.58    0.00    0.00    0.00    1.05    0.00   86.84
Average:       2   10.58    0.00    1.59    0.00    0.00    0.00    1.06    0.00   86.77
Average:       3   14.81    0.00    1.06    0.00    0.00    0.00    0.53    0.00   83.60
Average:       4    7.98    0.00    1.06    0.00    0.00    0.00    1.06    0.00   89.89
Average:       5    9.79    0.00    1.03    0.00    0.00    0.00    0.52    0.00   88.66
Average:       6    8.02    0.00    1.07    0.00    0.00    0.00    0.53    0.00   90.37
Average:       7    8.74    0.00    1.64    0.00    0.00    0.00    1.09    0.00   88.52
Average:       2   13.37    0.00    3.49    0.00    0.00    0.00    1.16    0.00   81.98
Average:       3    8.56    0.00    4.28    0.00    0.00    0.00    0.53    0.00   86.63
Average:       4    9.09    0.00    2.67    0.00    0.00    0.00    0.53    0.00   87.70
Average:       5   16.41    0.00    3.59    0.00    0.00    0.00    1.03    0.00   78.97
Average:       6    6.99    0.00    3.76    0.00    0.00    0.00    0.54    0.00   88.71
Average:       7    5.88    0.00    2.14    0.00    0.00    0.00    1.07    0.00   90.91
Average:       2    8.38    0.00    1.57    0.00    0.00    0.00    0.52    0.00   89.53
Average:       3   11.17    0.00    1.68    0.00    0.00    0.00    0.56    0.00   86.59
Average:       4   11.05    0.00    1.05    0.00    0.00    0.00    0.53    0.00   87.37
Average:       5    9.95    0.00    2.09    0.00    0.00    0.00    1.05    0.00   86.91
Average:       6    8.15    0.00    1.09    0.00    0.00    0.00    0.54    0.00   90.22
Average:       7   11.64    0.00    2.65    0.00    0.00    0.00    1.06    0.00   84.66
Average:       2    9.52    0.00    1.59    0.00    0.00    0.00    0.53    0.00   88.36
Average:       3   10.33    0.00    2.72    0.00    0.00    0.00    0.54    0.00   86.41
Average:       4   10.05    0.00    2.65    0.00    0.00    0.00    0.53    0.00   86.77
Average:       5   12.31    0.00    2.05    0.00    0.00    0.00    1.03    0.00   84.62
Average:       6   11.40    0.00    1.55    0.00    0.00    0.00    0.52    0.00   86.53
Average:       7    9.52    0.00    2.12    0.00    0.00    0.00    0.53    0.00   87.83
Average:       2   11.29    0.00    1.08    0.00    0.00    0.00    0.54    0.00   87.10
Average:       3    9.33    0.00    0.52    0.00    0.00    0.00    1.04    0.00   89.12
Average:       4   11.83    0.00    2.69    0.00    0.00    0.00    0.54    0.00   84.95
Average:       5   10.11    0.00    1.60    0.00    0.00    0.00    0.53    0.00   87.77
Average:       6    9.73    0.00    1.62    0.00    0.00    0.00    1.08    0.00   87.57
Average:       7    9.14    0.00    1.08    0.00    0.00    0.00    1.08    0.00   88.71
Average:       2   12.97    0.00    2.16    0.00    0.00    0.00    0.54    0.00   84.32
Average:       3    7.61    0.00    0.54    0.00    0.00    0.00    1.09    0.00   90.76
Average:       4   12.89    0.00    2.58    0.00    0.00    0.00    1.03    0.00   83.51
Average:       5   12.04    0.00    2.62    0.00    0.00    0.00    0.52    0.00   84.82
Average:       6   10.94    0.00    1.04    0.00    0.00    0.00    0.52    0.00   87.50
Average:       7    8.06    0.00    1.08    0.00    0.00    0.00    0.54    0.00   90.32
Average:       2    9.63    0.00    1.07    0.00    0.00    0.00    0.53    0.00   88.77
Average:       3    8.51    0.00    1.60    0.00    0.00    0.00    1.06    0.00   88.83
Average:       4   10.00    0.00    1.58    0.00    0.00    0.00    1.05    0.00   87.37
Average:       5    8.42    0.00    1.05    0.00    0.00    0.00    0.53    0.00   90.00
Average:       6    9.19    0.00    2.70    0.00    0.00    0.00    1.08    0.00   87.03
Average:       7    9.94    0.00    1.10    0.00    0.00    0.00    0.55    0.00   88.40
Average:       2   13.16    0.00    1.58    0.00    0.00    0.00    0.53    0.00   84.74
Average:       3   12.23    0.00    1.60    0.00    0.00    0.00    0.53    0.00   85.64
Average:       4    9.52    0.00    2.12    0.00    0.00    0.00    1.06    0.00   87.30
Average:       5   10.05    0.00    2.12    0.00    0.00    0.00    1.06    0.00   86.77
Average:       6   10.75    0.00    0.54    0.00    0.00    0.00    1.08    0.00   87.63
Average:       7    9.95    0.00    0.52    0.00    0.00    0.00    0.52    0.00   89.01
Average:       2   10.75    0.00    1.61    0.00    0.00    0.00    0.54    0.00   87.10
Average:       3   13.44    0.00    1.61    0.00    0.00    0.00    1.08    0.00   83.87
Average:       4    9.57    0.00    2.66    0.00    0.00    0.00    0.53    0.00   87.23
Average:       5   11.11    0.00    1.06    0.00    0.00    0.00    0.53    0.00   87.30
Average:       6    7.57    0.00    1.08    0.00    0.00    0.00    0.54    0.00   90.81
Average:       7   10.88    0.00    2.59    0.00    0.00    0.00    1.04    0.00   85.49
Average:       2   10.11    0.00    1.06    0.00    0.00    0.00    0.53    0.00   88.30
Average:       3    9.14    0.00    1.08    0.00    0.00    0.00    0.54    0.00   89.25
Average:       4   12.37    0.00    1.08    0.00    0.00    0.00    1.08    0.00   85.48
Average:       5    9.14    0.00    1.08    0.00    0.00    0.00    0.54    0.00   89.25
Average:       6    8.90    0.00    1.05    0.00    0.00    0.00    0.52    0.00   89.53
Average:       7    9.47    0.00    1.58    0.00    0.00    0.00    0.53    0.00   88.42
Average:       2    6.67    0.00    2.78    0.00    0.00    0.00    0.56    0.00   90.00
Average:       3   12.17    0.00    3.17    0.00    0.00    0.00    1.06    0.00   83.60
Average:       4    6.45    0.00    1.08    0.00    0.00    0.00    1.08    0.00   91.40
Average:       5   13.30    0.00    2.13    0.00    0.00    0.00    1.06    0.00   83.51
Average:       6   15.26    0.00    2.11    0.00    0.00    0.00    0.53    0.00   82.11
Average:       7    6.84    0.00    1.05    0.00    0.00    0.00    0.53    0.00   91.58
Average:       2    9.19    0.00    2.16    0.00    0.00    0.00    0.54    0.00   88.11
Average:       3   10.70    0.00    1.07    0.00    0.00    0.00    0.53    0.00   87.70
Average:       4   10.27    0.00    1.08    0.00    0.00    0.00    1.08    0.00   87.57
Average:       5   12.63    0.00    2.11    0.00    0.00    0.00    0.53    0.00   84.74
Average:       6    9.19    0.00    2.16    0.00    0.00    0.00    1.08    0.00   87.57
Average:       7   10.82    0.00    1.03    0.00    0.00    0.00    0.52    0.00   87.63
Average:       2    9.63    0.00    2.14    0.00    0.00    0.00    0.53    0.00   87.70
Average:       3   12.57    0.00    1.57    0.00    0.00    0.00    1.05    0.00   84.82
Average:       4    9.78    0.00    1.63    0.00    0.00    0.00    1.09    0.00   87.50
Average:       5   12.17    0.00    1.59    0.00    0.00    0.00    1.06    0.00   85.19
Average:       6    7.61    0.00    2.17    0.00    0.00    0.00    0.54    0.00   89.67
Average:       7    9.47    0.00    1.05    0.00    0.00    0.00    1.05    0.00   88.42
Average:       2   10.82    0.00    1.03    0.00    0.00    0.00    1.03    0.00   87.11
Average:       3    9.68    0.00    1.61    0.00    0.00    0.00    1.08    0.00   87.63
Average:       4   10.05    0.00    1.59    0.00    0.00    0.00    0.53    0.00   87.83
Average:       5   10.27    0.00    2.16    0.00    0.00    0.00    1.08    0.00   86.49
Average:       6    9.24    0.00    1.63    0.00    0.00    0.00    0.54    0.00   88.59
Average:       7   12.04    0.00    2.09    0.00    0.00    0.00    1.05    0.00   84.82
Average:       2    9.14    0.00    1.08    0.00    0.00    0.00    0.54    0.00   89.25
Average:       3    9.09    0.00    2.14    0.00    0.00    0.00    1.07    0.00   87.70
Average:       4    6.99    0.00    1.61    0.00    0.00    0.00    0.54    0.00   90.86
Average:       5   11.40    0.00    2.07    0.00    0.00    0.00    0.52    0.00   86.01
Average:       6    9.34    0.00    1.10    0.00    0.00    0.00    1.10    0.00   88.46
Average:       7   13.19    0.00    1.65    0.00    0.00    0.00    0.55    0.00   84.62
Average:       2    8.95    0.00    1.58    0.53    0.00    0.00    0.53    0.00   88.42
Average:       3    8.85    0.00    1.04    0.00    0.00    0.00    1.04    0.00   89.06
Average:       4   11.41    0.00    1.63    0.00    0.00    0.00    1.09    0.00   85.87
Average:       5    9.14    0.00    1.61    0.00    0.00    0.00    0.54    0.00   88.71
Average:       6   11.11    0.00    1.59    0.00    0.00    0.00    1.06    0.00   86.24
Average:       7   14.21    0.00    1.58    0.00    0.00    0.00    0.53    0.00   83.68
Average:       2    9.90    0.00    3.65    0.00    0.00    0.00    0.52    0.00   85.94
Average:       3    9.57    0.00    3.72    0.00    0.00    0.00    0.53    0.00   86.17
Average:       4   11.29    0.00    2.15    0.00    0.00    0.00    0.54    0.00   86.02
Average:       5   11.05    0.00    3.31    0.00    0.00    0.00    1.10    0.00   84.53
Average:       6    9.24    0.00    4.35    0.00    0.00    0.00    1.09    0.00   85.33
Average:       7    9.47    0.00    3.16    0.00    0.00    0.00    0.53    0.00   86.84
Average:       2   11.60    0.00    2.21    0.55    0.00    0.00    1.10    0.00   84.53
Average:       3   10.94    0.00    1.56    0.00    0.00    0.00    0.52    0.00   86.98
Average:       4   13.68    0.00    2.63    0.00    0.00    0.00    0.53    0.00   83.16
Average:       5   10.31    0.00    2.06    0.00    0.00    0.00    0.52    0.00   87.11
Average:       6    8.90    0.00    2.62    0.00    0.00    0.00    0.52    0.00   87.96
Average:       7   10.27    0.00    2.16    0.00    0.00    0.00    1.08    0.00   86.49
Average:       2   10.70    0.00    2.14    0.00    0.00    0.00    0.53    0.00   86.63
Average:       3   10.70    0.00    2.14    0.00    0.00    0.00    0.53    0.00   86.63
Average:       4   10.27    0.00    2.70    0.00    0.00    0.00    0.54    0.00   86.49
Average:       5    9.78    0.00    1.63    0.00    0.00    0.00    0.54    0.00   88.04
Average:       6    7.89    0.00    1.05    0.00    0.00    0.00    1.05    0.00   90.00
Average:       7   10.27    0.00    1.62    0.54    0.00    0.00    1.08    0.00   86.49
Average:       2    7.85    0.00    0.52    0.00    0.00    0.00    0.52    0.00   91.10
Average:       3   11.54    0.00    2.20    0.00    0.00    0.00    0.55    0.00   85.71
Average:       4    8.38    0.00    1.05    0.00    0.00    0.00    0.52    0.00   90.05
Average:       5    9.95    0.00    1.57    0.00    0.00    0.00    0.52    0.00   87.96
Average:       6   11.41    0.00    2.72    0.00    0.00    0.00    0.54    0.00   85.33
Average:       7   11.80    0.00    2.25    0.00    0.00    0.00    1.12    0.00   84.83
Average:       2   13.30    0.00    1.06    0.00    0.00    0.00    0.53    0.00   85.11
Average:       3    9.94    0.00    1.66    0.00    0.00    0.00    0.55    0.00   87.85
Average:       4    7.37    0.00    2.11    0.00    0.00    0.00    1.05    0.00   89.47
Average:       5    7.07    0.00    1.63    0.00    0.00    0.00    0.54    0.00   90.76
Average:       6    8.85    0.00    1.04    0.00    0.00    0.00    1.04    0.00   89.06
Average:       7   16.04    0.00    2.14    0.00    0.00    0.00    1.07    0.00   80.75
Average:       2    9.19    0.00    2.70    0.00    0.00    0.00    0.54    0.00   87.57
Average:       3   10.33    0.00    2.17    0.00    0.00    0.00    1.09    0.00   86.41
Average:       4    8.56    0.00    1.60    0.00    0.00    0.00    0.53    0.00   89.30
Average:       5    6.56    0.00    2.73    0.00    0.00    0.00    1.09    0.00   89.62
Average:       6   10.05    0.00    1.06    0.00    0.00    0.00    0.53    0.00   88.36
Average:       7   11.52    0.00    1.57    0.00    0.00    0.00    1.05    0.00   85.86
Average:       2   11.05    0.00    0.53    0.00    0.00    0.00    1.05    0.00   87.37
Average:       3    9.09    0.00    2.14    0.00    0.00    0.00    0.53    0.00   88.24
Average:       4    9.19    0.00    1.08    0.00    0.00    0.00    0.54    0.00   89.19
Average:       5    6.95    0.00    1.60    0.00    0.00    0.00    1.07    0.00   90.37
Average:       6   16.22    0.00    2.16    0.00    0.00    0.00    1.08    0.00   80.54
