Average:       0    0.25    0.00    0.00   99.50    0.00    0.00    0.00    0.00    0.25
Average:       0   61.97    0.00    9.40    1.28    0.00    0.00    0.00    0.00   27.35
Average:       0   24.68    0.00    3.21    0.96    0.00    0.00    0.00    0.00   71.15
Average:       0   46.72    0.00    6.95   15.44    0.00    0.00    0.00    0.00   30.89
Average:       0   44.53    0.00    6.04    1.51    0.00    0.00    0.00    0.00   47.92
Average:       0   26.23    0.00    4.59    9.18    0.00    0.00    0.33    0.00   59.67
Average:       0   26.89    0.00    4.92   19.67    0.00    0.33    0.00    0.00   48.20
Average:       0   20.00    0.00    2.77    0.62    0.00    0.00    0.00    0.00   76.62
Average:       0   26.32    0.00    3.95   44.74    0.00    0.00    0.33    0.00   24.67
Average:       0   54.29    0.00    7.76    8.57    0.00    0.00    0.00    0.00   29.39
Average:       0   32.99    0.00    6.25   13.54    0.00    0.00    0.00    0.00   47.22
Average:       0    3.41    0.00    1.05   49.87    0.00    0.00    0.00    0.00   45.67
Average:       0    2.59    0.00    0.26   82.12    0.00    0.00    0.00    0.00   15.03
Average:       0   11.05    0.00    0.57    0.00    0.00    0.00    0.28    0.00   88.10
Average:       0   12.50    0.00    0.28    0.00    0.00    0.00    0.00    0.00   87.22
Average:       0   11.97    0.00    0.28    0.00    0.00    0.00    0.00    0.00   87.75
Average:       0   13.84    0.00    0.56    0.00    0.00    0.00    0.00    0.00   85.59
Average:       0   12.99    0.00    0.30    0.00    0.00    0.00    0.00    0.00   86.71
Average:       0   13.43    0.00    0.00    0.00    0.00    0.00    0.00    0.00   86.57
Average:       0   12.50    0.00    0.57    0.57    0.00    0.00    0.00    0.00   86.36
Average:       0   13.56    0.00    0.00    0.00    0.00    0.00    0.28    0.00   86.16
Average:       0   99.00    0.00    1.00    0.00    0.00    0.00    0.00    0.00    0.00
Average:       0  100.00    0.00    0.00    0.00    0.00    0.00    0.00    0.00    0.00
Average:       0   13.88    0.00    0.00    0.00    0.00    0.00    0.00    0.00   86.12
Average:       0   13.07    0.00    0.28    0.28    0.00    0.00    0.00    0.00   86.36
Average:       0   12.36    0.00    0.56    0.00    0.00    0.00    0.00    0.00   87.08
Average:       0   12.54    0.00    0.57    0.57    0.00    0.00    0.28    0.00   86.04
Average:       0   12.04    0.00    0.28    0.00    0.00    0.00    0.00    0.00   87.68
Average:       0   11.68    0.00    0.00    0.00    0.00    0.00    0.00    0.00   88.32
Average:       0   12.54    0.00    0.00    0.85    0.00    0.00    0.00    0.00   86.61
Average:       0   13.47    0.00    0.29    0.00    0.00    0.00    0.00    0.00   86.25
Average:       0   12.78    0.00    0.28    0.28    0.00    0.00    0.00    0.00   86.65
Average:       0   14.99    0.00    0.29    0.00    0.00    0.00    0.00    0.00   84.73
Average:       0   14.37    0.00    0.29    0.00    0.00    0.00    0.29    0.00   85.06
Average:       0   12.82    0.00    0.57    0.00    0.00    0.00    0.00    0.00   86.61
Average:       0   13.03    0.00    0.28    0.00    0.00    0.00    0.00    0.00   86.69
Average:       0   12.00    0.00    0.57    0.29    0.00    0.00    0.00    0.00   87.14
Average:       0   13.11    0.00    0.57    0.00    0.00    0.00    0.00    0.00   86.32
Average:       0   13.43    0.00    0.29    0.00    0.00    0.00    0.00    0.00   86.29
Average:       0   15.94    0.00    0.29    0.29    0.00    0.00    0.00    0.00   83.48
Average:       0   14.78    0.00    0.29    0.00    0.00    0.00    0.00    0.00   84.93
Average:       0   10.92    0.00    0.28    0.00    0.00    0.00    0.00    0.00   88.80
Average:       0   22.02    0.00    0.31    0.00    0.00    0.00    0.00    0.00   77.68
Average:       0   11.73    0.00    0.28    0.00    0.00    0.00    0.00    0.00   87.99
Average:       0   12.57    0.00    0.00    0.84    0.00    0.00    0.28    0.00   86.31
Average:       0   11.20    0.00    0.28    0.00    0.00    0.00    0.00    0.00   88.52
Average:       0   12.08    0.00    0.00    0.28    0.00    0.00    0.00    0.00   87.64
Average:       0   11.11    0.00    0.28    0.00    0.00    0.00    0.00    0.00   88.61
Average:       0   11.17    0.00    0.28    0.28    0.00    0.00    0.00    0.00   88.27
Average:       0   11.17    0.00    0.56    0.00    0.00    0.00    0.28    0.00   87.99
Average:       0   11.76    0.00    0.00    0.00    0.00    0.00    0.00    0.00   88.24
Average:       0   11.55    0.00    0.00    0.28    0.00    0.00    0.00    0.00   88.17
Average:       0   11.45    0.00    0.56    0.00    0.00    0.00    0.00    0.00   87.99
Average:       0   11.24    0.00    0.28    0.00    0.00    0.00    0.00    0.00   88.48
Average:       0   11.48    0.00    0.28    0.00    0.00    0.00    0.00    0.00   88.24
Average:       0   11.80    0.00    0.28    0.00    0.00    0.00    0.00    0.00   87.92
Average:       0   11.24    0.00    0.00    0.84    0.00    0.00    0.00    0.00   87.92
Average:       0   11.76    0.00    0.56    0.00    0.00    0.00    0.00    0.00   87.68
Average:       0   11.52    0.00    0.28    0.28    0.00    0.00    0.00    0.00   87.92
Average:       0   11.20    0.00    0.00    0.00    0.00    0.00    0.00    0.00   88.80
Average:       0   11.24    0.00    0.28    0.00    0.00    0.00    0.00    0.00   88.48
Average:       0   11.76    0.00    0.00    0.56    0.00    0.00    0.00    0.00   87.68
Average:       0   13.52    0.00    0.00    0.00    0.00    0.00    0.00    0.00   86.48
Average:       0   11.55    0.00    0.28    0.00    0.00    0.00    0.00    0.00   88.17
Average:       0   11.17    0.00    0.56    0.00    0.00    0.00    0.00    0.00   88.27
Average:       0   13.03    0.00    0.00    0.28    0.00    0.00    0.00    0.00   86.69
Average:       0   11.14    0.00    0.84    0.00    0.00    0.00    0.00    0.00   88.02
Average:       0   12.89    0.00    0.56    0.00    0.00    0.00    0.00    0.00   86.55
Average:       0   12.08    0.00    0.28    0.00    0.00    0.00    0.00    0.00   87.64
Average:       0  100.00    0.00    0.00    0.00    0.00    0.00    0.00    0.00    0.00
Average:       0   99.50    0.00    0.50    0.00    0.00    0.00    0.00    0.00    0.00
Average:       0   11.52    0.00    0.28    0.00    0.00    0.00    0.00    0.00   88.20
Average:       0   12.99    0.00    0.00    0.00    0.00    0.00    0.00    0.00   87.01
Average:       0   11.90    0.00    0.57    0.00    0.00    0.00    0.00    0.00   87.54
Average:       0   11.80    0.00    0.00    0.00    0.00    0.00    0.00    0.00   88.20
Average:       0   13.24    0.00    0.56    0.00    0.00    0.00    0.00    0.00   86.20
Average:       0   12.64    0.00    0.28    0.00    0.00    0.00    0.00    0.00   87.08
Average:       0   12.18    0.00    0.00    0.00    0.00    0.00    0.00    0.00   87.82
Average:       0   12.99    0.00    0.56    0.00    0.00    0.00    0.00    0.00   86.44
Average:       0   11.80    0.00    0.56    0.00    0.00    0.00    0.00    0.00   87.64
Average:       0   11.80    0.00    0.28    0.00    0.00    0.00    0.00    0.00   87.92
Average:       0   14.49    0.00    0.28    0.00    0.00    0.00    0.00    0.00   85.23
Average:       0   12.99    0.00    0.00    0.00    0.00    0.00    0.00    0.00   87.01
Average:       0   13.07    0.00    0.57    1.99    0.00    0.00    0.00    0.00   84.38
Average:       0   12.50    0.00    0.00    0.00    0.00    0.00    0.00    0.00   87.50
Average:       0   13.20    0.00    0.56    0.56    0.00    0.00    0.00    0.00   85.67
Average:       0   12.96    0.00    0.56    0.00    0.00    0.00    0.00    0.00   86.48
Average:       0   14.25    0.00    0.00    0.28    0.00    0.00    0.00    0.00   85.47
Average:       0   13.56    0.00    0.28    0.00    0.00    0.00    0.00    0.00   86.16
Average:       0   13.03    0.00    0.28    0.00    0.00    0.00    0.00    0.00   86.69
Average:       0   13.60    0.00    0.00    0.57    0.00    0.00    0.00    0.00   85.84
Average:       0   13.39    0.00    0.28    0.00    0.00    0.00    0.00    0.00   86.32
Average:       0  100.00    0.00    0.00    0.00    0.00    0.00    0.00    0.00    0.00
Average:       0   99.50    0.00    0.50    0.00    0.00    0.00    0.00    0.00    0.00
Average:       0  100.00    0.00    0.00    0.00    0.00    0.00    0.00    0.00    0.00
Average:       0   12.86    0.00    0.57    0.00    0.00    0.00    0.00    0.00   86.57
Average:       0   12.50    0.00    0.28    0.00    0.00    0.00    0.00    0.00   87.22
Average:       0   11.93    0.00    0.28    0.28    0.00    0.00    0.00    0.00   87.50
Average:       0   12.57    0.00    0.29    0.00    0.00    0.00    0.00    0.00   87.14
Average:       0   13.60    0.00    0.57    0.00    0.00    0.00    0.28    0.00   85.55
Average:       0   12.68    0.00    0.00    0.85    0.00    0.00    0.00    0.00   86.48
Average:       0   13.07    0.00    0.00    0.00    0.00    0.00    0.00    0.00   86.93
Average:       0   11.97    0.00    0.57    0.57    0.00    0.00    0.00    0.00   86.89
Average:       0   12.43    0.00    0.56    0.00    0.00    0.00    0.00    0.00   87.01
Average:       0   14.20    0.00    0.28    0.00    0.00    0.00    0.00    0.00   85.51
Average:       0   13.88    0.00    0.00    0.28    0.00    0.00    0.00    0.00   85.84
Average:       0   13.03    0.00    0.57    0.00    0.00    0.00    0.00    0.00   86.40
Average:       0   13.31    0.00    0.28    0.00    0.00    0.00    0.00    0.00   86.40
Average:       0   24.21    0.00    0.31    3.46    0.00    0.00    0.00    0.00   72.01
Average:       0   57.02    0.00    8.26    4.13    0.00    0.00    0.00    0.00   30.58
Average:       0   43.98    0.00    6.77    0.00    0.00    0.00    0.00    0.00   49.25
Average:       0   29.39    0.00    4.39    0.34    0.00    0.00    0.00    0.00   65.88
Average:       0   48.03    0.00    7.09   20.87    0.00    0.00    0.00    0.00   24.02
Average:       0   61.11    0.00    8.55    0.43    0.00    0.00    0.00    0.00   29.91
Average:       0   27.91    0.00    3.32   39.87    0.00    0.00    0.00    0.00   28.90
Average:       0   30.95    0.00    4.42    0.68    0.00    0.00    0.00    0.00   63.95
Average:       0   44.11    0.00    6.46    0.76    0.00    0.00    0.00    0.00   48.67
Average:       0   31.85    0.00    4.45   16.44    0.00    0.00    0.00    0.00   47.26
Average:       0   26.56    0.00    3.93    0.33    0.00    0.00    0.33    0.00   68.85
Average:       0   28.62    0.00    5.05   24.24    0.00    0.00    0.00    0.00   42.09
Average:       0   11.61    0.00    0.00    0.00    0.00    0.00    0.00    0.00   88.39
Average:       0   13.03    0.00    0.28    0.00    0.00    0.00    0.00    0.00   86.69
Average:       0   11.65    0.00    0.28    7.67    0.00    0.00    0.00    0.00   80.40
Average:       0   13.52    0.00    0.28    0.00    0.00    0.00    0.00    0.00   86.20
Average:       0   13.03    0.00    0.28    0.00    0.00    0.00    0.00    0.00   86.69
Average:       0   13.28    0.00    0.00    0.00    0.00    0.00    0.00    0.00   86.72
Average:       0   56.25    0.00    0.39    0.00    0.00    0.00    0.00    0.00   43.36
Average:       0   11.17    0.00    0.56    0.28    0.00    0.00    0.28    0.00   87.71
Average:       0   13.28    0.00    0.28    0.00    0.00    0.00    0.00    0.00   86.44
Average:       0   11.58    0.00    0.00    0.28    0.00    0.00    0.00    0.00   88.14
Average:       0   12.22    0.00    0.00    0.00    0.00    0.00    0.00    0.00   87.78
Average:       0   12.15    0.00    0.28    0.00    0.00    0.00    0.00    0.00   87.57
Average:       0   13.03    0.00    0.00    0.00    0.00    0.00    0.00    0.00   86.97
Average:       0   12.71    0.00    0.85    0.00    0.00    0.00    0.00    0.00   86.44
Average:       0   11.80    0.00    0.56    2.81    0.00    0.00    0.00    0.00   84.83
Average:       0   12.36    0.00    0.28    0.00    0.00    0.00    0.00    0.00   87.36
Average:       0   11.65    0.00    0.28    1.42    0.00    0.00    0.00    0.00   86.65
Average:       0   12.68    0.00    0.56    0.00    0.00    0.00    0.00    0.00   86.76
Average:       0   12.46    0.00    0.28    0.00    0.00    0.00    0.00    0.00   87.25
Average:       0   14.45    0.00    0.00    2.83    0.00    0.00    0.00    0.00   82.72
Average:       0   13.96    0.00    0.57    0.00    0.00    0.00    0.00    0.00   85.47
Average:       0   13.88    0.00    0.57    0.85    0.00    0.00    0.00    0.00   84.70
Average:       0   13.39    0.00    0.28    0.00    0.00    0.00    0.00    0.00   86.32
Average:       0   13.11    0.00    0.28    0.00    0.00    0.00    0.00    0.00   86.61
Average:       0   12.86    0.00    0.29    0.00    0.00    0.00    0.00    0.00   86.86
Average:       0   13.18    0.00    0.29    0.00    0.00    0.00    0.00    0.00   86.53
Average:       0   13.39    0.00    0.28    0.00    0.00    0.00    0.00    0.00   86.32
Average:       0   12.54    0.00    0.57    0.00    0.00    0.00    0.00    0.00   86.89
Average:       0   13.92    0.00    0.28    0.00    0.00    0.00    0.00    0.00   85.80
Average:       0   12.39    0.00    0.28    0.00    0.00    0.00    0.00    0.00   87.32
Average:       0   99.50    0.00    0.50    0.00    0.00    0.00    0.00    0.00    0.00
Average:       0   13.43    0.00    0.29    1.71    0.00    0.00    0.00    0.00   84.57
Average:       0   14.81    0.00    0.28    0.00    0.00    0.00    0.00    0.00   84.90
Average:       0   14.90    0.00    0.29    0.00    0.00    0.00    0.00    0.00   84.81
Average:       0   14.16    0.00    0.29    0.29    0.00    0.00    0.00    0.00   85.26
Average:       0   13.29    0.00    0.58    0.00    0.00    0.00    0.00    0.00   86.13
Average:       0   13.83    0.00    0.29    0.00    0.00    0.00    0.00    0.00   85.88
Average:       0   15.85    0.00    0.58    0.00    0.00    0.00    0.00    0.00   83.57
Average:       0   14.41    0.00    0.29    0.00    0.00    0.00    0.00    0.00   85.30
Average:       0   13.14    0.00    0.57    0.29    0.00    0.00    0.00    0.00   86.00
Average:       0   15.19    0.00    0.57    0.00    0.00    0.00    0.00    0.00   84.24
Average:       0   14.33    0.00    0.29    0.00    0.00    0.00    0.00    0.00   85.39
Average:       0   15.32    0.00    0.58    0.00    0.00    0.00    0.00    0.00   84.10
Average:       0   14.12    0.00    0.29    0.58    0.00    0.00    0.00    0.00   85.01
Average:       0   13.47    0.00    0.29    0.00    0.00    0.00    0.00    0.00   86.25
Average:       0   14.00    0.00    0.57    0.00    0.00    0.00    0.00    0.00   85.43
Average:       0   14.37    0.00    0.29    0.00    0.00    0.00    0.00    0.00   85.34
Average:       0   15.52    0.00    0.57    0.00    0.00    0.00    0.00    0.00   83.91
Average:       0   14.33    0.00    0.29    0.00    0.00    0.00    0.00    0.00   85.39
Average:       0   15.23    0.00    0.29    0.00    0.00    0.00    0.00    0.00   84.48
Average:       0   13.87    0.00    0.58    0.00    0.00    0.00    0.00    0.00   85.55
Average:       0  100.00    0.00    0.00    0.00    0.00    0.00    0.00    0.00    0.00
Average:       0   99.50    0.00    0.50    0.00    0.00    0.00    0.00    0.00    0.00
Average:       0   15.12    0.00    0.29    0.00    0.00    0.00    0.00    0.00   84.59
Average:       0   11.55    0.00    0.00    0.00    0.00    0.00    0.00    0.00   88.45
Average:       0   11.24    0.00    0.28    0.00    0.00    0.00    0.00    0.00   88.48
Average:       0   12.71    0.00    0.28    0.56    0.00    0.00    0.00    0.00   86.44
Average:       0   12.96    0.00    0.28    0.00    0.00    0.00    0.00    0.00   86.76
Average:       0   12.39    0.00    0.28    1.97    0.00    0.00    0.00    0.00   85.35
Average:       0   13.92    0.00    0.57    0.00    0.00    0.00    0.00    0.00   85.51
Average:       0   12.39    0.00    0.56    0.00    0.00    0.00    0.00    0.00   87.04
Average:       0   11.90    0.00    0.28    0.57    0.00    0.00    0.00    0.00   87.25
Average:       0   12.18    0.00    0.28    0.00    0.00    0.00    0.00    0.00   87.54
Average:       0   11.86    0.00    0.00    0.28    0.00    0.00    0.28    0.00   87.57
Average:       0   12.99    0.00    0.28    0.00    0.00    0.00    0.00    0.00   86.72
Average:       0   12.15    0.00    0.28    0.00    0.00    0.00    0.00    0.00   87.57
Average:       0   11.52    0.00    0.56    0.00    0.00    0.00    0.00    0.00   87.92
Average:       0   13.56    0.00    0.00    0.00    0.00    0.00    0.00    0.00   86.44
Average:       0   13.28    0.00    0.28    0.56    0.00    0.00    0.28    0.00   85.59
Average:       0   13.07    0.00    0.00    0.00    0.00    0.00    0.00    0.00   86.93
Average:       0   12.50    0.00    0.28    0.57    0.00    0.00    0.00    0.00   86.65
Average:       0   12.46    0.00    0.85    0.00    0.00    0.00    0.00    0.00   86.69
Average:       0   12.75    0.00    0.28    0.00    0.00    0.00    0.00    0.00   86.97
Average:       0   12.71    0.00    0.28    0.28    0.00    0.00    0.00    0.00   86.72
Average:       0   11.86    0.00    0.28    0.00    0.00    0.00    0.00    0.00   87.85
Average:       0   12.96    0.00    0.28    0.00    0.00    0.00    0.00    0.00   86.76
Average:       0  100.00    0.00    0.00    0.00    0.00    0.00    0.00    0.00    0.00
Average:       0   12.64    0.00    0.28    0.00    0.00    0.00    0.00    0.00   87.08
Average:       0   13.71    0.00    0.57    0.29    0.00    0.00    0.00    0.00   85.43
Average:       0   14.00    0.00    0.00    0.00    0.00    0.00    0.00    0.00   86.00
Average:       0   12.57    0.00    0.29    0.00    0.00    0.00    0.00    0.00   87.14
Average:       0   12.54    0.00    0.57    0.00    0.00    0.00    0.00    0.00   86.89
Average:       0   13.03    0.00    0.28    1.42    0.00    0.00    0.00    0.00   85.27
Average:       0   14.57    0.00    0.00    0.00    0.00    0.00    0.00    0.00   85.43
Average:       0   13.35    0.00    0.28    0.00    0.00    0.00    0.00    0.00   86.36
Average:       0   13.83    0.00    0.58    0.29    0.00    0.00    0.00    0.00   85.30
Average:       0   12.57    0.00    0.29    0.00    0.00    0.00    0.00    0.00   87.14
Average:       0   14.12    0.00    0.58    0.00    0.00    0.00    0.00    0.00   85.30
Average:       0   15.95    0.00    0.00    0.00    0.00    0.00    0.00    0.00   84.05
Average:       0   12.64    0.00    0.57    0.00    0.00    0.00    0.00    0.00   86.78
Average:       0   15.14    0.00    0.29    0.29    0.00    0.00    0.00    0.00   84.29
Average:       0   13.75    0.00    0.00    0.00    0.00    0.00    0.00    0.00   86.25
Average:       0    0.00    0.00    0.00    0.50    0.00    0.00    0.00    0.00   99.50
Average:       0   26.71    0.00    2.93    0.33    0.00    0.00    0.00    0.00   70.03
Average:       0   23.96    0.00    2.56   15.97    0.00    0.00    0.00    0.00   57.51
Average:       0   26.89    0.00    3.28    6.56    0.00    0.00    0.00    0.00   63.28
Average:       0   24.60    0.00    2.88    0.32    0.00    0.00    0.00    0.00   72.20
Average:       0   44.87    0.00    6.08   20.53    0.00    0.00    0.38    0.00   28.14
Average:       0   31.63    0.00    3.74    0.34    0.00    0.00    0.00    0.00   64.29
Average:       0   39.19    0.00    6.59    5.49    0.00    0.00    0.00    0.00   48.72
Average:       0   25.08    0.00    4.23   10.10    0.00    0.00    0.33    0.00   60.26
Average:       0   47.13    0.00    5.75    1.53    0.00    0.00    0.00    0.00   45.59
Average:       0   25.32    0.00    3.90   24.03    0.00    0.00    0.00    0.00   46.75
Average:       0   13.03    0.00    0.28    0.00    0.00    0.00    0.00    0.00   86.69
Average:       0   12.21    0.00    2.33    0.00    0.00    0.00    0.00    0.00   85.47
Average:       0   12.75    0.00    0.57    0.57    0.00    0.00    0.00    0.00   86.12
Average:       0   13.11    0.00    0.00    0.00    0.00    0.00    0.00    0.00   86.89
Average:       0   12.75    0.00    0.28    2.83    0.00    0.00    0.00    0.00   84.14
Average:       0   12.50    0.00    0.28    0.00    0.00    0.00    0.00    0.00   87.22
Average:       0   13.64    0.00    0.28    0.00    0.00    0.00    0.00    0.00   86.08
Average:       0   13.71    0.00    0.57    1.71    0.00    0.00    0.00    0.00   84.00
Average:       0   14.25    0.00    0.28    0.00    0.00    0.00    0.00    0.00   85.47
Average:       0   13.96    0.00    0.28    0.57    0.00    0.00    0.00    0.00   85.19
Average:       0   13.11    0.00    0.28    0.00    0.00    0.00    0.00    0.00   86.61
Average:       0   14.04    0.00    0.29    0.00    0.00    0.00    0.00    0.00   85.67
Average:       0   18.86    0.00    0.60    0.00    0.00    0.00    0.00    0.00   80.54
Average:       0   17.35    0.00    0.29    0.00    0.00    0.00    0.00    0.00   82.35
Average:       0   11.42    0.00    0.56    0.28    0.00    0.00    0.00    0.00   87.74
Average:       0   10.58    0.00    0.56    0.00    0.00    0.00    0.00    0.00   88.86
Average:       0   11.20    0.00    0.56    0.56    0.00    0.00    0.28    0.00   87.39
Average:       0   10.86    0.00    0.28    0.00    0.00    0.00    0.00    0.00   88.86
Average:       0   12.36    0.00    0.00    0.00    0.00    0.00    0.00    0.00   87.64
Average:       0   11.76    0.00    0.28    1.96    0.00    0.00    0.00    0.00   85.99
Average:       0   11.70    0.00    0.28    0.00    0.00    0.00    0.00    0.00   88.02
Average:       0   11.14    0.00    0.28    0.28    0.00    0.00    0.00    0.00   88.30
Average:       0   11.17    0.00    0.28    0.00    0.00    0.00    0.00    0.00   88.55
Average:       0   12.36    0.00    0.00    0.00    0.00    0.00    0.00    0.00   87.64
Average:       0   11.17    0.00    0.28    1.12    0.00    0.00    0.00    0.00   87.43
Average:       0   11.70    0.00    0.00    0.00    0.00    0.00    0.00    0.00   88.30
Average:       0   10.67    0.00    0.00    0.00    0.00    0.00    0.00    0.00   89.33
Average:       0   13.31    0.00    0.00    0.00    0.00    0.00    0.00    0.00   86.69
Average:       0   12.32    0.00    0.00    0.00    0.00    0.00    0.00    0.00   87.68
Average:       0   13.17    0.00    0.56    0.28    0.00    0.00    0.28    0.00   85.71
Average:       0   10.67    0.00    0.00    0.00    0.00    0.00    0.00    0.00   89.33
Average:       0   11.70    0.00    0.56    0.56    0.00    0.00    0.00    0.00   87.19
Average:       0   12.04    0.00    0.00    0.00    0.00    0.00    0.00    0.00   87.96
Average:       0   11.45    0.00    0.56    0.00    0.00    0.00    0.00    0.00   87.99
Average:       0   12.01    0.00    0.00    0.56    0.00    0.00    0.00    0.00   87.43
Average:       0   11.17    0.00    0.00    0.00    0.00    0.00    0.00    0.00   88.83
Average:       0   11.70    0.00    0.28    0.56    0.00    0.00    0.00    0.00   87.47
Average:       0   10.64    0.00    0.28    0.00    0.00    0.00    0.28    0.00   88.80
Average:       0   10.36    0.00    0.28    0.00    0.00    0.00    0.00    0.00   89.36
Average:       0   10.64    0.00    0.56    0.00    0.00    0.00    0.00    0.00   88.80
Average:       0   12.04    0.00    0.28    0.00    0.00    0.00    0.00    0.00   87.68
Average:       0   11.20    0.00    0.28    0.28    0.00    0.00    0.00    0.00   88.24
Average:       0   13.14    0.00    0.29    0.57    0.00    0.00    0.00    0.00   86.00
Average:       0   11.55    0.00    0.28    0.28    0.00    0.00    0.00    0.00   87.89
Average:       0   12.36    0.00    0.28    0.00    0.00    0.00    0.00    0.00   87.36
Average:       0   12.99    0.00    0.28    0.00    0.00    0.00    0.00    0.00   86.72
Average:       0   11.83    0.00    0.56    0.56    0.00    0.00    0.00    0.00   87.04
Average:       0   11.55    0.00    0.28    0.00    0.00    0.00    0.00    0.00   88.17
Average:       0   13.24    0.00    0.28    0.28    0.00    0.00    0.00    0.00   86.20
Average:       0   11.48    0.00    0.00    0.00    0.00    0.00    0.00    0.00   88.52
Average:       0   12.11    0.00    0.56    0.00    0.00    0.00    0.00    0.00   87.32
Average:       0   12.18    0.00    0.00    0.00    0.00    0.00    0.00    0.00   87.82
Average:       0   13.07    0.00    0.57    0.00    0.00    0.00    0.00    0.00   86.36
Average:       0   12.68    0.00    0.56    0.00    0.00    0.00    0.00    0.00   86.76
Average:       0   12.43    0.00    0.28    0.00    0.00    0.00    0.00    0.00   87.29
Average:       0   12.46    0.00    0.28    1.98    0.00    0.00    0.28    0.00   84.99
Average:       0   13.60    0.00    0.28    0.00    0.00    0.00    0.00    0.00   86.12
Average:       0   11.45    0.00    0.00    0.00    0.00    0.00    0.00    0.00   88.55
Average:       0   12.46    0.00    0.00    0.28    0.00    0.00    0.00    0.00   87.25
Average:       0   13.76    0.00    0.28    0.00    0.00    0.00    0.00    0.00   85.96
Average:       0   12.75    0.00    0.00    0.00    0.00    0.00    0.00    0.00   87.25
Average:       0   13.28    0.00    0.56    0.00    0.00    0.00    0.00    0.00   86.16
Average:       0   12.43    0.00    0.00    0.00    0.00    0.00    0.00    0.00   87.57
Average:       0   13.03    0.00    0.28    0.00    0.00    0.00    0.28    0.00   86.40
Average:       0   13.35    0.00    0.00    0.00    0.00    0.00    0.00    0.00   86.65
Average:       0   12.82    0.00    0.00    0.85    0.00    0.00    0.00    0.00   86.32
Average:       0   13.60    0.00    0.28    0.00    0.00    0.00    0.00    0.00   86.12
Average:       0   12.71    0.00    0.28    0.00    0.00    0.00    0.00    0.00   87.01
Average:       0  100.00    0.00    0.00    0.00    0.00    0.00    0.00    0.00    0.00
Average:       0   99.00    0.00    1.00    0.00    0.00    0.00    0.00    0.00    0.00
Average:       0   14.33    0.00    0.00    0.57    0.00    0.00    0.00    0.00   85.10
Average:       0   12.46    0.00    0.28    0.00    0.00    0.00    0.00    0.00   87.25
Average:       0   11.97    0.00    0.28    0.00    0.00    0.00    0.00    0.00   87.75
Average:       0   12.46    0.00    0.57    0.57    0.00    0.00    0.00    0.00   86.40
Average:       0   13.35    0.00    0.28    0.00    0.00    0.00    0.00    0.00   86.36
Average:       0   12.04    0.00    0.28    0.28    0.00    0.00    0.00    0.00   87.39
Average:       0   13.03    0.00    0.00    0.00    0.00    0.00    0.00    0.00   86.97
Average:       0   11.33    0.00    0.57    2.27    0.00    0.00    0.00    0.00   85.84
Average:       0   12.15    0.00    0.28    0.00    0.00    0.00    0.00    0.00   87.57
Average:       0   12.50    0.00    0.00    0.00    0.00    0.00    0.00    0.00   87.50
Average:       0   12.22    0.00    0.85    0.00    0.00    0.00    0.00    0.00   86.93
Average:       0   13.31    0.00    0.28    0.00    0.00    0.00    0.00    0.00   86.40
Average:       0   12.43    0.00    0.56    0.00    0.00    0.00    0.00    0.00   87.01
Average:       0   13.14    0.00    0.29    0.00    0.00    0.00    0.00    0.00   86.57
Average:       0   92.27    0.00    0.00    0.00    0.00    0.00    0.00    0.00    7.73
Average:       0   13.03    0.00    0.57    0.57    0.00    0.00    0.00    0.00   85.84
Average:       0   15.99    0.00    0.29    0.00    0.00    0.00    0.00    0.00   83.72
Average:       0   14.45    0.00    0.58    0.00    0.00    0.00    0.00    0.00   84.97
Average:       0   13.22    0.00    0.29    0.00    0.00    0.00    0.00    0.00   86.49
Average:       0   13.43    0.00    0.00    0.00    0.00    0.00    0.00    0.00   86.57
Average:       0   16.57    0.00    0.58    0.00    0.00    0.00    0.00    0.00   82.85
Average:       0    0.00    0.00    0.00    0.00    0.00    0.00    0.00    0.00  100.00
Average:       0   59.07    0.00    8.02   17.30    0.00    0.00    0.00    0.00   15.61
Average:       0   62.45    0.00    7.17    0.42    0.00    0.00    0.00    0.00   29.96
Average:       0   27.42    0.00    3.68   24.08    0.00    0.00    0.00    0.00   44.82
Average:       0   35.82    0.00    5.67    4.26    0.00    0.00    0.00    0.00   54.26
Average:       0   33.45    0.00    4.83    0.69    0.00    0.00    0.00    0.00   61.03
Average:       0   41.57    0.00    7.49   23.60    0.00    0.00    0.00    0.00   27.34
Average:       0    9.80    0.00    1.12    0.00    0.00    0.00    0.00    0.00   89.08
Average:       0   32.52    0.00    6.29   25.17    0.00    0.00    0.00    0.00   36.01
Average:       0   35.11    0.00    6.03   14.18    0.00    0.00    0.00    0.00   44.68
Average:       0   26.06    0.00    4.23    0.33    0.00    0.00    0.00    0.00   69.38
Average:       0   99.50    0.00    0.50    0.00    0.00    0.00    0.00    0.00    0.00
Average:       0   11.56    0.00    2.89    0.00    0.00    0.00    0.00    0.00   85.55
Average:       0   12.32    0.00    0.00    0.00    0.00    0.00    0.00    0.00   87.68
Average:       0   12.04    0.00    0.28    1.12    0.00    0.00    0.00    0.00   86.55
Average:       0   11.27    0.00    0.28    0.00    0.00    0.00    0.00    0.00   88.45
Average:       0   11.27    0.00    0.28    0.56    0.00    0.00    0.00    0.00   87.89
Average:       0   11.80    0.00    0.28    0.00    0.00    0.00    0.00    0.00   87.92
Average:       0   12.08    0.00    0.00    0.56    0.00    0.00    0.00    0.00   87.36
Average:       0   12.39    0.00    0.00    0.00    0.00    0.00    0.00    0.00   87.61
Average:       0   13.20    0.00    0.00    0.00    0.00    0.00    0.00    0.00   86.80
Average:       0   11.48    0.00    0.28    0.28    0.00    0.00    0.00    0.00   87.96
Average:       0   10.96    0.00    0.56    0.00    0.00    0.00    0.00    0.00   88.48
Average:       0   12.15    0.00    0.00    0.28    0.00    0.00    0.00    0.00   87.57
Average:       0   11.48    0.00    0.00    0.00    0.00    0.00    0.00    0.00   88.52
Average:       0   11.24    0.00    0.56    0.00    0.00    0.00    0.00    0.00   88.20
Average:       0   11.20    0.00    0.56    2.80    0.00    0.00    0.00    0.00   85.43
Average:       0   11.80    0.00    0.28    0.00    0.00    0.00    0.00    0.00   87.92
Average:       0   12.92    0.00    0.28    0.00    0.00    0.00    0.00    0.00   86.80
Average:       0   12.64    0.00    0.00    0.00    0.00    0.00    0.00    0.00   87.36
Average:       0   11.80    0.00    0.28    0.00    0.00    0.00    0.00    0.00   87.92
Average:       0   12.36    0.00    0.28    0.00    0.00    0.00    0.00    0.00   87.36
Average:       0   12.89    0.00    0.28    0.00    0.00    0.00    0.00    0.00   86.83
Average:       0   12.43    0.00    0.28    0.28    0.00    0.00    0.00    0.00   87.01
Average:       0   11.76    0.00    0.28    0.00    0.00    0.00    0.00    0.00   87.96
Average:       0   12.36    0.00    0.28    0.00    0.00    0.00    0.00    0.00   87.36
Average:       0   11.83    0.00    0.56    0.00    0.00    0.00    0.00    0.00   87.61
Average:       0   10.08    0.00    0.56    0.00    0.00    0.00    0.00    0.00   89.36
Average:       0   11.11    0.00    0.28    0.28    0.00    0.00    0.00    0.00   88.33
Average:       0   11.83    0.00    0.28    0.00    0.00    0.00    0.00    0.00   87.89
Average:       0   12.39    0.00    0.00    0.28    0.00    0.00    0.00    0.00   87.32
Average:       0   12.04    0.00    0.28    0.00    0.00    0.00    0.00    0.00   87.68
Average:       0   12.15    0.00    0.28    0.00    0.00    0.00    0.00    0.00   87.57
Average:       0   12.15    0.00    0.00    0.56    0.00    0.00    0.28    0.00   87.01
Average:       0   11.86    0.00    0.28    0.00    0.00    0.00    0.00    0.00   87.85
Average:       0   11.52    0.00    0.56    3.09    0.00    0.00    0.00    0.00   84.83
Average:       0   10.96    0.00    0.56    0.00    0.00    0.00    0.00    0.00   88.48
Average:       0   11.83    0.00    0.56    0.00    0.00    0.00    0.00    0.00   87.61
Average:       0   12.39    0.00    0.28    0.56    0.00    0.00    0.00    0.00   86.76
Average:       0   12.39    0.00    0.00    0.00    0.00    0.00    0.00    0.00   87.61
Average:       0   10.70    0.00    0.56    0.28    0.00    0.00    0.00    0.00   88.45
Average:       0   13.60    0.00    0.00    0.00    0.00    0.00    0.00    0.00   86.40
Average:       0   15.94    0.00    0.00    0.00    0.00    0.00    0.00    0.00   84.06
Average:       0   16.23    0.00    0.29    0.29    0.00    0.00    0.00    0.00   83.19
Average:       0   12.50    0.00    0.00    0.00    0.00    0.00    0.00    0.00   87.50
Average:       0   11.02    0.00    0.00    0.55    0.00    0.00    0.00    0.00   88.43
Average:       0   11.08    0.00    0.00    0.00    0.00    0.00    0.00    0.00   88.92
Average:       0   10.50    0.00    0.28    0.00    0.00    0.00    0.00    0.00   89.23
Average:       0   10.56    0.00    0.00    0.56    0.00    0.00    0.00    0.00   88.89
Average:       0    9.39    0.00    0.00    0.00    0.00    0.00    0.00    0.00   90.61
Average:       0   10.58    0.00    0.00    0.00    0.00    0.00    0.00    0.00   89.42
Average:       0    9.97    0.00    0.28    0.00    0.00    0.00    0.00    0.00   89.75
Average:       0   10.50    0.00    0.00    2.21    0.00    0.00    0.00    0.00   87.29
Average:       0    9.12    0.00    0.28    0.00    0.00    0.00    0.00    0.00   90.61
Average:       0   10.31    0.00    0.00    0.00    0.00    0.00    0.00    0.00   89.69
Average:       0    9.14    0.00    0.55    0.00    0.00    0.00    0.00    0.00   90.30
Average:       0    9.72    0.00    0.00    0.00    0.00    0.00    0.00    0.00   90.28
Average:       0   11.36    0.00    0.55    0.00    0.00    0.00    0.00    0.00   88.09
Average:       0   11.08    0.00    0.00    0.00    0.00    0.00    0.00    0.00   88.92
Average:       0   10.80    0.00    0.28    0.00    0.00    0.00    0.28    0.00   88.64
Average:       0   10.53    0.00    0.00    0.55    0.00    0.00    0.00    0.00   88.92
Average:       0    9.97    0.00    0.28    0.00    0.00    0.00    0.00    0.00   89.75
Average:       0   10.96    0.00    0.55    0.55    0.00    0.00    0.00    0.00   87.95
Average:       0   10.50    0.00    0.28    0.00    0.00    0.00    0.00    0.00   89.23
Average:       0   10.28    0.00    0.28    0.00    0.00    0.00    0.00    0.00   89.44
Average:       0    9.67    0.00    0.28    0.28    0.00    0.00    0.00    0.00   89.78
Average:       0   10.19    0.00    0.28    0.00    0.00    0.00    0.00    0.00   89.53
Average:       0   10.80    0.00    0.28    0.28    0.00    0.00    0.00    0.00   88.64
Average:       0   10.50    0.00    0.00    0.00    0.00    0.00    0.00    0.00   89.50
Average:       0   10.80    0.00    0.28    0.55    0.00    0.00    0.00    0.00   88.37
Average:       0   10.56    0.00    0.56    0.00    0.00    0.00    0.00    0.00   88.89
Average:       0   10.25    0.00    0.28    0.00    0.00    0.00    0.00    0.00   89.47
Average:       0    9.97    0.00    0.28    1.11    0.00    0.00    0.00    0.00   88.64
Average:       0    9.97    0.00    0.00    0.00    0.00    0.00    0.00    0.00   90.03
Average:       0   10.47    0.00    0.28    0.55    0.00    0.00    0.00    0.00   88.71
Average:       0    9.39    0.00    0.55    0.00    0.00    0.00    0.00    0.00   90.06
Average:       0   10.22    0.00    0.28    0.00    0.00    0.00    0.00    0.00   89.50
Average:       0   10.00    0.00    0.28    0.28    0.00    0.00    0.00    0.00   89.44
Average:       0    9.72    0.00    0.28    0.00    0.00    0.00    0.00    0.00   90.00
Average:       0   10.83    0.00    0.00    0.00    0.00    0.00    0.00    0.00   89.17
Average:       0   10.53    0.00    0.28    0.00    0.00    0.00    0.00    0.00   89.20
Average:       0   10.25    0.00    0.55    0.00    0.00    0.00    0.00    0.00   89.20
Average:       0    8.89    0.00    0.00    0.28    0.00    0.00    0.00    0.00   90.83
Average:       0    9.44    0.00    0.28    0.00    0.00    0.00    0.00    0.00   90.28
Average:       0   10.00    0.00    0.28    0.00    0.00    0.00    0.00    0.00   89.72
Average:       0   10.19    0.00    1.10    0.00    0.00    0.00    0.00    0.00   88.71
Average:       0   10.00    0.00    0.56    0.00    0.00    0.00    0.00    0.00   89.44
Average:       0   11.91    0.00    0.28    0.00    0.00    0.00    0.00    0.00   87.81
Average:       0   11.45    0.00    0.00    0.00    0.00    0.00    0.00    0.00   88.55
Average:       0   10.56    0.00    0.56    2.22    0.00    0.00    0.00    0.00   86.67
Average:       0   10.58    0.00    0.00    0.00    0.00    0.00    0.00    0.00   89.42
Average:       0   10.25    0.00    0.00    0.55    0.00    0.00    0.00    0.00   89.20
Average:       0   10.03    0.00    0.00    0.00    0.00    0.00    0.00    0.00   89.97
Average:       0   10.00    0.00    0.28    0.00    0.00    0.00    0.00    0.00   89.72
Average:       0    9.75    0.00    0.56    0.00    0.00    0.00    0.00    0.00   89.69
Average:       0   10.53    0.00    0.00    0.00    0.00    0.00    0.00    0.00   89.47
Average:       0   10.19    0.00    0.00    0.28    0.00    0.00    0.00    0.00   89.53
Average:       0    9.42    0.00    0.28    0.00    0.00    0.00    0.00    0.00   90.30
Average:       0   11.88    0.00    0.00    0.00    0.00    0.00    0.00    0.00   88.12
Average:       0   11.11    0.00    0.00    0.00    0.00    0.00    0.00    0.00   88.89
Average:       0   10.92    0.00    0.00    0.00    0.00    0.00    0.00    0.00   89.08
Average:       0    9.44    0.00    0.28    1.11    0.00    0.00    0.00    0.00   89.17
Average:       0   10.56    0.00    0.56    0.00    0.00    0.00    0.00    0.00   88.89
Average:       0   10.53    0.00    0.28    0.55    0.00    0.00    0.00    0.00   88.64
Average:       0   11.45    0.00    0.28    0.00    0.00    0.00    0.00    0.00   88.27
Average:       0    0.00    0.00    0.00    0.00    0.00    0.00    0.00    0.00  100.00
Average:       0    0.00    0.00    0.00    0.51    0.00    0.00    0.00    0.00   99.49
Average:       0   18.32    0.00    3.11    1.55    0.00    0.00    0.00    0.00   77.02
Average:       0   39.11    0.00    7.38   20.30    0.00    0.00    0.00    0.00   33.21
Average:       0   21.84    0.00    3.48    0.63    0.00    0.00    0.00    0.00   74.05
Average:       0   29.39    0.00    4.39   23.99    0.00    0.00    0.00    0.00   42.23
Average:       0   44.49    0.00    6.84    3.04    0.00    0.00    0.00    0.00   45.63
Average:       0   32.09    0.00    3.04    1.01    0.00    0.00    0.00    0.00   63.85
Average:       0   29.83    0.00    5.42   24.07    0.00    0.00    0.34    0.00   40.34
Average:       0   32.08    0.00    3.75    0.00    0.00    0.00    0.00    0.00   64.16
Average:       0   24.68    0.00    3.21    0.64    0.00    0.00    0.00    0.00   71.47
Average:       0   31.72    0.00    4.48   20.00    0.00    0.00    0.00    0.00   43.79
Average:       0  100.00    0.00    0.00    0.00    0.00    0.00    0.00    0.00    0.00
Average:       0   11.42    0.00    0.56    0.00    0.00    0.00    0.00    0.00   88.02
Average:       0   10.25    0.00    0.28    0.00    0.00    0.00    0.00    0.00   89.47
Average:       0   10.36    0.00    0.56    0.00    0.00    0.00    0.00    0.00   89.08
Average:       0   10.92    0.00    0.28    1.96    0.00    0.00    0.00    0.00   86.83
Average:       0   10.42    0.00    0.56    0.00    0.00    0.00    0.00    0.00   89.01
Average:       0   10.96    0.00    0.28    0.56    0.00    0.00    0.00    0.00   88.20
Average:       0   11.80    0.00    0.28    0.00    0.00    0.00    0.00    0.00   87.92
