Average:       0   98.02    0.00    0.00    1.98    0.00    0.00    0.00    0.00    0.00
Average:       0   99.50    0.00    0.50    0.00    0.00    0.00    0.00    0.00    0.00
Average:       0   99.50    0.00    0.50    0.00    0.00    0.00    0.00    0.00    0.00
Average:       0  100.00    0.00    0.00    0.00    0.00    0.00    0.00    0.00    0.00
Average:       0   99.50    0.00    0.50    0.00    0.00    0.00    0.00    0.00    0.00
Average:       0   20.97    0.00    0.30    0.00    0.00    0.00    0.00    0.00   78.72
Average:       0   22.53    0.00    0.00    0.00    0.00    0.00    0.00    0.00   77.47
Average:       0   21.71    0.00    0.31    0.00    0.00    0.00    0.00    0.00   77.98
Average:       0   21.71    0.00    0.61    0.00    0.00    0.00    0.00    0.00   77.68
Average:       0   21.08    0.00    0.00    0.00    0.00    0.00    0.00    0.00   78.92
Average:       0   99.50    0.00    0.50    0.00    0.00    0.00    0.00    0.00    0.00
Average:       0  100.00    0.00    0.00    0.00    0.00    0.00    0.00    0.00    0.00
Average:       0   23.38    0.00    0.31    0.00    0.00    0.00    0.00    0.00   76.31
Average:       0   21.52    0.00    0.30    0.00    0.00    0.00    0.00    0.00   78.18
Average:       0   22.53    0.00    0.62    0.00    0.00    0.00    0.00    0.00   76.85
Average:       0   23.38    0.00    0.31    0.00    0.00    0.00    0.00    0.00   76.31
Average:       0   23.01    0.00    0.31    0.00    0.00    0.00    0.00    0.00   76.69
Average:       0   23.15    0.00    0.00    0.00    0.00    0.00    0.00    0.00   76.85
Average:       0   20.67    0.00    0.30    0.00    0.00    0.00    0.00    0.00   79.03
Average:       0   23.22    0.00    0.00    0.00    0.00    0.00    0.00    0.00   76.78
Average:       0   22.53    0.00    0.31    0.00    0.00    0.00    0.00    0.00   77.16
Average:       0   22.09    0.00    0.31    0.00    0.00    0.00    0.00    0.00   77.61
Average:       0   23.93    0.00    0.00    0.00    0.00    0.00    0.00    0.00   76.07
Average:       0   23.53    0.00    0.00    0.00    0.00    0.00    0.00    0.00   76.47
Average:       0   22.15    0.00    0.00    0.00    0.00    0.00    0.31    0.00   77.54
Average:       0   21.65    0.00    0.30    1.52    0.00    0.00    0.00    0.00   76.52
Average:       0   23.60    0.00    0.00    0.00    0.00    0.00    0.00    0.00   76.40
Average:       0   25.55    0.00    0.31    0.00    0.00    0.00    0.00    0.00   74.14
Average:       0   22.91    0.00    0.31    0.00    0.00    0.00    0.00    0.00   76.78
Average:       0   25.08    0.00    0.00    0.00    0.00    0.00    0.31    0.00   74.61
Average:       0   23.36    0.00    0.62    0.62    0.00    0.00    0.00    0.00   75.39
Average:       0   22.91    0.00    0.00    0.00    0.00    0.00    0.00    0.00   77.09
Average:       0   21.47    0.00    0.31    0.00    0.00    0.00    0.00    0.00   78.22
Average:       0   24.21    0.00    0.00    0.00    0.00    0.00    0.00    0.00   75.79
Average:       0   24.46    0.00    0.62    0.00    0.00    0.00    0.00    0.00   74.92
Average:       0   23.68    0.00    0.31    0.93    0.00    0.00    0.00    0.00   75.08
Average:       0  100.00    0.00    0.00    0.00    0.00    0.00    0.00    0.00    0.00
Average:       0   23.69    0.00    0.62    1.23    0.00    0.00    0.31    0.00   74.15
Average:       0   23.60    0.00    0.31    0.00    0.00    0.00    0.00    0.00   76.09
Average:       0   25.08    0.00    0.32    0.95    0.00    0.00    0.00    0.00   73.65
Average:       0   24.84    0.00    0.31    0.00    0.00    0.00    0.00    0.00   74.84
Average:       0   22.19    0.00    0.30    0.00    0.00    0.00    0.00    0.00   77.51
Average:       0   25.00    0.00    0.00    0.95    0.00    0.00    0.00    0.00   74.05
Average:       0   25.63    0.00    0.32    0.00    0.00    0.00    0.00    0.00   74.05
Average:       0   24.92    0.00    0.31    0.00    0.00    0.00    0.00    0.00   74.77
Average:       0   27.56    0.00    0.00    0.00    0.00    0.00    0.00    0.00   72.44
Average:       0   23.82    0.00    0.31    0.00    0.00    0.00    0.00    0.00   75.86
Average:       0   25.47    0.00    0.31    1.26    0.00    0.00    0.00    0.00   72.96
Average:       0   23.44    0.00    0.62    0.00    0.00    0.00    0.00    0.00   75.94
Average:       0   25.63    0.00    0.32    0.00    0.00    0.00    0.00    0.00   74.05
Average:       0   22.84    0.00    0.31    0.00    0.00    0.00    0.00    0.00   76.85
Average:       0   26.27    0.00    0.32    0.00    0.00    0.00    0.00    0.00   73.42
Average:       0   25.71    0.00    0.32    0.00    0.00    0.00    0.00    0.00   73.97
Average:       0   26.67    0.00    0.00    0.00    0.00    0.00    0.00    0.00   73.33
Average:       0   26.84    0.00    0.00    0.96    0.00    0.00    0.00    0.00   72.20
Average:       0   26.98    0.00    0.00    0.00    0.00    0.00    0.00    0.00   73.02
Average:       0   26.58    0.00    0.32    1.27    0.00    0.00    0.00    0.00   71.84
Average:       0   21.21    0.00    0.30    0.00    0.00    0.00    0.00    0.00   78.48
Average:       0   26.35    0.00    0.00    0.00    0.00    0.00    0.00    0.00   73.65
Average:       0   99.50    0.00    0.50    0.00    0.00    0.00    0.00    0.00    0.00
Average:       0  100.00    0.00    0.00    0.00    0.00    0.00    0.00    0.00    0.00
Average:       0   99.50    0.00    0.50    0.00    0.00    0.00    0.00    0.00    0.00
Average:       0   26.03    0.00    0.32    0.00    0.00    0.00    0.00    0.00   73.65
Average:       0   27.80    0.00    0.32    0.00    0.00    0.00    0.00    0.00   71.88
Average:       0   26.67    0.00    0.00    0.00    0.00    0.00    0.00    0.00   73.33
Average:       0   28.03    0.00    0.00    0.00    0.00    0.00    0.00    0.00   71.97
Average:       0   26.84    0.00    0.00    0.00    0.00    0.00    0.00    0.00   73.16
Average:       0   23.99    0.00    0.31    0.00    0.00    0.00    0.00    0.00   75.70
Average:       0   29.84    0.00    0.00    0.00    0.00    0.00    0.00    0.00   70.16
Average:       0   21.78    0.00    0.61    0.00    0.00    0.00    0.00    0.00   77.61
Average:       0   22.15    0.00    0.00    0.00    0.00    0.00    0.00    0.00   77.85
Average:       0   20.43    0.00    0.00    0.00    0.00    0.00    0.00    0.00   79.57
Average:       0   19.58    0.00    0.30    0.00    0.00    0.00    0.00    0.00   80.12
Average:       0   21.17    0.00    0.31    0.00    0.00    0.00    0.00    0.00   78.53
Average:       0   99.01    0.00    0.50    0.00    0.00    0.00    0.50    0.00    0.00
Average:       0   99.50    0.00    0.50    0.00    0.00    0.00    0.00    0.00    0.00
Average:       0  100.00    0.00    0.00    0.00    0.00    0.00    0.00    0.00    0.00
Average:       0   23.08    0.00    0.00    0.00    0.00    0.00    0.00    0.00   76.92
Average:       0   23.24    0.00    0.61    0.00    0.00    0.00    0.00    0.00   76.15
Average:       0   23.08    0.00    0.31    1.23    0.00    0.00    0.00    0.00   75.38
Average:       0   19.52    0.00    0.00    0.00    0.00    0.00    0.00    0.00   80.48
Average:       0   23.69    0.00    0.31    0.00    0.00    0.00    0.00    0.00   76.00
Average:       0   22.60    0.00    0.00    0.00    0.00    0.00    0.00    0.00   77.40
Average:       0   71.67    0.00    0.43    0.00    0.00    0.00    0.00    0.00   27.90
Average:       0  100.00    0.00    0.00    0.00    0.00    0.00    0.00    0.00    0.00
Average:       0   99.50    0.00    0.50    0.00    0.00    0.00    0.00    0.00    0.00
Average:       0  100.00    0.00    0.00    0.00    0.00    0.00    0.00    0.00    0.00
Average:       0   20.06    0.00    0.30    0.00    0.00    0.00    0.00    0.00   79.64
Average:       0   20.97    0.00    0.00    0.00    0.00    0.00    0.00    0.00   79.03
Average:       0   22.46    0.00    0.31    0.00    0.00    0.00    0.00    0.00   77.23
Average:       0   22.15    0.00    0.00    0.00    0.00    0.00    0.00    0.00   77.85
Average:       0   21.91    0.00    0.31    0.00    0.00    0.00    0.00    0.00   77.78
Average:       0   21.91    0.00    0.62    0.00    0.00    0.00    0.00    0.00   77.47
Average:       0   22.84    0.00    0.00    0.00    0.00    0.00    0.00    0.00   77.16
Average:       0   22.46    0.00    0.00    0.00    0.00    0.00    0.00    0.00   77.54
Average:       0   23.22    0.00    0.00    0.00    0.00    0.00    0.00    0.00   76.78
Average:       0   23.15    0.00    0.31    0.93    0.00    0.00    0.00    0.00   75.62
Average:       0   24.15    0.00    0.62    0.00    0.00    0.00    0.00    0.00   75.23
Average:       0  100.00    0.00    0.00    0.00    0.00    0.00    0.00    0.00    0.00
Average:       0   44.53    0.00    0.00    0.00    0.00    0.00    0.00    0.00   55.47
Average:       0   23.84    0.00    0.31    0.00    0.00    0.00    0.00    0.00   75.85
Average:       0   21.85    0.00    0.62    0.00    0.00    0.00    0.00    0.00   77.54
Average:       0   24.30    0.00    0.31    0.00    0.00    0.00    0.00    0.00   75.39
Average:       0   21.15    0.00    0.30    0.00    0.00    0.00    0.00    0.00   78.55
Average:       0   23.44    0.00    0.00    0.00    0.00    0.00    0.00    0.00   76.56
Average:       0   23.77    0.00    0.62    0.31    0.00    0.00    0.00    0.00   75.31
Average:       0   21.85    0.00    0.62    0.00    0.00    0.00    0.00    0.00   77.54
Average:       0  100.00    0.00    0.00    0.00    0.00    0.00    0.00    0.00    0.00
Average:       0   22.53    0.00    0.62    0.31    0.00    0.00    0.00    0.00   76.54
Average:       0   24.69    0.00    0.00    0.00    0.00    0.00    0.00    0.00   75.31
Average:       0   22.84    0.00    0.00    0.93    0.00    0.00    0.31    0.00   75.93
Average:       0   26.58    0.00    0.32    0.00    0.00    0.00    0.00    0.00   73.10
Average:       0   24.06    0.00    0.00    0.00    0.00    0.00    0.00    0.00   75.94
Average:       0   24.76    0.00    0.31    0.00    0.00    0.00    0.00    0.00   74.92
Average:       0   25.55    0.00    0.32    0.00    0.00    0.00    0.00    0.00   74.13
Average:       0   25.71    0.00    0.63    0.94    0.00    0.00    0.00    0.00   72.73
Average:       0   26.18    0.00    0.00    0.00    0.00    0.00    0.00    0.00   73.82
Average:       0   26.35    0.00    0.00    0.00    0.00    0.00    0.00    0.00   73.65
Average:       0   24.61    0.00    0.31    0.62    0.00    0.00    0.00    0.00   74.45
Average:       0   26.56    0.00    0.31    0.00    0.00    0.00    0.00    0.00   73.12
Average:       0   99.50    0.00    0.50    0.00    0.00    0.00    0.00    0.00    0.00
Average:       0   26.50    0.00    0.63    0.00    0.00    0.00    0.00    0.00   72.87
Average:       0   22.63    0.00    0.31    0.00    0.00    0.00    0.00    0.00   77.06
Average:       0   23.60    0.00    0.62    0.62    0.00    0.00    0.00    0.00   75.16
Average:       0   25.95    0.00    0.32    0.00    0.00    0.00    0.00    0.00   73.73
Average:       0   26.35    0.00    0.32    0.00    0.00    0.00    0.00    0.00   73.33
Average:       0   25.63    0.00    0.00    0.00    0.00    0.00    0.00    0.00   74.37
Average:       0   24.68    0.00    0.63    0.00    0.00    0.00    0.00    0.00   74.68
Average:       0   21.98    0.00    0.00    0.00    0.00    0.00    0.00    0.00   78.02
Average:       0   26.67    0.00    0.32    0.00    0.00    0.00    0.00    0.00   73.02
Average:       0   26.75    0.00    0.00    0.32    0.00    0.00    0.00    0.00   72.93
Average:       0   25.87    0.00    0.00    0.00    0.00    0.00    0.00    0.00   74.13
Average:       0   24.31    0.00    0.00    0.31    0.00    0.00    0.00    0.00   75.38
Average:       0   23.34    0.00    0.32    0.00    0.00    0.00    0.00    0.00   76.34
Average:       0   25.95    0.00    0.63    0.00    0.00    0.00    0.00    0.00   73.42
Average:       0   22.70    0.00    0.00    0.00    0.00    0.00    0.00    0.00   77.30
Average:       0   27.07    0.00    0.32    0.00    0.00    0.00    0.00    0.00   72.61
Average:       0   25.55    0.00    0.32    1.26    0.00    0.00    0.00    0.00   72.87
Average:       0   12.18    0.00    0.85    0.00    0.00    0.00    0.00    0.00   86.97
Average:       0   28.85    0.00    0.64    0.00    0.00    0.00    0.00    0.00   70.51
Average:       0   31.89    0.00    0.66    0.00    0.00    0.00    0.00    0.00   67.44
Average:       0   99.50    0.00    0.50    0.00    0.00    0.00    0.00    0.00    0.00
Average:       0   65.83    0.00    0.42    0.00    0.00    0.00    0.00    0.00   33.75
Average:       0   22.02    0.00    0.31    0.00    0.00    0.00    0.00    0.00   77.68
Average:       0   21.95    0.00    0.00    0.00    0.00    0.00    0.30    0.00   77.74
Average:       0   22.09    0.00    0.31    0.00    0.00    0.00    0.00    0.00   77.61
Average:       0   22.09    0.00    0.31    0.00    0.00    0.00    0.00    0.00   77.61
Average:       0   22.84    0.00    0.00    0.93    0.00    0.00    0.00    0.00   76.23
Average:       0   22.02    0.00    0.31    0.00    0.00    0.00    0.00    0.00   77.68
Average:       0   99.50    0.00    0.50    0.00    0.00    0.00    0.00    0.00    0.00
Average:       0   99.50    0.00    0.50    0.00    0.00    0.00    0.00    0.00    0.00
Average:       0   22.46    0.00    0.00    0.00    0.00    0.00    0.00    0.00   77.54
Average:       0   19.76    0.00    0.30    0.00    0.00    0.00    0.00    0.00   79.94
Average:       0   22.09    0.00    0.31    0.00    0.00    0.00    0.00    0.00   77.61
Average:       0   21.41    0.00    0.31    0.00    0.00    0.00    0.31    0.00   77.98
Average:       0   21.34    0.00    0.61    0.00    0.00    0.00    0.00    0.00   78.05
Average:       0   21.78    0.00    0.00    0.00    0.00    0.00    0.00    0.00   78.22
Average:       0   21.34    0.00    0.61    0.91    0.00    0.00    0.00    0.00   77.13
Average:       0   18.40    0.00    0.30    0.00    0.00    0.00    0.00    0.00   81.31
Average:       0   21.88    0.00    0.00    0.91    0.00    0.00    0.30    0.00   76.90
Average:       0   21.41    0.00    0.31    0.00    0.00    0.00    0.00    0.00   78.29
Average:       0   22.39    0.00    0.31    0.00    0.00    0.00    0.00    0.00   77.30
Average:       0   21.78    0.00    0.00    0.31    0.00    0.00    0.00    0.00   77.91
Average:       0   22.15    0.00    0.00    0.00    0.00    0.00    0.00    0.00   77.85
Average:       0   21.71    0.00    0.00    0.00    0.00    0.00    0.00    0.00   78.29
Average:       0  100.00    0.00    0.00    0.00    0.00    0.00    0.00    0.00    0.00
Average:       0  100.00    0.00    0.00    0.00    0.00    0.00    0.00    0.00    0.00
Average:       0   23.08    0.00    0.31    0.00    0.00    0.00    0.00    0.00   76.62
Average:       0   22.77    0.00    0.31    0.00    0.00    0.00    0.00    0.00   76.92
Average:       0   23.15    0.00    0.31    0.00    0.00    0.00    0.00    0.00   76.54
Average:       0  100.00    0.00    0.00    0.00    0.00    0.00    0.00    0.00    0.00
Average:       0   22.77    0.00    0.31    0.92    0.00    0.00    0.00    0.00   76.00
Average:       0   20.54    0.00    0.30    0.00    0.00    0.00    0.00    0.00   79.15
Average:       0   23.29    0.00    0.00    0.00    0.00    0.00    0.00    0.00   76.71
Average:       0   22.84    0.00    0.31    0.00    0.00    0.00    0.31    0.00   76.54
Average:       0   24.61    0.00    0.31    0.00    0.00    0.00    0.00    0.00   75.08
Average:       0   22.46    0.00    0.62    0.00    0.00    0.00    0.00    0.00   76.92
Average:       0   23.91    0.00    0.31    0.00    0.00    0.00    0.00    0.00   75.78
Average:       0   22.84    0.00    0.31    0.00    0.00    0.00    0.00    0.00   76.85
Average:       0   22.98    0.00    0.31    0.00    0.00    0.00    0.00    0.00   76.71
Average:       0   22.02    0.00    0.31    0.00    0.00    0.00    0.00    0.00   77.68
Average:       0   24.76    0.00    0.31    0.00    0.00    0.00    0.00    0.00   74.92
Average:       0   24.38    0.00    0.00    0.00    0.00    0.00    0.00    0.00   75.62
Average:       0   23.77    0.00    0.31    0.00    0.00    0.00    0.00    0.00   75.93
Average:       0   24.30    0.00    0.00    0.62    0.00    0.00    0.00    0.00   75.08
Average:       0   20.91    0.00    0.00    0.00    0.00    0.00    0.00    0.00   79.09
Average:       0   23.29    0.00    0.31    0.00    0.00    0.00    0.31    0.00   76.09
Average:       0   23.82    0.00    0.31    0.00    0.00    0.00    0.00    0.00   75.86
Average:       0   22.57    0.00    0.31    0.00    0.00    0.00    0.00    0.00   77.12
Average:       0   24.76    0.00    0.31    0.00    0.00    0.00    0.00    0.00   74.92
Average:       0   22.60    0.00    0.62    0.00    0.00    0.00    0.00    0.00   76.78
Average:       0   99.50    0.00    0.50    0.00    0.00    0.00    0.00    0.00    0.00
Average:       0   27.30    0.00    0.32    0.00    0.00    0.00    0.00    0.00   72.38
Average:       0   23.68    0.00    0.31    3.43    0.00    0.00    0.00    0.00   72.59
Average:       0   99.50    0.00    0.00    0.50    0.00    0.00    0.00    0.00    0.00
Average:       0   32.78    0.00    0.00    0.00    0.00    0.00    0.00    0.00   67.22
Average:       0   25.71    0.00    0.00    1.25    0.00    0.00    0.00    0.00   73.04
Average:       0   23.84    0.00    0.00    0.00    0.00    0.00    0.00    0.00   76.16
Average:       0   22.22    0.00    0.00    0.62    0.00    0.00    0.00    0.00   77.16
Average:       0   25.87    0.00    0.32    0.00    0.00    0.00    0.00    0.00   73.82
Average:       0   27.13    0.00    0.32    0.00    0.00    0.00    0.00    0.00   72.56
Average:       0   24.76    0.00    0.63    0.00    0.00    0.00    0.00    0.00   74.61
Average:       0   27.62    0.00    0.00    0.00    0.00    0.00    0.00    0.00   72.38
Average:       0   26.03    0.00    0.32    0.00    0.00    0.00    0.00    0.00   73.65
Average:       0   26.27    0.00    0.00    0.00    0.00    0.00    0.00    0.00   73.73
Average:       0   24.61    0.00    0.32    0.32    0.00    0.00    0.00    0.00   74.76
Average:       0   26.18    0.00    0.32    0.00    0.00    0.00    0.00    0.00   73.50
Average:       0   20.12    0.00    0.61    0.00    0.00    0.00    0.00    0.00   79.27
Average:       0   26.42    0.00    0.31    1.26    0.00    0.00    0.00    0.00   72.01
Average:       0   27.07    0.00    0.64    0.00    0.00    0.00    0.00    0.00   72.29
Average:       0   39.30    0.00    0.00    2.46    0.00    0.00    0.00    0.00   58.25
Average:       0   20.67    0.00    0.30    0.00    0.00    0.00    0.00    0.00   79.03
Average:       0   21.45    0.00    0.30    0.00    0.00    0.00    0.00    0.00   78.25
Average:       0   22.32    0.00    0.00    0.00    0.00    0.00    0.00    0.00   77.68
Average:       0   22.09    0.00    0.00    0.00    0.00    0.00    0.00    0.00   77.91
Average:       0   22.02    0.00    0.00    0.00    0.00    0.00    0.00    0.00   77.98
Average:       0   22.63    0.00    0.31    0.00    0.00    0.00    0.00    0.00   77.06
Average:       0   23.01    0.00    0.00    0.00    0.00    0.00    0.00    0.00   76.99
Average:       0   22.49    0.00    0.30    0.00    0.00    0.00    0.00    0.00   77.20
Average:       0  100.00    0.00    0.00    0.00    0.00    0.00    0.00    0.00    0.00
Average:       0   22.26    0.00    0.00    0.91    0.00    0.00    0.00    0.00   76.83
Average:       0   23.01    0.00    0.61    0.00    0.00    0.00    0.00    0.00   76.38
Average:       0   19.34    0.00    0.30    0.00    0.00    0.00    0.00    0.00   80.36
Average:       0   23.38    0.00    0.31    0.62    0.00    0.00    0.00    0.00   75.69
Average:       0   22.77    0.00    0.00    0.00    0.00    0.00    0.00    0.00   77.23
Average:       0   19.22    0.00    0.30    0.60    0.00    0.00    0.00    0.00   79.88
Average:       0   22.02    0.00    0.31    0.00    0.00    0.00    0.00    0.00   77.68
Average:       0   21.47    0.00    0.31    0.00    0.00    0.00    0.00    0.00   78.22
Average:       0   23.08    0.00    0.31    0.00    0.00    0.00    0.00    0.00   76.62
Average:       0   23.46    0.00    0.00    0.00    0.00    0.00    0.00    0.00   76.54
Average:       0   20.91    0.00    0.00    0.00    0.00    0.00    0.00    0.00   79.09
Average:       0  100.00    0.00    0.00    0.00    0.00    0.00    0.00    0.00    0.00
Average:       0   99.50    0.00    0.50    0.00    0.00    0.00    0.00    0.00    0.00
Average:       0  100.00    0.00    0.00    0.00    0.00    0.00    0.00    0.00    0.00
Average:       0   20.24    0.00    0.30    0.00    0.00    0.00    0.30    0.00   79.15
Average:       0   22.09    0.00    0.00    0.00    0.00    0.00    0.00    0.00   77.91
Average:       0   23.46    0.00    0.00    0.00    0.00    0.00    0.00    0.00   76.54
Average:       0   25.31    0.00    0.00    0.00    0.00    0.00    0.00    0.00   74.69
Average:       0   21.45    0.00    0.30    0.00    0.00    0.00    0.00    0.00   78.25
Average:       0   23.69    0.00    0.00    0.00    0.00    0.00    0.31    0.00   76.00
Average:       0   24.30    0.00    0.62    0.00    0.00    0.00    0.00    0.00   75.08
Average:       0   23.36    0.00    0.31    0.00    0.00    0.00    0.00    0.00   76.32
Average:       0   24.46    0.00    0.62    0.00    0.00    0.00    0.00    0.00   74.92
Average:       0   23.91    0.00    0.62    0.00    0.00    0.00    0.00    0.00   75.47
Average:       0   22.09    0.00    0.31    9.20    0.00    0.00    0.00    0.00   68.40
Average:       0  100.00    0.00    0.00    0.00    0.00    0.00    0.00    0.00    0.00
Average:       0  100.00    0.00    0.00    0.00    0.00    0.00    0.00    0.00    0.00
Average:       0   24.92    0.00    0.31    0.00    0.00    0.00    0.00    0.00   74.77
Average:       0   20.30    0.00    0.00    0.00    0.00    0.00    0.00    0.00   79.70
Average:       0   24.69    0.00    0.31    1.25    0.00    0.00    0.00    0.00   73.75
Average:       0   26.01    0.00    0.31    0.00    0.00    0.00    0.00    0.00   73.68
Average:       0   24.69    0.00    0.31    0.00    0.00    0.00    0.00    0.00   75.00
Average:       0   25.94    0.00    0.31    0.00    0.00    0.00    0.31    0.00   73.44
Average:       0   26.98    0.00    0.32    0.00    0.00    0.00    0.00    0.00   72.70
Average:       0   26.18    0.00    0.63    0.00    0.00    0.00    0.00    0.00   73.19
Average:       0   24.15    0.00    0.00    0.93    0.00    0.00    0.00    0.00   74.92
Average:       0   26.05    0.00    0.00    0.00    0.00    0.00    0.00    0.00   73.95
Average:       0   26.84    0.00    0.64    0.00    0.00    0.00    0.00    0.00   72.52
Average:       0   21.34    0.00    0.00    0.00    0.00    0.00    0.00    0.00   78.66
Average:       0   23.08    0.00    0.31    0.00    0.00    0.00    0.00    0.00   76.62
Average:       0   22.91    0.00    0.00    0.00    0.00    0.00    0.00    0.00   77.09
Average:       0   26.33    0.00    0.31    0.00    0.00    0.00    0.00    0.00   73.35
Average:       0   24.30    0.00    0.31    0.62    0.00    0.00    0.00    0.00   74.77
Average:       0   24.07    0.00    0.31    0.00    0.00    0.00    0.31    0.00   75.31
Average:       0   21.34    0.00    0.00    0.30    0.00    0.00    0.00    0.00   78.35
Average:       0   27.13    0.00    0.63    0.00    0.00    0.00    0.00    0.00   72.24
Average:       0   25.16    0.00    0.63    0.94    0.00    0.00    0.00    0.00   73.27
Average:       0   25.32    0.00    0.32    0.00    0.00    0.00    0.00    0.00   74.37
Average:       0   23.29    0.00    0.62    0.00    0.00    0.00    0.00    0.00   76.09
Average:       0   24.38    0.00    0.62    0.93    0.00    0.00    0.00    0.00   74.07
Average:       0   26.03    0.00    0.32    0.00    0.00    0.00    0.32    0.00   73.33
Average:       0   24.06    0.00    0.62    0.00    0.00    0.00    0.00    0.00   75.31
Average:       0   27.07    0.00    0.00    0.00    0.00    0.00    0.00    0.00   72.93
Average:       0   26.11    0.00    0.00    0.00    0.00    0.00    0.00    0.00   73.89
Average:       0   27.56    0.00    0.32    0.00    0.00    0.00    0.00    0.00   72.12
Average:       0   26.75    0.00    0.32    0.00    0.00    0.00    0.00    0.00   72.93
Average:       0   17.11    0.00    0.59    1.18    0.00    0.00    0.00    0.00   81.12
Average:       0  100.00    0.00    0.00    0.00    0.00    0.00    0.00    0.00    0.00
Average:       0   20.18    0.00    0.30    0.00    0.00    0.00    0.00    0.00   79.52
Average:       0   32.67    0.00    0.33    0.00    0.00    0.00    0.00    0.00   67.00
Average:       0   20.80    0.00    0.31    0.00    0.00    0.00    0.00    0.00   78.90
Average:       0   21.65    0.00    0.30    0.00    0.00    0.00    0.30    0.00   77.74
Average:       0   21.71    0.00    0.31    0.00    0.00    0.00    0.00    0.00   77.98
Average:       0   23.08    0.00    0.00    0.00    0.00    0.00    0.00    0.00   76.92
Average:       0   23.38    0.00    0.31    0.00    0.00    0.00    0.00    0.00   76.31
Average:       0   22.02    0.00    0.31    0.00    0.00    0.00    0.00    0.00   77.68
Average:       0   60.08    0.00    0.00    0.00    0.00    0.00    0.00    0.00   39.92
Average:       0   17.99    0.00    0.00    0.00    0.00    0.00    0.29    0.00   81.71
Average:       0   22.29    0.00    0.31    0.62    0.00    0.00    0.00    0.00   76.78
Average:       0   20.54    0.00    0.30    0.00    0.00    0.00    0.00    0.00   79.15
Average:       0   22.22    0.00    0.31    0.00    0.00    0.00    0.00    0.00   77.47
Average:       0   22.70    0.00    0.31    0.00    0.00    0.00    0.00    0.00   76.99
Average:       0   22.77    0.00    0.31    0.00    0.00    0.00    0.00    0.00   76.92
Average:       0   99.50    0.00    0.50    0.00    0.00    0.00    0.00    0.00    0.00
Average:       0   23.31    0.00    0.31    0.00    0.00    0.00    0.00    0.00   76.38
Average:       0   23.53    0.00    0.31    0.00    0.00    0.00    0.00    0.00   76.16
Average:       0   18.75    0.00    0.30    0.89    0.00    0.00    0.00    0.00   80.06
Average:       0   21.85    0.00    0.62    0.00    0.00    0.00    0.00    0.00   77.54
Average:       0   23.53    0.00    0.00    0.62    0.00    0.00    0.00    0.00   75.85
Average:       0   21.67    0.00    0.00    0.00    0.00    0.00    0.00    0.00   78.33
Average:       0   16.42    0.00    0.00    0.00    0.00    0.00    0.00    0.00   83.58
Average:       0   24.22    0.00    0.00    0.00    0.00    0.00    0.00    0.00   75.78
Average:       0   22.60    0.00    0.00    0.00    0.00    0.00    0.00    0.00   77.40
Average:       0   23.84    0.00    0.31    0.00    0.00    0.00    0.00    0.00   75.85
Average:       0   99.50    0.00    0.50    0.00    0.00    0.00    0.00    0.00    0.00
Average:       0   99.50    0.00    0.50    0.00    0.00    0.00    0.00    0.00    0.00
Average:       0  100.00    0.00    0.00    0.00    0.00    0.00    0.00    0.00    0.00
Average:       0   99.50    0.00    0.50    0.00    0.00    0.00    0.00    0.00    0.00
Average:       0   22.84    0.00    0.31    0.62    0.00    0.00    0.00    0.00   76.23
Average:       0   22.19    0.00    0.31    0.00    0.00    0.00    0.00    0.00   77.50
Average:       0   25.39    0.00    0.00    0.31    0.00    0.00    0.00    0.00   74.29
Average:       0   20.61    0.00    0.61    0.00    0.00    0.00    0.30    0.00   78.48
Average:       0   20.61    0.00    0.30    0.00    0.00    0.00    0.00    0.00   79.09
Average:       0   20.43    0.00    0.30    0.61    0.00    0.00    0.00    0.00   78.66
Average:       0   24.69    0.00    0.31    0.00    0.00    0.00    0.00    0.00   75.00
Average:       0   25.71    0.00    0.00    0.00    0.00    0.00    0.00    0.00   74.29
Average:       0   25.31    0.00    0.31    0.00    0.00    0.00    0.00    0.00   74.38
Average:       0   25.63    0.00    0.32    0.00    0.00    0.00    0.00    0.00   74.05
Average:       0   23.36    0.00    0.62    1.25    0.00    0.00    0.00    0.00   74.77
Average:       0   99.50    0.00    0.50    0.00    0.00    0.00    0.00    0.00    0.00
Average:       0  100.00    0.00    0.00    0.00    0.00    0.00    0.00    0.00    0.00
Average:       0   25.16    0.00    0.00    0.00    0.00    0.00    0.00    0.00   74.84
Average:       0   24.37    0.00    0.63    0.00    0.00    0.00    0.00    0.00   75.00
Average:       0   25.47    0.00    0.31    0.00    0.00    0.00    0.00    0.00   74.21
Average:       0   25.71    0.00    0.32    0.00    0.00    0.00    0.00    0.00   73.97
Average:       0   26.35    0.00    0.00    0.00    0.00    0.00    0.00    0.00   73.65
Average:       0   15.99    0.00    0.29    0.00    0.00    0.00    0.00    0.00   83.72
Average:       0   25.24    0.00    0.32    0.00    0.00    0.00    0.00    0.00   74.45
Average:       0   26.90    0.00    0.00    0.00    0.00    0.00    0.00    0.00   73.10
Average:       0   26.27    0.00    0.32    0.00    0.00    0.00    0.00    0.00   73.42
Average:       0   26.58    0.00    0.63    0.00    0.00    0.00    0.00    0.00   72.78
Average:       0   24.30    0.00    0.62    0.00    0.00    0.00    0.00    0.00   75.08
Average:       0   24.69    0.00    0.31    0.00    0.00    0.00    0.00    0.00   75.00
Average:       0   26.73    0.00    0.31    0.00    0.00    0.00    0.00    0.00   72.96
Average:       0   99.50    0.00    0.50    0.00    0.00    0.00    0.00    0.00    0.00
Average:       0   25.63    0.00    0.32    0.00    0.00    0.00    0.00    0.00   74.05
Average:       0  100.00    0.00    0.00    0.00    0.00    0.00    0.00    0.00    0.00
Average:       0   99.50    0.00    0.50    0.00    0.00    0.00    0.00    0.00    0.00
Average:       0   99.50    0.00    0.50    0.00    0.00    0.00    0.00    0.00    0.00
Average:       0  100.00    0.00    0.00    0.00    0.00    0.00    0.00    0.00    0.00
Average:       0   99.50    0.00    0.50    0.00    0.00    0.00    0.00    0.00    0.00
Average:       0   25.56    0.00    0.64    0.00    0.00    0.00    0.00    0.00   73.80
Average:       0   26.03    0.00    0.32    0.00    0.00    0.00    0.00    0.00   73.65
Average:       0   28.21    0.00    0.32    0.00    0.00    0.00    0.00    0.00   71.47
Average:       0   26.35    0.00    0.63    0.00    0.00    0.00    0.00    0.00   73.02
Average:       0   24.69    0.00    0.31    0.00    0.00    0.00    0.00    0.00   75.00
Average:       0   28.21    0.00    0.00    0.00    0.00    0.00    0.00    0.00   71.79
Average:       0   24.84    0.00    0.31    0.00    0.00    0.00    0.00    0.00   74.84
Average:       0   29.35    0.00    0.32    0.00    0.00    0.00    0.00    0.00   70.32
Average:       0   40.78    0.00    0.35    0.71    0.00    0.00    0.00    0.00   58.16
Average:       0  100.00    0.00    0.00    0.00    0.00    0.00    0.00    0.00    0.00
Average:       0   22.56    0.00    0.00    0.00    0.00    0.00    0.00    0.00   77.44
Average:       0   22.02    0.00    0.00    0.00    0.00    0.00    0.00    0.00   77.98
Average:       0   21.65    0.00    0.30    0.00    0.00    0.00    0.00    0.00   78.05
Average:       0   21.28    0.00    0.30    0.00    0.00    0.00    0.00    0.00   78.42
Average:       0   21.28    0.00    0.30    0.00    0.00    0.00    0.00    0.00   78.42
Average:       0   21.54    0.00    0.31    0.00    0.00    0.00    0.00    0.00   78.15
Average:       0   21.95    0.00    0.30    0.00    0.00    0.00    0.00    0.00   77.74
Average:       0   19.34    0.00    0.30    0.00    0.00    0.00    0.00    0.00   80.36
Average:       0   21.17    0.00    0.31    0.92    0.00    0.00    0.00    0.00   77.61
Average:       0   21.52    0.00    0.30    0.00    0.00    0.00    0.00    0.00   78.18
Average:       0   23.69    0.00    0.00    1.23    0.00    0.00    0.00    0.00   75.08
Average:       0   22.70    0.00    0.00    0.00    0.00    0.00    0.00    0.00   77.30
Average:       0   23.22    0.00    0.62    0.00    0.00    0.00    0.00    0.00   76.16
Average:       0   22.46    0.00    0.00    0.00    0.00    0.00    0.00    0.00   77.54
Average:       0   22.70    0.00    0.61    0.00    0.00    0.00    0.00    0.00   76.69
Average:       0   16.96    0.00    0.00    0.88    0.00    0.00    0.00    0.00   82.16
Average:       0   99.50    0.00    0.50    0.00    0.00    0.00    0.00    0.00    0.00
Average:       0  100.00    0.00    0.00    0.00    0.00    0.00    0.00    0.00    0.00
Average:       0   23.46    0.00    0.00    0.00    0.00    0.00    0.00    0.00   76.54
Average:       0   23.46    0.00    0.00    0.00    0.00    0.00    0.00    0.00   76.54
Average:       0   19.64    0.00    0.30    0.30    0.00    0.00    0.00    0.00   79.76
Average:       0   22.84    0.00    0.00    0.00    0.00    0.00    0.00    0.00   77.16
Average:       0   23.53    0.00    0.31    0.00    0.00    0.00    0.00    0.00   76.16
Average:       0   21.85    0.00    0.92    0.00    0.00    0.00    0.00    0.00   77.23
Average:       0   22.22    0.00    0.62    0.00    0.00    0.00    0.00    0.00   77.16
Average:       0   23.84    0.00    0.31    0.93    0.00    0.00    0.00    0.00   74.92
Average:       0   23.36    0.00    0.00    0.00    0.00    0.00    0.00    0.00   76.64
Average:       0   23.29    0.00    0.00    0.00    0.00    0.00    0.00    0.00   76.71
Average:       0   24.14    0.00    0.63    0.00    0.00    0.00    0.00    0.00   75.24
Average:       0   22.19    0.00    0.30    0.00    0.00    0.00    0.30    0.00   77.20
Average:       0   22.43    0.00    0.00    0.00    0.00    0.00    0.00    0.00   77.57
Average:       0   23.22    0.00    0.31    0.00    0.00    0.00    0.00    0.00   76.47
Average:       0   24.84    0.00    0.00    0.00    0.00    0.00    0.00    0.00   75.16
Average:       0   22.36    0.00    0.31    0.00    0.00    0.00    0.00    0.00   77.33
Average:       0   20.36    0.00    0.61    0.00    0.00    0.00    0.00    0.00   79.03
Average:       0   24.53    0.00    0.62    0.00    0.00    0.00    0.00    0.00   74.84
Average:       0   25.00    0.00    0.00    0.00    0.00    0.00    0.00    0.00   75.00
Average:       0   23.99    0.00    0.31    0.93    0.00    0.00    0.00    0.00   74.77
Average:       0   25.55    0.00    0.00    0.00    0.00    0.00    0.00    0.00   74.45
Average:       0   24.14    0.00    0.00    0.00    0.00    0.00    0.00    0.00   75.86
Average:       0   20.00    0.00    0.30    1.21    0.00    0.00    0.30    0.00   78.18
Average:       0  100.00    0.00    0.00    0.00    0.00    0.00    0.00    0.00    0.00
Average:       0  100.00    0.00    0.00    0.00    0.00    0.00    0.00    0.00    0.00
Average:       0   23.53    0.00    0.31    0.00    0.00    0.00    0.00    0.00   76.16
Average:       0   25.39    0.00    0.94    0.94    0.00    0.00    0.00    0.00   72.73
Average:       0   26.10    0.00    0.00    0.00    0.00    0.00    0.00    0.00   73.90
Average:       0   25.32    0.00    0.00    0.00    0.00    0.00    0.00    0.00   74.68
Average:       0   26.03    0.00    0.32    0.00    0.00    0.00    0.00    0.00   73.65
Average:       0   27.24    0.00    0.32    0.00    0.00    0.00    0.00    0.00   72.44
Average:       0   25.40    0.00    0.32    3.49    0.00    0.00    0.00    0.00   70.79
Average:       0   26.58    0.00    0.32    0.00    0.00    0.00    0.00    0.00   73.10
Average:       0   26.58    0.00    0.32    0.00    0.00    0.00    0.00    0.00   73.10
Average:       0   21.88    0.00    0.30    0.91    0.00    0.00    0.00    0.00   76.90
Average:       0   21.41    0.00    0.00    0.00    0.00    0.00    0.31    0.00   78.29
Average:       0   23.69    0.00    0.31    0.00    0.00    0.00    0.00    0.00   76.00
Average:       0   25.94    0.00    0.00    0.00    0.00    0.00    0.00    0.00   74.06
Average:       0   25.31    0.00    0.00    0.00    0.00    0.00    0.00    0.00   74.69
Average:       0   25.63    0.00    0.00    0.32    0.00    0.00    0.00    0.00   74.05
Average:       0   26.35    0.00    0.63    0.00    0.00    0.00    0.00    0.00   73.02
Average:       0   26.67    0.00    0.00    0.32    0.00    0.00    0.00    0.00   73.02
Average:       0   26.18    0.00    0.32    0.00    0.00    0.00    0.00    0.00   73.50
Average:       0   24.76    0.00    0.63    0.00    0.00    0.00    0.00    0.00   74.61
Average:       0   22.26    0.00    0.30    0.30    0.00    0.00    0.00    0.00   77.13
Average:       0   25.55    0.00    0.32    0.00    0.00    0.00    0.00    0.00   74.13
Average:       0   99.00    0.00    1.00    0.00    0.00    0.00    0.00    0.00    0.00
Average:       0   39.65    0.00    0.00    0.00    0.00    0.00    0.00    0.00   60.35
Average:       0   22.84    0.00    0.31    0.93    0.00    0.00    0.00    0.00   75.93
Average:       0   15.99    0.00    0.29    0.00    0.00    0.00    0.00    0.00   83.72
Average:       0   24.53    0.00    0.00    0.00    0.00    0.00    0.00    0.00   75.47
Average:       0   25.00    0.00    0.00    0.00    0.00    0.00    0.00    0.00   75.00
Average:       0   20.00    0.00    0.30    0.00    0.00    0.00    0.30    0.00   79.40
Average:       0   24.30    0.00    0.31    0.62    0.00    0.00    0.00    0.00   74.77
Average:       0   23.68    0.00    0.31    0.00    0.00    0.00    0.00    0.00   76.01
Average:       0   24.61    0.00    0.31    0.00    0.00    0.00    0.00    0.00   75.08
Average:       0   25.55    0.00    0.00    0.00    0.00    0.00    0.00    0.00   74.45
Average:       0   21.04    0.00    0.30    0.00    0.00    0.00    0.00    0.00   78.66
Average:       0   25.08    0.00    0.00    0.00    0.00    0.00    0.00    0.00   74.92
Average:       0   23.36    0.00    0.62    0.00    0.00    0.00    0.00    0.00   76.01
Average:       0   25.16    0.00    0.00    0.00    0.00    0.00    0.00    0.00   74.84
Average:       0   22.94    0.00    0.31    0.00    0.00    0.00    0.00    0.00   76.76
Average:       0   23.51    0.00    0.94    0.00    0.00    0.00    0.00    0.00   75.55
Average:       0   24.45    0.00    0.31    0.94    0.00    0.00    0.00    0.00   74.29
Average:       0   20.24    0.00    0.60    0.00    0.00    0.00    0.30    0.00   78.85
Average:       0   16.76    0.00    0.59    1.18    0.00    0.00    0.00    0.00   81.47
Average:       0  100.00    0.00    0.00    0.00    0.00    0.00    0.00    0.00    0.00
Average:       0   25.71    0.00    0.00    0.00    0.00    0.00    0.00    0.00   74.29
Average:       0   26.73    0.00    0.00    0.00    0.00    0.00    0.00    0.00   73.27
Average:       0   21.65    0.00    0.00    0.00    0.00    0.00    0.00    0.00   78.35
Average:       0   24.76    0.00    0.31    1.25    0.00    0.00    0.00    0.00   73.67
Average:       0   25.08    0.00    0.31    0.00    0.00    0.00    0.00    0.00   74.61
Average:       0  100.00    0.00    0.00    0.00    0.00    0.00    0.00    0.00    0.00
Average:       0   58.96    0.00    0.00    0.00    0.00    0.00    0.00    0.00   41.04
Average:       0   24.22    0.00    0.31    0.00    0.00    0.00    0.00    0.00   75.47
Average:       0   26.27    0.00    0.32    0.95    0.00    0.00    0.00    0.00   72.47
Average:       0   26.11    0.00    0.00    0.00    0.00    0.00    0.00    0.00   73.89
Average:       0   25.16    0.00    0.31    0.00    0.00    0.00    0.00    0.00   74.53
Average:       0   27.48    0.00    0.00    0.00    0.00    0.00    0.00    0.00   72.52
Average:       0   28.30    0.00    0.32    0.00    0.00    0.00    0.00    0.00   71.38
