Average:       0    0.51    0.00    0.77   94.39    0.00    0.00    0.00    0.00    4.34
Average:       0   62.39    0.00    6.84    1.71    0.00    0.00    0.00    0.00   29.06
Average:       0   37.63    0.00    4.66   28.67    0.00    0.00    0.00    0.00   29.03
Average:       0   22.93    0.00    3.50    2.23    0.00    0.00    0.00    0.00   71.34
Average:       0   42.22    0.00    5.19   15.93    0.00    0.00    0.00    0.00   36.67
Average:       0   54.55    0.00   10.74    2.48    0.00    0.00    0.00    0.00   32.23
Average:       0   31.72    0.00    5.17    0.69    0.00    0.00    0.00    0.00   62.41
Average:       0   22.44    0.00    3.53   44.55    0.00    0.00    0.00    0.00   29.49
Average:       0   32.53    0.00    4.84    0.35    0.00    0.00    0.00    0.00   62.28
Average:       0   29.53    0.00    4.36    0.00    0.00    0.00    0.00    0.00   66.11
Average:       0   21.77    0.00    4.42    9.46    0.00    0.00    0.32    0.00   64.04
Average:       0    0.52    0.00    1.04   90.41    0.00    0.00    0.00    0.00    8.03
Average:       0   14.33    0.00    0.29    0.00    0.00    0.00    0.00    0.00   85.39
Average:       0   14.37    0.00    0.29    0.29    0.00    0.00    0.00    0.00   85.06
Average:       0   13.64    0.00    0.57    0.00    0.00    0.00    0.00    0.00   85.80
Average:       0   10.80    0.00    0.57    0.00    0.00    0.00    0.00    0.00   88.64
Average:       0   12.18    0.00    0.28    0.00    0.00    0.00    0.00    0.00   87.54
Average:       0   12.18    0.00    0.28    0.00    0.00    0.00    0.00    0.00   87.54
Average:       0   12.15    0.00    0.56    0.56    0.00    0.00    0.00    0.00   86.72
Average:       0   10.45    0.00    0.85    0.00    0.00    0.00    0.00    0.00   88.70
Average:       0   34.68    0.00    0.67    0.00    0.00    0.00    0.00    0.00   64.65
Average:       0   99.50    0.00    0.50    0.00    0.00    0.00    0.00    0.00    0.00
Average:       0   13.52    0.00    0.28    0.00    0.00    0.00    0.00    0.00   86.20
Average:       0   14.20    0.00    0.00    0.00    0.00    0.00    0.00    0.00   85.80
Average:       0   13.14    0.00    0.29    0.00    0.00    0.00    0.00    0.00   86.57
Average:       0   12.61    0.00    0.29   12.03    0.00    0.00    0.00    0.00   75.07
Average:       0   11.83    0.00    0.56    0.00    0.00    0.00    0.00    0.00   87.61
Average:       0   14.25    0.00    0.28    0.00    0.00    0.00    0.00    0.00   85.47
Average:       0   12.46    0.00    0.85    2.27    0.00    0.00    0.00    0.00   84.42
Average:       0   12.75    0.00    0.57    0.00    0.00    0.00    0.00    0.00   86.69
Average:       0   14.08    0.00    0.57    0.00    0.00    0.00    0.00    0.00   85.34
Average:       0   12.54    0.00    0.57    0.00    0.00    0.00    0.00    0.00   86.89
Average:       0   13.79    0.00    0.29    0.00    0.00    0.00    0.00    0.00   85.92
Average:       0   12.86    0.00    0.29    0.00    0.00    0.00    0.00    0.00   86.86
Average:       0   13.43    0.00    0.57    0.00    0.00    0.00    0.00    0.00   86.00
Average:       0   13.75    0.00    0.86    0.29    0.00    0.00    0.00    0.00   85.10
Average:       0   11.58    0.00    0.28    0.00    0.00    0.00    0.00    0.00   88.14
Average:       0   13.71    0.00    0.86    0.00    0.00    0.00    0.00    0.00   85.43
Average:       0   14.08    0.00    0.00    0.00    0.00    0.00    0.00    0.00   85.92
Average:       0   16.42    0.00    0.29    0.00    0.00    0.00    0.00    0.00   83.28
Average:       0   12.29    0.00    0.28    0.56    0.00    0.00    0.00    0.00   86.87
Average:       0   10.92    0.00    0.56    0.00    0.00    0.00    0.00    0.00   88.52
Average:       0  100.00    0.00    0.00    0.00    0.00    0.00    0.00    0.00    0.00
Average:       0   10.86    0.00    0.28    0.00    0.00    0.00    0.00    0.00   88.86
Average:       0   10.34    0.00    0.28    0.00    0.00    0.00    0.00    0.00   89.39
Average:       0   10.56    0.00    0.28    0.28    0.00    0.00    0.00    0.00   88.89
Average:       0   11.76    0.00    0.00    0.00    0.00    0.00    0.00    0.00   88.24
Average:       0   11.45    0.00    0.28    0.28    0.00    0.00    0.00    0.00   87.99
Average:       0   10.96    0.00    0.28    0.00    0.00    0.00    0.00    0.00   88.76
Average:       0   10.92    0.00    0.56    0.00    0.00    0.00    0.00    0.00   88.52
Average:       0   10.70    0.00    0.56    0.56    0.00    0.00    0.00    0.00   88.17
Average:       0   11.24    0.00    0.00    0.00    0.00    0.00    0.00    0.00   88.76
Average:       0   11.48    0.00    0.56    2.80    0.00    0.00    0.00    0.00   85.15
Average:       0   11.80    0.00    0.00    0.00    0.00    0.00    0.00    0.00   88.20
Average:       0   11.52    0.00    0.28    0.00    0.00    0.00    0.00    0.00   88.20
Average:       0   12.99    0.00    0.56    0.00    0.00    0.00    0.00    0.00   86.44
Average:       0   12.57    0.00    0.56    0.00    0.00    0.00    0.00    0.00   86.87
Average:       0   12.61    0.00    0.00    3.08    0.00    0.00    0.00    0.00   84.31
Average:       0   12.68    0.00    0.28    0.00    0.00    0.00    0.00    0.00   87.04
Average:       0    8.99    0.00    0.00    0.54    0.00    0.00    0.00    0.00   90.46
Average:       0   12.68    0.00    0.00    0.00    0.00    0.00    0.00    0.00   87.32
Average:       0   11.42    0.00    0.28    0.00    0.00    0.00    0.28    0.00   88.02
Average:       0    9.67    0.00    0.00    0.00    0.00    0.00    0.00    0.00   90.33
Average:       0   11.27    0.00    0.28    0.00    0.00    0.00    0.00    0.00   88.45
Average:       0   11.70    0.00    0.28    1.11    0.00    0.00    0.00    0.00   86.91
Average:       0   11.33    0.00    0.85    0.00    0.00    0.00    0.00    0.00   87.82
Average:       0   12.96    0.00    0.00    0.00    0.00    0.00    0.00    0.00   87.04
Average:       0   11.76    0.00    0.00    0.00    0.00    0.00    0.00    0.00   88.24
Average:       0   57.54    0.00    0.40    0.00    0.00    0.00    0.00    0.00   42.06
Average:       0   99.50    0.00    0.00    0.00    0.00    0.00    0.50    0.00    0.00
Average:       0   10.92    0.00    0.28    0.00    0.00    0.00    0.00    0.00   88.80
Average:       0   10.76    0.00    0.28    0.00    0.00    0.00    0.00    0.00   88.95
Average:       0   12.43    0.00    0.56    0.28    0.00    0.00    0.00    0.00   86.72
Average:       0   11.42    0.00    0.56    0.00    0.00    0.00    0.00    0.00   88.02
Average:       0   11.48    0.00    0.28    0.28    0.00    0.00    0.00    0.00   87.96
Average:       0   13.31    0.00    0.28    0.00    0.00    0.00    0.00    0.00   86.40
Average:       0   13.76    0.00    0.28    0.00    0.00    0.00    0.00    0.00   85.96
Average:       0   12.78    0.00    0.28    0.00    0.00    0.00    0.00    0.00   86.93
Average:       0   13.20    0.00    0.00    0.00    0.00    0.00    0.00    0.00   86.80
Average:       0   12.43    0.00    0.28    0.28    0.00    0.00    0.00    0.00   87.01
Average:       0   12.75    0.00    0.57    0.00    0.00    0.00    0.00    0.00   86.69
Average:       0   13.07    0.00    0.28    0.57    0.00    0.00    0.00    0.00   86.08
Average:       0   11.24    0.00    0.56    0.00    0.00    0.00    0.00    0.00   88.20
Average:       0   13.07    0.00    0.57    0.00    0.00    0.00    0.00    0.00   86.36
Average:       0   11.83    0.00    0.28    0.00    0.00    0.00    0.00    0.00   87.89
Average:       0   13.11    0.00    0.28    0.00    0.00    0.00    0.00    0.00   86.61
Average:       0   13.35    0.00    0.57    2.56    0.00    0.00    0.00    0.00   83.52
Average:       0   12.43    0.00    0.00    0.00    0.00    0.00    0.00    0.00   87.57
Average:       0   12.50    0.00    0.57    0.00    0.00    0.00    0.00    0.00   86.93
Average:       0   12.04    0.00    0.56    0.00    0.00    0.00    0.00    0.00   87.39
Average:       0   12.75    0.00    0.28    0.00    0.00    0.00    0.00    0.00   86.97
Average:       0   14.53    0.00    0.00    0.00    0.00    0.00    0.00    0.00   85.47
Average:       0  100.00    0.00    0.00    0.00    0.00    0.00    0.00    0.00    0.00
Average:       0  100.00    0.00    0.00    0.00    0.00    0.00    0.00    0.00    0.00
Average:       0   13.11    0.00    0.57    0.00    0.00    0.00    0.00    0.00   86.32
Average:       0   14.81    0.00    0.57    0.00    0.00    0.00    0.00    0.00   84.62
Average:       0   14.08    0.00    0.28    0.28    0.00    0.00    0.00    0.00   85.35
Average:       0   10.80    0.00    0.28    0.00    0.00    0.00    0.00    0.00   88.92
Average:       0   13.07    0.00    0.85    0.00    0.00    0.00    0.00    0.00   86.08
Average:       0   11.65    0.00    0.28    0.00    0.00    0.00    0.00    0.00   88.07
Average:       0   14.20    0.00    0.00    0.00    0.00    0.00    0.00    0.00   85.80
Average:       0   12.00    0.00    0.29    0.29    0.00    0.00    0.00    0.00   87.43
Average:       0   14.20    0.00    0.28    0.00    0.00    0.00    0.00    0.00   85.51
Average:       0   11.05    0.00    0.28    0.57    0.00    0.00    0.00    0.00   88.10
Average:       0   12.96    0.00    0.85    0.00    0.00    0.00    0.00    0.00   86.20
Average:       0   13.03    0.00    0.28    0.00    0.00    0.00    0.00    0.00   86.69
Average:       0   12.99    0.00    0.28    0.00    0.00    0.00    0.28    0.00   86.44
Average:       0   13.07    0.00    0.57    0.00    0.00    0.00    0.00    0.00   86.36
Average:       0   99.00    0.00    1.00    0.00    0.00    0.00    0.00    0.00    0.00
Average:       0   54.32    0.00    9.05    0.41    0.00    0.00    0.00    0.00   36.21
Average:       0   35.97    0.00    7.19   28.78    0.00    0.00    0.36    0.00   27.70
Average:       0   37.50    0.00    3.21   24.64    0.00    0.00    0.00    0.00   34.64
Average:       0   35.11    0.00    6.03    0.35    0.00    0.00    0.00    0.00   58.51
Average:       0   24.75    0.00    5.61   38.94    0.00    0.00    0.00    0.00   30.69
Average:       0   36.52    0.00    4.61    0.00    0.00    0.00    0.00    0.00   58.87
Average:       0   27.06    0.00    5.28    1.98    0.00    0.00    0.00    0.00   65.68
Average:       0   28.86    0.00    4.03   21.14    0.00    0.00    0.00    0.00   45.97
Average:       0   25.49    0.00    5.88    0.00    0.00    0.00    0.00    0.00   68.63
Average:       0   28.00    0.00    4.67   31.33    0.00    0.00    0.00    0.00   36.00
Average:       0   11.45    0.00    0.28    0.00    0.00    0.00    0.00    0.00   88.27
Average:       0   13.52    0.00    0.28    0.00    0.00    0.00    0.00    0.00   86.20
Average:       0   14.20    0.00    0.28    0.00    0.00    0.00    0.00    0.00   85.51
Average:       0   11.65    0.00    0.00    0.00    0.00    0.00    0.00    0.00   88.35
Average:       0   12.71    0.00    0.28    0.00    0.00    0.00    0.00    0.00   87.01
Average:       0   11.86    0.00    0.56    0.00    0.00    0.00    0.00    0.00   87.57
Average:       0   43.73    0.00    0.36    0.00    0.00    0.00    0.00    0.00   55.91
Average:       0   13.64    0.00    0.00    0.00    0.00    0.00    0.00    0.00   86.36
Average:       0   12.75    0.00    0.28    0.00    0.00    0.00    0.00    0.00   86.97
Average:       0   13.39    0.00    0.28    0.28    0.00    0.00    0.00    0.00   86.04
Average:       0   12.46    0.00    0.28    0.00    0.00    0.00    0.00    0.00   87.25
Average:       0   13.31    0.00    0.00    0.00    0.00    0.00    0.00    0.00   86.69
Average:       0   13.35    0.00    0.00    0.00    0.00    0.00    0.00    0.00   86.65
Average:       0   10.14    0.00    0.56    0.00    0.00    0.00    0.00    0.00   89.30
Average:       0   12.71    0.00    0.28    1.13    0.00    0.00    0.00    0.00   85.88
Average:       0   13.31    0.00    0.00    0.00    0.00    0.00    0.00    0.00   86.69
Average:       0   13.60    0.00    0.28    0.00    0.00    0.00    0.00    0.00   86.12
Average:       0   12.22    0.00    0.28    0.00    0.00    0.00    0.00    0.00   87.50
Average:       0   12.96    0.00    0.28    0.00    0.00    0.00    0.00    0.00   86.76
Average:       0   12.75    0.00    0.57    0.00    0.00    0.00    0.00    0.00   86.69
Average:       0   12.99    0.00    0.56    0.00    0.00    0.00    0.00    0.00   86.44
Average:       0   12.25    0.00    0.57    0.57    0.00    0.00    0.00    0.00   86.61
Average:       0   13.07    0.00    0.28    0.00    0.00    0.00    0.00    0.00   86.65
Average:       0   13.43    0.00    0.29    0.00    0.00    0.00    0.00    0.00   86.29
Average:       0   12.78    0.00    0.57    0.00    0.00    0.00    0.00    0.00   86.65
Average:       0   13.03    0.00    0.28    0.00    0.00    0.00    0.00    0.00   86.69
Average:       0   12.78    0.00    0.28    0.28    0.00    0.00    0.00    0.00   86.65
Average:       0   13.14    0.00    0.29    0.00    0.00    0.00    0.00    0.00   86.57
Average:       0   11.58    0.00    0.28    0.00    0.00    0.00    0.00    0.00   88.14
Average:       0   14.57    0.00    0.57    0.57    0.00    0.00    0.00    0.00   84.29
Average:       0   13.11    0.00    0.00    0.00    0.00    0.00    0.00    0.00   86.89
Average:       0   14.12    0.00    0.00    0.00    0.00    0.00    0.00    0.00   85.88
Average:       0   14.41    0.00    0.29    0.00    0.00    0.00    0.00    0.00   85.30
Average:       0   13.43    0.00    0.57    0.00    0.00    0.00    0.00    0.00   86.00
Average:       0   13.51    0.00    0.29    0.00    0.00    0.00    0.00    0.00   86.21
Average:       0   13.79    0.00    0.57    0.00    0.00    0.00    0.00    0.00   85.63
Average:       0   15.65    0.00    0.58    0.00    0.00    0.00    0.00    0.00   83.77
Average:       0   14.53    0.00    0.28    0.00    0.00    0.00    0.00    0.00   85.19
Average:       0   13.14    0.00    0.57    0.00    0.00    0.00    0.00    0.00   86.29
Average:       0   14.99    0.00    0.58    0.00    0.00    0.00    0.00    0.00   84.44
Average:       0   15.27    0.00    0.29    0.00    0.00    0.00    0.00    0.00   84.44
Average:       0   14.04    0.00    0.57    0.00    0.00    0.00    0.00    0.00   85.39
Average:       0   14.99    0.00    0.29    0.00    0.00    0.00    0.00    0.00   84.73
Average:       0   14.74    0.00    0.58    0.00    0.00    0.00    0.00    0.00   84.68
Average:       0   14.12    0.00    0.58    0.00    0.00    0.00    0.00    0.00   85.30
Average:       0   15.23    0.00    0.29    0.00    0.00    0.00    0.00    0.00   84.48
Average:       0   13.83    0.00    0.86    0.86    0.00    0.00    0.00    0.00   84.44
Average:       0   14.99    0.00    0.29    0.00    0.00    0.00    0.00    0.00   84.73
Average:       0   14.12    0.00    0.00    0.00    0.00    0.00    0.00    0.00   85.88
Average:       0   14.66    0.00    0.57    0.00    0.00    0.00    0.00    0.00   84.77
Average:       0   13.58    0.00    0.58    0.00    0.00    0.00    0.00    0.00   85.84
Average:       0   14.99    0.00    0.00    0.00    0.00    0.00    0.00    0.00   85.01
Average:       0   99.50    0.00    0.50    0.00    0.00    0.00    0.00    0.00    0.00
Average:       0  100.00    0.00    0.00    0.00    0.00    0.00    0.00    0.00    0.00
Average:       0   14.29    0.00    0.29    0.00    0.00    0.00    0.00    0.00   85.43
Average:       0   12.08    0.00    0.28    0.00    0.00    0.00    0.00    0.00   87.64
Average:       0   12.71    0.00    0.28    0.00    0.00    0.00    0.00    0.00   87.01
Average:       0   12.50    0.00    0.57    0.00    0.00    0.00    0.00    0.00   86.93
Average:       0   13.03    0.00    0.28    0.00    0.00    0.00    0.00    0.00   86.69
Average:       0   11.52    0.00    0.28    0.00    0.00    0.00    0.00    0.00   88.20
Average:       0   12.18    0.00    1.13    0.28    0.00    0.00    0.00    0.00   86.40
Average:       0   12.15    0.00    0.28    0.00    0.00    0.00    0.00    0.00   87.57
Average:       0   13.80    0.00    0.28    0.00    0.00    0.00    0.00    0.00   85.92
Average:       0   11.61    0.00    0.28    0.00    0.00    0.00    0.00    0.00   88.10
Average:       0   13.56    0.00    0.56    0.00    0.00    0.00    0.00    0.00   85.88
Average:       0   12.46    0.00    0.28    2.27    0.00    0.00    0.00    0.00   84.99
Average:       0   12.75    0.00    0.57    0.00    0.00    0.00    0.00    0.00   86.69
Average:       0   11.90    0.00    0.28    0.00    0.00    0.00    0.00    0.00   87.82
Average:       0   12.99    0.00    0.00    0.56    0.00    0.00    0.00    0.00   86.44
Average:       0   11.86    0.00    0.56    0.00    0.00    0.00    0.00    0.00   87.57
Average:       0   12.96    0.00    0.56    0.00    0.00    0.00    0.00    0.00   86.48
Average:       0   12.18    0.00    0.57    0.00    0.00    0.00    0.00    0.00   87.25
Average:       0   12.22    0.00    0.28    0.00    0.00    0.00    0.00    0.00   87.50
Average:       0   11.65    0.00    0.00    0.00    0.00    0.00    0.00    0.00   88.35
Average:       0   12.25    0.00    0.00    0.00    0.00    0.00    0.00    0.00   87.75
Average:       0   12.71    0.00    0.28    0.28    0.00    0.00    0.00    0.00   86.72
Average:       0   16.52    0.00    0.29    0.00    0.00    0.00    0.00    0.00   83.19
Average:       0   14.53    0.00    0.28    0.00    0.00    0.00    0.00    0.00   85.19
Average:       0   13.39    0.00    0.00    0.00    0.00    0.00    0.00    0.00   86.61
Average:       0   12.43    0.00    0.28    0.00    0.00    0.00    0.00    0.00   87.29
Average:       0   12.86    0.00    0.29    0.57    0.00    0.00    0.00    0.00   86.29
Average:       0   13.68    0.00    0.28    0.00    0.00    0.00    0.00    0.00   86.04
Average:       0   14.61    0.00    0.00    0.00    0.00    0.00    0.00    0.00   85.39
Average:       0   13.28    0.00    0.56    0.00    0.00    0.00    0.00    0.00   86.16
Average:       0   13.64    0.00    0.28    0.00    0.00    0.00    0.00    0.00   86.08
Average:       0   13.18    0.00    0.29    0.57    0.00    0.00    0.00    0.00   85.96
Average:       0   14.29    0.00    0.00    0.00    0.00    0.00    0.00    0.00   85.71
Average:       0   10.77    0.00    0.28    4.70    0.00    0.00    0.00    0.00   84.25
Average:       0   14.37    0.00    0.57    0.00    0.00    0.00    0.00    0.00   85.06
Average:       0   13.96    0.00    0.57    0.00    0.00    0.00    0.00    0.00   85.47
Average:       0   13.35    0.00    0.85    0.28    0.00    0.00    0.00    0.00   85.51
Average:       0   12.54    0.00    0.57    0.00    0.00    0.00    0.00    0.00   86.89
Average:       0   15.47    0.00    0.29    0.00    0.00    0.00    0.00    0.00   84.24
Average:       0    0.00    0.00   10.19    0.00    0.00    0.00    0.28    0.00   89.53
Average:       0   60.67    0.00    7.11    7.95    0.00    0.00    0.00    0.00   24.27
Average:       0   32.08    0.00    3.41    0.00    0.00    0.00    0.00    0.00   64.51
Average:       0   33.68    0.00    5.61    3.51    0.00    0.00    0.00    0.00   57.19
Average:       0   32.98    0.00    5.96   32.28    0.00    0.00    0.00    0.00   28.77
Average:       0   24.36    0.00    3.53    0.00    0.00    0.00    0.00    0.00   72.12
Average:       0   27.61    0.00    5.05   35.69    0.00    0.00    0.00    0.00   31.65
Average:       0   38.27    0.00    5.42    3.97    0.00    0.00    0.00    0.00   52.35
Average:       0   42.44    0.00    5.90    5.90    0.00    0.00    0.00    0.00   45.76
Average:       0   34.16    0.00    7.12   27.05    0.00    0.00    0.00    0.00   31.67
Average:       0   12.89    0.00    0.29    0.00    0.00    0.00    0.00    0.00   86.82
Average:       0   11.65    0.00    0.28    0.00    0.00    0.00    0.00    0.00   88.07
Average:       0   13.35    0.00    0.57    0.00    0.00    0.00    0.00    0.00   86.08
Average:       0   12.78    0.00    0.28    0.00    0.00    0.00    0.00    0.00   86.93
Average:       0   15.14    0.00    0.29    0.00    0.00    0.00    0.00    0.00   84.57
Average:       0   13.68    0.00    0.28    0.00    0.00    0.00    0.28    0.00   85.75
Average:       0   12.86    0.00    0.29    0.00    0.00    0.00    0.00    0.00   86.86
Average:       0   13.71    0.00    0.57    0.00    0.00    0.00    0.00    0.00   85.71
Average:       0   14.57    0.00    0.29    0.00    0.00    0.00    0.00    0.00   85.14
Average:       0   13.75    0.00    0.00    0.00    0.00    0.00    0.00    0.00   86.25
Average:       0   12.22    0.00    0.57    0.00    0.00    0.00    0.00    0.00   87.22
Average:       0   12.86    0.00    0.00    1.14    0.00    0.00    0.00    0.00   86.00
Average:       0   13.14    0.00    0.00    0.00    0.00    0.00    0.29    0.00   86.57
Average:       0   16.57    0.00    0.89    0.00    0.00    0.00    0.00    0.00   82.54
Average:       0   11.42    0.00    0.28    0.84    0.00    0.00    0.00    0.00   87.47
Average:       0   11.08    0.00    0.55    0.00    0.00    0.00    0.00    0.00   88.37
Average:       0   11.14    0.00    0.56    0.28    0.00    0.00    0.00    0.00   88.02
Average:       0   10.89    0.00    0.00    0.00    0.00    0.00    0.00    0.00   89.11
Average:       0   11.11    0.00    0.28    0.00    0.00    0.00    0.00    0.00   88.61
Average:       0   10.86    0.00    0.56    0.00    0.00    0.00    0.00    0.00   88.58
Average:       0   11.24    0.00    0.28    0.00    0.00    0.00    0.00    0.00   88.48
Average:       0   12.08    0.00    0.00    0.56    0.00    0.00    0.00    0.00   87.36
Average:       0   11.76    0.00    0.56    0.00    0.00    0.00    0.00    0.00   87.68
Average:       0   10.22    0.00    0.28    0.00    0.00    0.00    0.00    0.00   89.50
Average:       0   10.67    0.00    0.84    0.00    0.00    0.00    0.00    0.00   88.48
Average:       0    9.70    0.00    0.55    0.00    0.00    0.00    0.00    0.00   89.75
Average:       0   10.53    0.00    0.28    0.55    0.00    0.00    0.00    0.00   88.64
Average:       0   10.96    0.00    0.28    0.00    0.00    0.00    0.00    0.00   88.76
Average:       0   11.76    0.00    0.28    2.52    0.00    0.00    0.00    0.00   85.43
Average:       0   11.55    0.00    0.56    0.00    0.00    0.00    0.00    0.00   87.89
Average:       0   11.45    0.00    0.28    0.00    0.00    0.00    0.00    0.00   88.27
Average:       0   12.01    0.00    0.00    0.56    0.00    0.00    0.00    0.00   87.43
Average:       0   10.92    0.00    0.28    0.00    0.00    0.00    0.00    0.00   88.80
Average:       0   12.61    0.00    0.00    0.84    0.00    0.00    0.00    0.00   86.55
Average:       0   11.17    0.00    0.56    0.00    0.00    0.00    0.00    0.00   88.27
Average:       0   12.61    0.00    0.28    0.00    0.00    0.00    0.00    0.00   87.11
Average:       0   11.76    0.00    0.28    0.28    0.00    0.00    0.00    0.00   87.68
Average:       0   11.52    0.00    0.28    0.00    0.00    0.00    0.00    0.00   88.20
Average:       0   10.92    0.00    0.56    1.68    0.00    0.00    0.00    0.00   86.83
Average:       0   12.57    0.00    0.28    0.00    0.00    0.00    0.00    0.00   87.15
Average:       0   12.36    0.00    0.28    0.00    0.00    0.00    0.00    0.00   87.36
Average:       0   12.43    0.00    0.56    0.28    0.00    0.00    0.00    0.00   86.72
Average:       0   11.52    0.00    0.28    0.00    0.00    0.00    0.00    0.00   88.20
Average:       0   10.22    0.00    0.55    0.28    0.00    0.00    0.00    0.00   88.95
Average:       0   11.52    0.00    0.28    0.00    0.00    0.00    0.00    0.00   88.20
Average:       0   11.83    0.00    0.28    3.38    0.00    0.00    0.00    0.00   84.51
Average:       0   12.15    0.00    0.28    0.00    0.00    0.00    0.00    0.00   87.57
Average:       0   12.36    0.00    0.28    0.00    0.00    0.00    0.00    0.00   87.36
Average:       0   10.99    0.00    0.28    0.56    0.00    0.00    0.00    0.00   88.17
Average:       0   13.56    0.00    0.00    0.00    0.00    0.00    0.00    0.00   86.44
Average:       0   12.43    0.00    0.00    0.28    0.00    0.00    0.00    0.00   87.29
Average:       0   10.99    0.00    0.28    0.00    0.00    0.00    0.00    0.00   88.73
Average:       0   11.76    0.00    0.28    0.00    0.00    0.00    0.00    0.00   87.96
Average:       0   14.41    0.00    0.28    0.00    0.00    0.00    0.00    0.00   85.31
Average:       0   12.99    0.00    0.56    0.00    0.00    0.00    0.00    0.00   86.44
Average:       0   11.40    0.00    0.57    0.28    0.00    0.00    0.00    0.00   87.75
Average:       0   12.96    0.00    0.56    0.00    0.00    0.00    0.00    0.00   86.48
Average:       0   11.90    0.00    0.28    0.00    0.00    0.00    0.00    0.00   87.82
Average:       0   11.80    0.00    0.56    0.56    0.00    0.00    0.00    0.00   87.08
Average:       0   11.24    0.00    0.00    0.00    0.00    0.00    0.00    0.00   88.76
Average:       0   10.17    0.00    0.56    0.00    0.00    0.00    0.00    0.00   89.27
Average:       0   11.61    0.00    0.57    0.00    0.00    0.00    0.00    0.00   87.82
Average:       0   99.50    0.00    0.50    0.00    0.00    0.00    0.00    0.00    0.00
Average:       0   12.75    0.00    0.28    0.00    0.00    0.00    0.00    0.00   86.97
Average:       0   11.90    0.00    0.28    0.00    0.00    0.00    0.00    0.00   87.82
Average:       0   12.15    0.00    0.56    0.00    0.00    0.00    0.00    0.00   87.29
Average:       0   13.03    0.00    0.28    0.00    0.00    0.00    0.00    0.00   86.69
Average:       0   12.99    0.00    0.28    0.00    0.00    0.00    0.00    0.00   86.72
Average:       0   12.75    0.00    0.28    0.00    0.00    0.00    0.00    0.00   86.97
Average:       0   99.50    0.00    0.50    0.00    0.00    0.00    0.00    0.00    0.00
Average:       0   29.51    0.00    0.00    0.00    0.00    0.00    0.00    0.00   70.49
Average:       0   12.36    0.00    0.28    0.00    0.00    0.00    0.00    0.00   87.36
Average:       0   13.11    0.00    0.28    0.28    0.00    0.00    0.00    0.00   86.32
Average:       0   13.11    0.00    0.57    0.00    0.00    0.00    0.00    0.00   86.32
Average:       0   13.14    0.00    0.00    0.00    0.00    0.00    0.00    0.00   86.86
Average:       0   12.29    0.00    0.28    0.00    0.00    0.00    0.00    0.00   87.43
Average:       0   13.03    0.00    0.28    0.00    0.00    0.00    0.00    0.00   86.69
Average:       0   13.84    0.00    0.56    0.56    0.00    0.00    0.00    0.00   85.03
Average:       0   12.75    0.00    0.00    0.00    0.00    0.00    0.00    0.00   87.25
Average:       0   12.78    0.00    0.57    0.00    0.00    0.00    0.00    0.00   86.65
Average:       0   13.07    0.00    0.00    0.00    0.00    0.00    0.00    0.00   86.93
Average:       0   11.65    0.00    0.57    0.00    0.00    0.00    0.00    0.00   87.78
Average:       0   11.83    0.00    0.28    0.00    0.00    0.00    0.00    0.00   87.89
Average:       0   13.31    0.00    0.28    0.00    0.00    0.00    0.00    0.00   86.40
Average:       0   12.46    0.00    0.28    0.00    0.00    0.00    0.00    0.00   87.25
Average:       0   12.39    0.00    0.56    0.28    0.00    0.00    0.00    0.00   86.76
Average:       0   12.61    0.00    0.29    0.00    0.00    0.00    0.00    0.00   87.11
Average:       0   24.15    0.00    0.31    0.00    0.00    0.00    0.00    0.00   75.54
Average:       0   13.51    0.00    0.29    0.00    0.00    0.00    0.00    0.00   86.21
Average:       0   12.71    0.00    0.28    0.28    0.00    0.00    0.00    0.00   86.72
Average:       0   15.32    0.00    0.29    0.00    0.00    0.00    0.00    0.00   84.39
Average:       0   16.08    0.00    1.17    0.00    0.00    0.00    0.29    0.00   82.46
Average:       0    5.31    0.00   20.31    3.12    0.00    0.00    0.00    0.00   71.25
Average:       0   67.86    0.00    9.82    0.45    0.00    0.00    0.00    0.00   21.88
Average:       0   69.68    0.00   11.31   17.19    0.00    0.00    0.00    0.00    1.81
Average:       0   48.63    0.00    7.06    0.00    0.00    0.00    0.00    0.00   44.31
Average:       0   50.20    0.00    7.51   10.28    0.00    0.00    0.00    0.00   32.02
Average:       0   51.00    0.00    7.57   18.33    0.00    0.00    0.00    0.00   23.11
Average:       0   22.64    0.00    2.83    0.31    0.00    0.00    0.00    0.00   74.21
Average:       0   22.68    0.00    3.51   20.45    0.00    0.00    0.32    0.00   53.04
Average:       0   40.00    0.00    6.30    0.37    0.00    0.00    0.00    0.00   53.33
Average:       0   25.89    0.00    3.56    8.09    0.00    0.00    0.32    0.00   62.14
Average:       0   33.22    0.00    4.55   32.87    0.00    0.00    0.00    0.00   29.37
Average:       0  100.00    0.00    0.00    0.00    0.00    0.00    0.00    0.00    0.00
Average:       0   12.32    0.00    0.56    0.00    0.00    0.00    0.00    0.00   87.11
Average:       0   11.42    0.00    0.28    0.00    0.00    0.00    0.00    0.00   88.30
Average:       0   12.64    0.00    0.28    0.00    0.00    0.00    0.00    0.00   87.08
Average:       0   10.67    0.00    0.84    0.28    0.00    0.00    0.00    0.00   88.20
Average:       0   11.70    0.00    0.28    0.00    0.00    0.00    0.00    0.00   88.02
Average:       0   11.58    0.00    0.00    0.28    0.00    0.00    0.00    0.00   88.14
Average:       0   12.18    0.00    0.28    0.00    0.00    0.00    0.00    0.00   87.54
Average:       0   12.64    0.00    0.28    0.00    0.00    0.00    0.00    0.00   87.08
Average:       0   12.92    0.00    0.28    1.12    0.00    0.00    0.00    0.00   85.67
Average:       0   12.04    0.00    0.28    0.00    0.00    0.00    0.00    0.00   87.68
Average:       0   10.31    0.00    0.28    0.00    0.00    0.00    0.00    0.00   89.42
Average:       0   12.04    0.00    0.00    0.00    0.00    0.00    0.28    0.00   87.68
Average:       0   10.64    0.00    0.28    0.00    0.00    0.00    0.00    0.00   89.08
Average:       0   10.96    0.00    0.28    0.00    0.00    0.00    0.00    0.00   88.76
Average:       0   11.76    0.00    0.56    0.00    0.00    0.00    0.00    0.00   87.68
Average:       0   10.99    0.00    0.56    0.28    0.00    0.00    0.00    0.00   88.17
Average:       0   11.90    0.00    0.00    0.00    0.00    0.00    0.00    0.00   88.10
Average:       0   12.71    0.00    0.28    0.00    0.00    0.00    0.00    0.00   87.01
Average:       0   11.55    0.00    0.00    0.00    0.00    0.00    0.00    0.00   88.45
Average:       0   11.55    0.00    0.28    0.00    0.00    0.00    0.00    0.00   88.17
Average:       0   12.15    0.00    0.00    0.28    0.00    0.00    0.00    0.00   87.57
Average:       0   12.68    0.00    0.56    0.00    0.00    0.00    0.00    0.00   86.76
Average:       0   11.83    0.00    0.56    0.28    0.00    0.00    0.00    0.00   87.32
Average:       0   11.52    0.00    0.28    0.00    0.00    0.00    0.00    0.00   88.20
Average:       0   11.55    0.00    0.28    0.00    0.00    0.00    0.00    0.00   88.17
Average:       0   10.92    0.00    0.28    0.28    0.00    0.00    0.00    0.00   88.52
Average:       0   10.00    0.00    0.28    0.00    0.00    0.00    0.00    0.00   89.72
Average:       0   11.55    0.00    0.28    0.56    0.00    0.00    0.00    0.00   87.61
Average:       0   12.11    0.00    0.56    0.00    0.00    0.00    0.00    0.00   87.32
Average:       0   12.89    0.00    0.28    0.00    0.00    0.00    0.00    0.00   86.83
Average:       0   12.46    0.00    0.28    0.28    0.00    0.00    0.00    0.00   86.97
Average:       0   12.08    0.00    0.56    0.00    0.00    0.00    0.00    0.00   87.36
Average:       0   12.15    0.00    0.28    0.28    0.00    0.00    0.00    0.00   87.29
Average:       0   13.03    0.00    0.85    0.00    0.00    0.00    0.00    0.00   86.12
Average:       0   12.64    0.00    0.56    0.84    0.00    0.00    0.00    0.00   85.96
Average:       0   12.39    0.00    0.28    0.00    0.00    0.00    0.00    0.00   87.32
Average:       0   12.22    0.00    0.57    0.00    0.00    0.00    0.00    0.00   87.22
Average:       0   12.78    0.00    0.28    0.28    0.00    0.00    0.00    0.00   86.65
Average:       0   12.68    0.00    0.28    0.00    0.00    0.00    0.00    0.00   87.04
Average:       0   13.24    0.00    0.56    0.00    0.00    0.00    0.00    0.00   86.20
Average:       0   16.27    0.00    0.30    0.00    0.00    0.00    0.00    0.00   83.43
Average:       0   15.70    0.00    0.58    0.00    0.00    0.00    0.00    0.00   83.72
Average:       0    9.89    0.00    0.27    3.02    0.00    0.00    0.00    0.00   86.81
Average:       0   10.50    0.00    0.28    0.00    0.00    0.00    0.00    0.00   89.23
Average:       0    9.19    0.00    0.56    1.39    0.00    0.00    0.00    0.00   88.86
Average:       0   10.50    0.00    0.28    0.00    0.00    0.00    0.00    0.00   89.23
Average:       0    9.67    0.00    0.28    0.00    0.00    0.00    0.00    0.00   90.06
Average:       0   10.53    0.00    0.28    0.55    0.00    0.00    0.00    0.00   88.64
Average:       0   10.22    0.00    0.28    0.00    0.00    0.00    0.28    0.00   89.23
Average:       0    9.44    0.00    0.28    0.28    0.00    0.00    0.00    0.00   90.00
Average:       0    8.61    0.00    0.28    0.00    0.00    0.00    0.00    0.00   91.11
Average:       0    9.97    0.00    0.28    0.00    0.00    0.00    0.00    0.00   89.75
Average:       0   10.25    0.00    0.55    0.28    0.00    0.00    0.00    0.00   88.92
Average:       0   10.50    0.00    0.00    0.00    0.00    0.00    0.00    0.00   89.50
Average:       0   10.50    0.00    0.28    0.55    0.00    0.00    0.00    0.00   88.67
Average:       0    9.34    0.00    0.82    0.00    0.00    0.00    0.00    0.00   89.84
Average:       0   10.34    0.00    0.28    0.00    0.00    0.00    0.00    0.00   89.39
Average:       0    9.39    0.00    0.00    0.00    0.00    0.00    0.00    0.00   90.61
Average:       0    9.39    0.00    0.00    0.00    0.00    0.00    0.00    0.00   90.61
Average:       0   11.14    0.00    0.28    0.28    0.00    0.00    0.00    0.00   88.30
Average:       0    9.39    0.00    0.28    0.00    0.00    0.00    0.00    0.00   90.33
Average:       0    9.59    0.00    0.27    3.29    0.00    0.00    0.00    0.00   86.85
Average:       0    9.75    0.00    0.00    0.00    0.00    0.00    0.00    0.00   90.25
Average:       0   10.80    0.00    0.00    0.00    0.00    0.00    0.00    0.00   89.20
Average:       0   10.25    0.00    0.28    0.00    0.00    0.00    0.00    0.00   89.47
Average:       0    9.94    0.00    0.28    0.00    0.00    0.00    0.00    0.00   89.78
Average:       0    9.67    0.00    0.28    0.00    0.00    0.00    0.00    0.00   90.06
Average:       0    9.67    0.00    0.55    0.00    0.00    0.00    0.00    0.00   89.78
Average:       0    9.14    0.00    0.28    0.00    0.00    0.00    0.00    0.00   90.58
Average:       0   11.11    0.00    0.00    0.56    0.00    0.00    0.00    0.00   88.33
Average:       0    9.62    0.00    0.27    0.00    0.00    0.00    0.00    0.00   90.11
Average:       0   10.80    0.00    0.28    0.00    0.00    0.00    0.00    0.00   88.92
Average:       0    9.62    0.00    0.55    0.00    0.00    0.00    0.00    0.00   89.84
Average:       0   10.03    0.00    0.28    0.00    0.00    0.00    0.00    0.00   89.69
Average:       0    9.70    0.00    0.28    0.28    0.00    0.00    0.00    0.00   89.75
Average:       0    9.02    0.00    0.27    0.00    0.00    0.00    0.00    0.00   90.71
Average:       0    9.70    0.00    0.55    0.00    0.00    0.00    0.28    0.00   89.47
Average:       0   10.50    0.00    0.28    0.00    0.00    0.00    0.00    0.00   89.23
Average:       0    9.09    0.00    0.55    0.00    0.00    0.00    0.00    0.00   90.36
Average:       0   10.80    0.00    0.28    0.00    0.00    0.00    0.00    0.00   88.92
Average:       0   10.53    0.00    0.28    0.00    0.00    0.00    0.00    0.00   89.20
Average:       0   10.31    0.00    0.28    0.56    0.00    0.00    0.00    0.00   88.86
Average:       0   10.22    0.00    0.28    0.00    0.00    0.00    0.00    0.00   89.50
Average:       0   11.36    0.00    0.28    0.28    0.00    0.00    0.00    0.00   88.09
Average:       0   10.80    0.00    0.28    0.00    0.00    0.00    0.00    0.00   88.92
Average:       0    9.14    0.00    0.28    0.00    0.00    0.00    0.00    0.00   90.58
Average:       0   11.36    0.00    0.28    0.00    0.00    0.00    0.00    0.00   88.37
Average:       0   11.11    0.00    0.56    0.00    0.00    0.00    0.00    0.00   88.33
Average:       0    9.75    0.00    0.56    0.00    0.00    0.00    0.00    0.00   89.69
Average:       0   10.00    0.00    0.28    0.00    0.00    0.00    0.00    0.00   89.72
Average:       0   10.06    0.00    0.28    0.84    0.00    0.00    0.00    0.00   88.83
Average:       0   11.24    0.00    0.00    0.00    0.00    0.00    0.00    0.00   88.76
Average:       0   10.28    0.00    0.83    0.00    0.00    0.00    0.00    0.00   88.89
Average:       0   10.56    0.00    0.28    0.28    0.00    0.00    0.00    0.00   88.89
Average:       0    9.97    0.00    0.28    0.00    0.00    0.00    0.00    0.00   89.75
Average:       0    8.86    0.00    0.28    0.28    0.00    0.00    0.00    0.00   90.58
Average:       0   11.55    0.00    0.28    0.00    0.00    0.00    0.00    0.00   88.17
Average:       0   10.31    0.00    0.28    0.00    0.00    0.00    0.00    0.00   89.42
Average:       0   10.80    0.00    0.00    0.55    0.00    0.00    0.28    0.00   88.37
Average:       0   10.80    0.00    0.55    0.00    0.00    0.00    0.00    0.00   88.64
Average:       0   10.03    0.00    0.28    0.00    0.00    0.00    0.00    0.00   89.69
Average:       0    9.94    0.00    0.00    0.00    0.00    0.00    0.00    0.00   90.06
Average:       0   10.61    0.00    0.56    0.00    0.00    0.00    0.00    0.00   88.83
Average:       0    0.00    0.00    0.00    0.00    0.00    0.00    0.00    0.00  100.00
Average:       0   14.34    0.00   25.17    1.75    0.00    0.00    0.00    0.00   58.74
Average:       0   40.00    0.00    5.45   32.00    0.00    0.00    0.00    0.00   22.55
Average:       0   37.14    0.00    5.71    0.00    0.00    0.00    0.00    0.00   57.14
Average:       0   42.38    0.00    5.58   13.38    0.00    0.00    0.00    0.00   38.66
Average:       0   29.93    0.00    5.10    2.38    0.00    0.00    0.00    0.00   62.59
Average:       0   24.28    0.00    2.24    0.32    0.00    0.00    0.00    0.00   73.16
Average:       0   25.91    0.00    4.65   23.92    0.00    0.00    0.00    0.00   45.51
Average:       0   21.25    0.00    4.38    0.31    0.00    0.00    0.00    0.00   74.06
Average:       0   29.64    0.00   10.71   57.50    0.00    0.00    0.00    0.00    2.14
Average:       0   28.81    0.00    3.64    2.98    0.00    0.00    0.00    0.00   64.57
Average:       0   16.22    0.00    3.30    0.30    0.00    0.00    0.00    0.00   80.18
Average:       0  100.00    0.00    0.00    0.00    0.00    0.00    0.00    0.00    0.00
Average:       0   10.86    0.00    0.84    0.00    0.00    0.00    0.00    0.00   88.30
Average:       0   10.34    0.00    0.28    0.56    0.00    0.00    0.00    0.00   88.83
Average:       0   11.94    0.00    0.56    0.00    0.00    0.00    0.28    0.00   87.22
Average:       0   11.24    0.00    0.00    0.00    0.00    0.00    0.00    0.00   88.76
Average:       0   10.96    0.00    0.28    0.28    0.00    0.00    0.00    0.00   88.48
Average:       0   10.06    0.00    0.84    0.00    0.00    0.00    0.00    0.00   89.11
Average:       0   11.76    0.00    0.28    0.00    0.00    0.00    0.00    0.00   87.96
