Average:       3    0.00    0.00    0.31    0.31    0.00    0.00    0.00    0.00   99.38
Average:       3    0.00    0.00    0.62    0.31    0.00    0.00    0.00    0.00   99.07
Average:       3    0.00    0.00    0.60    0.30    0.00    0.00    0.00    0.00   99.10
Average:       3    0.00    0.00    0.46    0.23    0.00    0.00    0.00    0.00   99.30
Average:       3    0.31    0.00    0.62    0.00    0.00    0.00    0.00    0.00   99.08
Average:       3    0.25    0.00    0.25    0.25    0.00    0.00    0.00    0.00   99.26
Average:       3    0.00    0.00    0.32    0.00    0.00    0.00    0.00    0.00   99.68
Average:       3    0.00    0.00    0.76    0.00    0.00    0.00    0.00    0.00   99.24
Average:       3    0.00    0.00    0.54    0.27    0.00    0.00    0.00    0.00   99.20
Average:       3    0.00    0.00    2.83    0.00    0.00    0.00    0.00    0.00   97.17
Average:       3    0.00    0.00    0.49   35.70    0.00    0.00    0.00    0.00   63.81
Average:       3    0.00    0.00    0.62    0.00    0.00    0.00    0.00    0.00   99.38
Average:       3    0.00    0.00    0.46    0.00    0.00    0.00    0.00    0.00   99.54
Average:       3    0.31    0.00    0.62    0.00    0.00    0.00    0.00    0.00   99.07
Average:       3    0.00    0.00    0.64    0.00    0.00    0.00    0.00    0.00   99.36
Average:       3    0.00    0.00    0.50    0.00    0.00    0.00    0.00    0.00   99.50
Average:       3    0.00    0.00    0.63    0.00    0.00    0.00    0.00    0.00   99.37
Average:       3    0.00    0.00    0.95    0.00    0.00    0.00    0.00    0.00   99.05
Average:       3    0.00    0.00    0.62    0.00    0.00    0.00    0.00    0.00   99.38
Average:       3    0.31    0.00    0.62    0.00    0.00    0.00    0.00    0.00   99.07
Average:       3    0.27    0.00    0.55    0.00    0.00    0.00    0.00    0.00   99.18
Average:       3    0.31    0.00    0.31    0.00    0.00    0.00    0.00    0.00   99.37
Average:       3    0.00    0.00    0.00    0.00    0.00    0.00    0.00    0.00  100.00
Average:       3    0.00    0.00    0.63    0.00    0.00    0.00    0.00    0.00   99.37
Average:       3    0.00    0.00    1.13    0.00    0.00    0.00    0.00    0.00   98.87
Average:       3    0.31    0.00    0.63    0.00    0.00    0.00    0.00    0.00   99.06
Average:       3    0.27    0.00    0.54    0.00    0.00    0.00    0.00    0.00   99.18
Average:       3   13.11    0.00    0.28    0.00    0.00    0.00    0.00    0.00   86.61
Average:       3    0.26    0.00    0.52    0.00    0.00    0.00    0.00    0.00   99.21
Average:       3    0.00    0.00    0.95    0.00    0.00    0.00    0.00    0.00   99.05
Average:       3    0.00    0.00    0.28    0.00    0.00    0.00    0.00    0.00   99.72
Average:       3    0.63    0.00    0.32    0.00    0.00    0.00    0.00    0.00   99.05
Average:       3    0.32    0.00    0.32    0.00    0.00    0.00    0.00    0.00   99.37
Average:       3    0.63    0.00    0.63    0.00    0.00    0.00    0.00    0.00   98.75
Average:       3    0.00    0.00    0.31    0.00    0.00    0.00    0.00    0.00   99.69
Average:       3    0.00    0.00    0.31    0.00    0.00    0.00    0.00    0.00   99.69
Average:       3    0.00    0.00    0.94    0.00    0.00    0.00    0.00    0.00   99.06
Average:       3    0.00    0.00    0.81    0.00    0.00    0.00    0.00    0.00   99.19
Average:       3    0.25    0.00    0.50    0.00    0.00    0.00    0.00    0.00   99.25
Average:       3    0.24    0.00    0.48    0.00    0.00    0.00    0.00    0.00   99.28
Average:       3    0.31    0.00    0.62    0.00    0.00    0.00    0.00    0.00   99.07
Average:       3    0.30    0.00    0.90    0.00    0.00    0.00    0.00    0.00   98.81
Average:       3    0.00    0.00    0.60    0.00    0.00    0.00    0.00    0.00   99.40
Average:       3    0.00    0.00    0.60    0.00    0.00    0.00    0.00    0.00   99.40
Average:       3    0.28    0.00    0.55    0.00    0.00    0.00    0.00    0.00   99.17
Average:       3    0.00    0.00    0.30    0.00    0.00    0.00    0.00    0.00   99.70
Average:       3    0.00    0.00    0.55    0.00    0.00    0.00    0.00    0.00   99.45
Average:       3    0.31    0.00    0.62    0.00    0.00    0.00    0.00    0.00   99.07
Average:       3    0.00    0.00    0.93    0.62    0.00    0.00    0.00    0.00   98.45
Average:       3    0.31    0.00    0.62    0.00    0.00    0.00    0.00    0.00   99.06
Average:       3    0.31    0.00    0.62    0.00    0.00    0.00    0.00    0.00   99.07
Average:       3    0.31    0.00    0.31    0.00    0.00    0.00    0.00    0.00   99.38
Average:       3    0.27    0.00    0.55    0.00    0.00    0.00    0.00    0.00   99.18
Average:       3    0.00    0.00    0.62    0.00    0.00    0.00    0.00    0.00   99.38
Average:       3    0.00    0.00    0.55    0.00    0.00    0.00    0.00    0.00   99.45
Average:       3    0.00    0.00    0.62    0.00    0.00    0.00    0.00    0.00   99.38
Average:       3    0.00    0.00    0.62    0.00    0.00    0.00    0.00    0.00   99.38
Average:       3    0.27    0.00    0.55    0.00    0.00    0.00    0.00    0.00   99.18
Average:       3    0.31    0.00    0.62    0.00    0.00    0.00    0.00    0.00   99.07
Average:       3    0.00    0.00    0.61    0.00    0.00    0.00    0.00    0.00   99.39
Average:       3    0.25    0.00    0.51    0.00    0.00    0.00    0.00    0.00   99.24
Average:       3    0.00    0.00    0.76    0.00    0.00    0.00    0.00    0.00   99.24
Average:       3    0.00    0.00    0.62    0.31    0.00    0.00    0.00    0.00   99.08
Average:       3    0.51    0.00    0.51    0.00    0.00    0.00    0.00    0.00   98.98
Average:       3    0.00    0.00    0.76    3.30    0.00    0.00    0.00    0.00   95.94
Average:       3    0.00    0.00    0.61    0.00    0.00    0.00    0.00    0.00   99.39
Average:       3    0.00    0.00    0.55    0.00    0.00    0.00    0.27    0.00   99.18
Average:       3    0.31    0.00    0.62    7.38    0.00    0.00    0.00    0.00   91.69
Average:       3    0.00    0.00    0.54    0.00    0.00    0.00    0.00    0.00   99.46
Average:       3    0.00    0.00    0.92    7.03    0.00    0.00    0.00    0.00   92.05
Average:       3    0.00    0.00    0.31    0.00    0.00    0.00    0.00    0.00   99.69
Average:       3    0.00    0.00    0.61    0.00    0.00    0.00    0.00    0.00   99.39
Average:       3    0.30    0.00    0.30    0.00    0.00    0.00    0.00    0.00   99.41
Average:       3    0.30    0.00    0.30    0.00    0.00    0.00    0.00    0.00   99.39
Average:       3    0.00    0.00    0.91    0.00    0.00    0.00    0.00    0.00   99.09
Average:       3    0.00    0.00    0.61    0.00    0.00    0.00    0.00    0.00   99.39
Average:       3    0.00    0.00    0.60    0.00    0.00    0.00    0.00    0.00   99.40
Average:       3    0.00    0.00    0.61    0.00    0.00    0.00    0.00    0.00   99.39
Average:       3    0.28    0.00    0.56    0.00    0.00    0.00    0.00    0.00   99.16
Average:       3    0.00    0.00    0.61    0.00    0.00    0.00    0.00    0.00   99.39
Average:       3    0.00    0.00    0.53    0.00    0.00    0.00    0.00    0.00   99.47
Average:       3    0.00    0.00    0.59    0.00    0.00    0.00    0.00    0.00   99.41
Average:       3    0.25    0.00    0.25    0.00    0.00    0.00    0.00    0.00   99.51
Average:       3    0.00    0.00    0.25    0.00    0.00    0.00    0.00    0.00   99.75
Average:       3    0.00    0.00    0.51    0.00    0.00    0.00    0.00    0.00   99.49
Average:       3    0.00    0.00    0.77    0.00    0.00    0.00    0.00    0.00   99.23
Average:       3    0.00    0.00    0.52    0.00    0.00    0.00    0.00    0.00   99.48
Average:       3    0.00    0.00    0.52    0.00    0.00    0.00    0.00    0.00   99.48
Average:       3    0.00    0.00    0.26    0.00    0.00    0.00    0.00    0.00   99.74
Average:       3    0.26    0.00    0.26    0.00    0.00    0.00    0.00    0.00   99.47
Average:       3    0.00    0.00    0.27    0.00    0.00    0.00    0.00    0.00   99.73
Average:       3    0.26    0.00    0.52    0.00    0.00    0.00    0.00    0.00   99.22
Average:       3    0.00    0.00    0.54    0.00    0.00    0.00    0.00    0.00   99.46
Average:       3    0.26    0.00    0.26    0.00    0.00    0.00    0.00    0.00   99.48
Average:       3    0.28    0.00    0.28    0.00    0.00    0.00    0.00    0.00   99.45
Average:       3    0.55    0.00    0.55    0.00    0.00    0.00    0.00    0.00   98.90
Average:       3    0.00    0.00    0.56    0.00    0.00    0.00    0.00    0.00   99.44
Average:       3    0.00    0.00    0.56    0.00    0.00    0.00    0.00    0.00   99.44
Average:       3    0.00    0.00    0.53    0.00    0.00    0.00    0.00    0.00   99.47
Average:       3    0.00    0.00    0.57    0.00    0.00    0.00    0.29    0.00   99.14
Average:       3    0.27    0.00    0.27    0.00    0.00    0.00    0.00    0.00   99.46
Average:       3    0.29    0.00    0.58    0.00    0.00    0.00    0.00    0.00   99.13
Average:       3    0.00    0.00    0.54    0.00    0.00    0.00    0.00    0.00   99.46
Average:       3    0.29    0.00    0.29    0.00    0.00    0.00    0.00    0.00   99.41
Average:       3    0.30    0.00    0.89    0.00    0.00    0.00    0.00    0.00   98.81
Average:       3    0.00    0.00    0.51    0.00    0.00    0.00    0.00    0.00   99.49
Average:       3    0.00    0.00    0.60    0.00    0.00    0.00    0.00    0.00   99.40
Average:       3    0.00    0.00    0.27    0.00    0.00    0.00    0.00    0.00   99.73
Average:       3    0.30    0.00    0.59    0.00    0.00    0.00    0.00    0.00   99.11
Average:       3    0.00    0.00    0.61    0.00    0.00    0.00    0.00    0.00   99.39
Average:       3    0.30    0.00    0.30    0.00    0.00    0.00    0.00    0.00   99.39
Average:       3    0.00    0.00    0.91    0.00    0.00    0.00    0.00    0.00   99.09
Average:       3    0.23    0.00    0.69    0.00    0.00    0.00    0.00    0.00   99.08
Average:       3    0.30    0.00    0.60    0.00    0.00    0.00    0.00    0.00   99.10
Average:       3    0.27    0.00    0.54    0.00    0.00    0.00    0.00    0.00   99.19
Average:       3    0.00    0.00    0.76    0.00    0.00    0.00    0.00    0.00   99.24
Average:       3    0.00    0.00    0.27    0.00    0.00    0.00    0.00    0.00   99.73
Average:       3    0.25    0.00    0.25    0.00    0.00    0.00    0.00    0.00   99.50
Average:       3    0.25    0.00    0.00    0.00    0.00    0.00    0.00    0.00   99.75
Average:       3    0.27    0.00    0.27    1.08    0.00    0.00    0.00    0.00   98.37
Average:       3    0.51    0.00    0.26    0.00    0.00    0.00    0.00    0.00   99.23
Average:       3    0.00    0.00    1.80    0.00    0.00    0.00    0.00    0.00   98.20
Average:       3    0.00    0.00    3.07    0.00    0.00    0.00    0.00    0.00   96.93
Average:       3    0.00    0.00    1.31    0.00    0.00    0.00    0.00    0.00   98.69
Average:       3    0.28    0.00    0.28    0.00    0.00    0.00    0.00    0.00   99.45
Average:       3    0.00    0.00    0.00    0.00    0.00    0.00    0.00    0.00  100.00
Average:       3    0.00    0.00    1.65   11.57    0.00    0.00    0.00    0.00   86.78
Average:       3    0.26    0.00    4.69    0.00    0.00    0.00    0.00    0.00   95.05
Average:       3    0.28    0.00    0.55    0.00    0.00    0.00    0.00    0.00   99.17
Average:       3    0.00    0.00    0.87    0.00    0.00    0.00    0.00    0.00   99.13
Average:       3    0.00    0.00    0.54    0.00    0.00    0.00    0.00    0.00   99.46
Average:       3    0.00    0.00    0.59    0.00    0.00    0.00    0.00    0.00   99.41
Average:       3    0.00    0.00    0.30    0.00    0.00    0.00    0.00    0.00   99.70
Average:       3    0.00    0.00    0.59    0.00    0.00    0.00    0.00    0.00   99.41
Average:       3    0.00    0.00    0.30    0.00    0.00    0.00    0.00    0.00   99.70
Average:       3    0.00    0.00    0.58    7.23    0.00    0.00    0.00    0.00   92.20
Average:       3    0.00    0.00    0.60    0.00    0.00    0.00    0.00    0.00   99.40
Average:       3    0.00    0.00    0.27    6.58    0.00    0.00    0.00    0.00   93.15
Average:       3    0.00    0.00    0.60    0.00    0.00    0.00    0.00    0.00   99.40
Average:       3    0.00    0.00    0.60    0.60    0.00    0.00    0.00    0.00   98.79
Average:       3    0.30    0.00    0.30    7.74    0.00    0.00    0.00    0.00   91.67
Average:       3    0.00    0.00    0.31    0.00    0.00    0.00    0.00    0.00   99.69
Average:       3    0.00    0.00    1.87    0.27    0.00    0.00    0.00    0.00   97.87
Average:       3    0.00    0.00    1.11    0.00    0.00    0.00    0.00    0.00   98.89
Average:       3    0.24    0.00    2.18    0.24    0.00    0.00    0.00    0.00   97.33
Average:       3    0.00    0.00    2.33    0.00    0.00    0.00    0.00    0.00   97.67
Average:       3   11.80    0.00    2.06    0.00    0.00    0.00    0.59    0.00   85.55
Average:       3   10.29    0.00    2.65    0.00    0.00    0.00    0.29    0.00   86.76
Average:       3   10.91    0.00    3.24    0.00    0.00    0.00    0.29    0.00   85.55
Average:       3   10.66    0.00    2.31    0.00    0.00    0.00    0.58    0.00   86.46
Average:       3   10.68    0.00    2.97    0.00    0.00    0.00    0.30    0.00   86.05
Average:       3   12.43    0.00    3.25    0.00    0.00    0.00    0.59    0.00   83.73
Average:       3   11.90    0.00    2.08    0.00    0.00    0.00    0.30    0.00   85.71
Average:       3   10.69    0.00    2.31    0.00    0.00    0.00    0.58    0.00   86.42
Average:       3    9.80    0.00    2.59    0.00    0.00    0.00    0.29    0.00   87.32
Average:       3   10.20    0.00    2.33    0.00    0.00    0.00    0.58    0.00   86.88
Average:       3   13.06    0.00    2.37    0.00    0.00    0.00    0.30    0.00   84.27
Average:       3   12.39    0.00    2.36    0.00    0.00    0.00    0.59    0.00   84.66
Average:       3    9.38    0.00    2.05    0.00    0.00    0.00    0.59    0.00   87.98
Average:       3   10.76    0.00    2.62    0.00    0.00    0.00    0.58    0.00   86.05
Average:       3    9.94    0.00    2.63    0.00    0.00    0.00    0.58    0.00   86.84
Average:       3    8.99    0.00    2.03    0.00    0.00    0.00    0.58    0.00   88.41
Average:       3   10.91    0.00    2.65    0.00    0.00    0.00    0.59    0.00   85.84
Average:       3    9.59    0.00    2.03    0.00    0.00    0.00    0.29    0.00   88.08
Average:       3   12.95    0.00    2.41    0.00    0.00    0.00    0.30    0.00   84.34
Average:       3   11.40    0.00    2.34    0.00    0.00    0.00    0.29    0.00   85.96
Average:       3   14.20    0.00    2.37    0.00    0.00    0.00    0.59    0.00   82.84
Average:       3   11.54    0.00    2.07    0.00    0.00    0.00    0.30    0.00   86.09
Average:       3   11.54    0.00    3.25    0.00    0.00    0.00    0.59    0.00   84.62
Average:       3   11.63    0.00    2.33    0.00    0.00    0.00    0.29    0.00   85.76
Average:       3   10.95    0.00    2.59    0.00    0.00    0.00    0.58    0.00   85.88
Average:       3   11.76    0.00    2.94    0.00    0.00    0.00    0.29    0.00   85.00
Average:       3    9.59    0.00    2.03    0.87    0.00    0.00    0.58    0.00   86.92
Average:       3    8.76    0.00    1.69    0.00    0.00    0.00    0.56    0.00   88.98
Average:       3    9.51    0.00    2.88    0.00    0.00    0.00    0.58    0.00   87.03
Average:       3   12.35    0.00    2.35    0.00    0.00    0.00    0.29    0.00   85.00
Average:       3   10.95    0.00    2.31    0.00    0.00    0.00    0.29    0.00   86.46
Average:       3    8.31    0.00    1.72    0.00    0.00    0.00    0.29    0.00   89.68
Average:       3   10.50    0.00    2.33    0.00    0.00    0.00    0.58    0.00   86.59
Average:       3   10.91    0.00    2.36    0.00    0.00    0.00    0.59    0.00   86.14
Average:       3    9.77    0.00    1.44    0.57    0.00    0.00    0.29    0.00   87.93
Average:       3   10.69    0.00    1.45    0.00    0.00    0.00    0.29    0.00   87.57
Average:       3   10.79    0.00    2.92    1.17    0.00    0.00    0.29    0.00   84.84
Average:       3   11.64    0.00    2.69    0.00    0.00    0.00    0.60    0.00   85.07
Average:       3    6.82    0.00    2.08    0.00    0.00    0.00    0.30    0.00   90.80
Average:       3   11.85    0.00    1.45    0.00    0.00    0.00    0.58    0.00   86.13
Average:       3   11.24    0.00    3.25    0.00    0.00    0.00    0.59    0.00   84.91
Average:       3    8.33    0.00    2.30    0.00    0.00    0.00    0.29    0.00   89.08
Average:       3    9.04    0.00    2.62    0.58    0.00    0.00    0.58    0.00   87.17
Average:       3    8.00    0.00    2.00    0.00    0.00    0.00    0.57    0.00   89.43
Average:       3    8.86    0.00    2.29    0.00    0.00    0.00    0.29    0.00   88.57
Average:       3    9.74    0.00    1.43    0.00    0.00    0.00    0.29    0.00   88.54
Average:       3    9.83    0.00    2.31    0.00    0.00    0.00    0.58    0.00   87.28
Average:       3    9.59    0.00    2.62    1.74    0.00    0.00    0.29    0.00   85.76
Average:       3    6.53    0.00    2.27    0.00    0.00    0.00    0.28    0.00   90.91
Average:       3   10.79    0.00    2.04    0.00    0.00    0.00    0.29    0.00   86.88
Average:       3   10.06    0.00    1.72    0.00    0.00    0.00    0.57    0.00   87.64
Average:       3   11.04    0.00    2.69    0.00    0.00    0.00    0.30    0.00   85.97
Average:       3   10.47    0.00    2.03    0.00    0.00    0.00    0.29    0.00   87.21
Average:       3   11.83    0.00    2.07    0.00    0.00    0.00    0.59    0.00   85.50
Average:       3   14.46    0.00    3.01    0.00    0.00    0.00    0.60    0.00   81.93
Average:       3    8.88    0.00    2.29    0.00    0.00    0.00    0.29    0.00   88.54
Average:       3   10.53    0.00    1.75    0.00    0.00    0.00    0.29    0.00   87.43
Average:       3   12.76    0.00    2.08    0.00    0.00    0.00    0.30    0.00   84.87
Average:       3    6.69    0.00    1.11    0.00    0.00    0.00    0.00    0.00   92.20
Average:       3   11.40    0.00    2.05    0.00    0.00    0.00    0.29    0.00   86.26
Average:       3   12.35    0.00    2.94    0.00    0.00    0.00    0.59    0.00   84.12
Average:       3    8.83    0.00    2.28    0.57    0.00    0.00    0.28    0.00   88.03
Average:       3   10.56    0.00    2.05    0.00    0.00    0.00    0.29    0.00   87.10
Average:       3    9.94    0.00    1.17    0.00    0.00    0.00    0.29    0.00   88.60
Average:       3   10.82    0.00    2.63    0.00    0.00    0.00    0.29    0.00   86.26
Average:       3   10.43    0.00    2.32    0.00    0.00    0.00    0.29    0.00   86.96
Average:       3   13.03    0.00    3.03    0.00    0.00    0.00    0.61    0.00   83.33
Average:       3   10.76    0.00    2.62    0.00    0.00    0.00    0.58    0.00   86.05
Average:       3   10.53    0.00    2.92    0.00    0.00    0.00    0.29    0.00   86.26
Average:       3    7.51    0.00    2.31    2.31    0.00    0.00    0.29    0.00   87.57
Average:       3   12.72    0.00    2.07    0.00    0.00    0.00    0.59    0.00   84.62
Average:       3   12.39    0.00    2.65    0.00    0.00    0.00    0.29    0.00   84.66
Average:       3    4.42    0.00    0.98    0.00    0.00    0.00    0.25    0.00   94.35
Average:       3   11.01    0.00    2.32    0.00    0.00    0.00    0.29    0.00   86.38
Average:       3   11.50    0.00    2.06    0.29    0.00    0.00    0.59    0.00   85.55
Average:       3   11.98    0.00    2.69    0.00    0.00    0.00    0.30    0.00   85.03
Average:       3   11.76    0.00    1.47    0.00    0.00    0.00    0.29    0.00   86.47
Average:       3    8.67    0.00    2.60    0.00    0.00    0.00    0.29    0.00   88.44
Average:       3   11.30    0.00    2.03    0.00    0.00    0.00    0.58    0.00   86.09
Average:       3    8.24    0.00    1.99    0.00    0.00    0.00    0.28    0.00   89.49
Average:       3    6.90    0.00    2.87    0.00    0.00    0.00    0.29    0.00   89.94
Average:       3    9.25    0.00    2.31    0.00    0.00    0.00    0.58    0.00   87.86
Average:       3   10.59    0.00    2.65    0.00    0.00    0.00    0.29    0.00   86.47
Average:       3   10.43    0.00    2.61    0.00    0.00    0.00    0.58    0.00   86.38
Average:       3   11.64    0.00    2.09    0.00    0.00    0.00    0.30    0.00   85.97
Average:       3   10.43    0.00    2.32    0.29    0.00    0.00    0.29    0.00   86.67
Average:       3    3.68    0.00    0.98    0.00    0.00    0.00    0.00    0.00   95.34
Average:       3   12.77    0.00    4.56    0.91    0.00    0.00    0.61    0.00   81.16
Average:       3   14.63    0.00    3.05    0.00    0.00    0.00    0.61    0.00   81.71
Average:       3   10.50    0.00    1.46    0.00    0.00    0.00    0.29    0.00   87.76
Average:       3   10.37    0.00    2.31    0.00    0.00    0.00    0.29    0.00   87.03
Average:       3   11.24    0.00    2.07    0.00    0.00    0.00    0.59    0.00   86.09
Average:       3    9.22    0.00    1.73    3.75    0.00    0.00    0.29    0.00   85.01
Average:       3   12.17    0.00    1.78    0.00    0.00    0.00    0.30    0.00   85.76
Average:       3    8.05    0.00    2.01    0.00    0.00    0.00    0.57    0.00   89.37
Average:       3   10.62    0.00    2.65    0.00    0.00    0.00    0.29    0.00   86.43
Average:       3   10.43    0.00    2.03    0.00    0.00    0.00    0.29    0.00   87.25
Average:       3   11.56    0.00    1.73    1.16    0.00    0.00    0.58    0.00   84.97
Average:       3   10.65    0.00    2.37    0.00    0.00    0.00    0.30    0.00   86.69
Average:       3   11.64    0.00    3.28    0.00    0.00    0.00    0.30    0.00   84.78
Average:       3    9.25    0.00    3.47    0.00    0.00    0.00    0.29    0.00   86.99
Average:       3   11.05    0.00    2.62    0.00    0.00    0.00    0.29    0.00   86.05
Average:       3    9.94    0.00    2.63    0.58    0.00    0.00    0.58    0.00   86.26
Average:       3   10.82    0.00    2.63    0.00    0.00    0.00    0.58    0.00   85.96
Average:       3   12.17    0.00    1.78    0.00    0.00    0.00    0.59    0.00   85.46
Average:       3    5.79    0.00    2.20    0.00    0.00    0.00    0.28    0.00   91.74
Average:       3   14.37    0.00    2.40    0.00    0.00    0.00    0.60    0.00   82.63
Average:       3   10.12    0.00    2.31    0.00    0.00    0.00    0.29    0.00   87.28
Average:       3   11.70    0.00    1.75    0.00    0.00    0.00    0.29    0.00   86.26
Average:       3   10.06    0.00    2.96    0.00    0.00    0.00    0.30    0.00   86.69
Average:       3   10.76    0.00    2.33    0.00    0.00    0.00    0.29    0.00   86.63
Average:       3   11.44    0.00    2.93    0.00    0.00    0.00    0.59    0.00   85.04
Average:       3   11.44    0.00    2.64    0.00    0.00    0.00    0.29    0.00   85.63
Average:       3    4.63    0.00    1.36    0.00    0.00    0.00    0.27    0.00   93.73
Average:       3   13.74    0.00    2.63    0.00    0.00    0.00    0.29    0.00   83.33
Average:       3   12.91    0.00    3.00    0.00    0.00    0.00    0.30    0.00   83.78
Average:       3   10.26    0.00    2.35    0.00    0.00    0.00    0.29    0.00   87.10
Average:       3    9.94    0.00    2.63    0.00    0.00    0.00    0.58    0.00   86.84
Average:       3   10.12    0.00    2.31    0.00    0.00    0.00    0.29    0.00   87.28
Average:       3   11.95    0.00    1.17    0.00    0.00    0.00    0.29    0.00   86.59
Average:       3    9.36    0.00    2.63    0.00    0.00    0.00    0.29    0.00   87.72
Average:       3   10.37    0.00    2.31    0.00    0.00    0.00    0.29    0.00   87.03
Average:       3   11.87    0.00    2.97    0.00    0.00    0.00    0.30    0.00   84.87
Average:       3    8.33    0.00    2.59    0.00    0.00    0.00    0.29    0.00   88.79
Average:       3    9.77    0.00    2.30    0.00    0.00    0.00    0.29    0.00   87.64
Average:       3    9.51    0.00    1.44    0.00    0.00    0.00    0.29    0.00   88.76
Average:       3   10.37    0.00    2.31    0.00    0.00    0.00    0.29    0.00   87.03
Average:       3   11.50    0.00    2.06    0.00    0.00    0.00    0.29    0.00   86.14
Average:       3    9.30    0.00    1.74    0.00    0.00    0.00    0.58    0.00   88.37
Average:       3    9.97    0.00    1.42    0.00    0.00    0.00    0.28    0.00   88.32
Average:       3   10.59    0.00    3.24    0.00    0.00    0.00    0.29    0.00   85.88
Average:       3    7.93    0.00    1.70    0.00    0.00    0.00    0.28    0.00   90.08
Average:       3   15.06    0.00    2.71    0.00    0.00    0.00    0.30    0.00   81.93
Average:       3    9.14    0.00    1.43    0.00    0.00    0.00    0.00    0.00   89.43
Average:       3   10.76    0.00    2.03    1.16    0.00    0.00    0.29    0.00   85.76
Average:       3    8.52    0.00    1.14    0.00    0.00    0.00    0.28    0.00   90.06
Average:       3   12.31    0.00    3.00    0.00    0.00    0.00    0.60    0.00   84.08
Average:       3    9.30    0.00    2.91    0.00    0.00    0.00    0.29    0.00   87.50
Average:       3    9.40    0.00    2.28    0.00    0.00    0.00    0.28    0.00   88.03
Average:       3   12.87    0.00    2.40    0.00    0.00    0.00    0.30    0.00   84.43
Average:       3   12.35    0.00    1.76    0.00    0.00    0.00    0.29    0.00   85.59
Average:       3    9.86    0.00    2.61    0.00    0.00    0.00    0.29    0.00   87.25
Average:       3   11.70    0.00    2.63    0.00    0.00    0.00    0.58    0.00   85.09
Average:       3   10.83    0.00    1.71    0.00    0.00    0.00    0.28    0.00   87.18
Average:       3   10.37    0.00    2.31    1.15    0.00    0.00    0.29    0.00   85.88
Average:       3   12.06    0.00    2.06    0.29    0.00    0.00    0.59    0.00   85.00
Average:       3    4.88    0.00    0.81    0.00    0.00    0.00    0.00    0.00   94.31
Average:       3   11.98    0.00    2.69    0.00    0.00    0.00    0.30    0.00   85.03
Average:       3   11.11    0.00    2.34    0.00    0.00    0.00    0.29    0.00   86.26
Average:       3    9.97    0.00    1.76    0.00    0.00    0.00    0.29    0.00   87.98
Average:       3    9.54    0.00    2.02    0.00    0.00    0.00    0.58    0.00   87.86
Average:       3   11.76    0.00    3.24    0.00    0.00    0.00    0.00    0.00   85.00
Average:       3    8.81    0.00    2.27    0.00    0.00    0.00    0.28    0.00   88.64
Average:       3   10.66    0.00    2.02    0.29    0.00    0.00    0.29    0.00   86.74
Average:       3    9.83    0.00    1.45    0.00    0.00    0.00    0.29    0.00   88.44
Average:       3   10.47    0.00    1.45    0.00    0.00    0.00    0.29    0.00   87.79
Average:       3    9.25    0.00    1.73    0.00    0.00    0.00    0.29    0.00   88.73
Average:       3    9.14    0.00    1.43    0.00    0.00    0.00    0.29    0.00   89.14
Average:       3    7.32    0.00    2.25    0.00    0.00    0.00    0.28    0.00   90.14
Average:       3   11.70    0.00    2.34    0.00    0.00    0.00    0.29    0.00   85.67
Average:       3   10.76    0.00    2.33    0.00    0.00    0.00    0.29    0.00   86.63
Average:       3   11.27    0.00    1.45    2.60    0.00    0.00    0.29    0.00   84.39
Average:       3   10.32    0.00    2.58    0.00    0.00    0.00    0.29    0.00   86.82
Average:       3    7.98    0.00    1.71    0.00    0.00    0.00    0.28    0.00   90.03
Average:       3    9.35    0.00    1.42    0.00    0.00    0.00    0.00    0.00   89.24
Average:       3   11.95    0.00    2.04    0.00    0.00    0.00    0.29    0.00   85.71
Average:       3   11.40    0.00    2.05    0.00    0.00    0.00    0.58    0.00   85.96
Average:       3    9.30    0.00    2.03    0.00    0.00    0.00    0.29    0.00   88.37
Average:       3    9.14    0.00    2.00    0.00    0.00    0.00    0.29    0.00   88.57
Average:       3    4.32    0.00    0.54    3.24    0.00    0.00    0.00    0.00   91.89
Average:       3    8.36    0.00    1.73    0.00    0.00    0.00    0.29    0.00   89.63
Average:       3    9.51    0.00    3.17    0.00    0.00    0.00    0.29    0.00   87.03
Average:       3    9.35    0.00    1.98    0.00    0.00    0.00    0.28    0.00   88.39
Average:       3   11.82    0.00    1.73    0.86    0.00    0.00    0.58    0.00   85.01
Average:       3   11.63    0.00    1.16    0.00    0.00    0.00    0.29    0.00   86.92
Average:       3    9.54    0.00    2.60    0.00    0.00    0.00    0.29    0.00   87.57
Average:       3    8.12    0.00    3.19    0.29    0.00    0.00    0.29    0.00   88.12
Average:       3    8.73    0.00    1.69    0.00    0.00    0.00    0.28    0.00   89.30
Average:       3   10.34    0.00    1.72    0.00    0.00    0.00    0.29    0.00   87.64
Average:       3    9.63    0.00    1.98    0.57    0.00    0.00    0.28    0.00   87.54
Average:       3    5.16    0.00    1.36    0.00    0.00    0.00    0.00    0.00   93.48
Average:       3   10.23    0.00    3.22    0.00    0.00    0.00    0.29    0.00   86.26
Average:       3    9.57    0.00    2.03    1.45    0.00    0.00    0.29    0.00   86.67
Average:       3   10.63    0.00    2.01    0.86    0.00    0.00    0.29    0.00   86.21
Average:       3   10.79    0.00    1.46    0.00    0.00    0.00    0.29    0.00   87.46
Average:       3   11.59    0.00    2.03    0.00    0.00    0.00    0.00    0.00   86.38
Average:       3    8.60    0.00    2.29    0.00    0.00    0.00    0.29    0.00   88.83
Average:       3    8.81    0.00    1.70    0.00    0.00    0.00    0.00    0.00   89.49
Average:       3   11.04    0.00    2.39    0.00    0.00    0.00    0.30    0.00   86.27
Average:       3    8.86    0.00    1.71    0.00    0.00    0.00    0.29    0.00   89.14
Average:       3    8.65    0.00    2.31    2.02    0.00    0.00    0.29    0.00   86.74
Average:       3   10.86    0.00    2.00    0.00    0.00    0.00    0.29    0.00   86.86
Average:       3   11.63    0.00    1.45    0.00    0.00    0.00    0.29    0.00   86.63
Average:       3    8.24    0.00    2.27    0.00    0.00    0.00    0.28    0.00   89.20
Average:       3    8.86    0.00    2.29    0.00    0.00    0.00    0.29    0.00   88.57
Average:       3   11.44    0.00    2.05    0.00    0.00    0.00    0.29    0.00   86.22
Average:       3    9.38    0.00    1.99    0.00    0.00    0.00    0.28    0.00   88.35
Average:       3   11.73    0.00    1.76    0.00    0.00    0.00    0.29    0.00   86.22
Average:       3   11.76    0.00    2.06    0.00    0.00    0.00    0.00    0.00   86.18
Average:       3    8.96    0.00    2.02    0.00    0.00    0.00    0.29    0.00   88.73
Average:       3    9.17    0.00    2.01    0.29    0.00    0.00    0.57    0.00   87.97
Average:       3   11.28    0.00    2.37    0.00    0.00    0.00    0.30    0.00   86.05
Average:       3   10.32    0.00    3.44    0.00    0.00    0.00    0.29    0.00   85.96
Average:       3   10.26    0.00    2.35    0.59    0.00    0.00    0.59    0.00   86.22
Average:       3    8.02    0.00    1.72    0.00    0.00    0.00    0.29    0.00   89.97
Average:       3   12.95    0.00    2.71    0.00    0.00    0.00    0.30    0.00   84.04
Average:       3   10.59    0.00    2.35    0.00    0.00    0.00    0.59    0.00   86.47
Average:       3    6.32    0.00    1.37    0.00    0.00    0.00    0.27    0.00   92.03
Average:       3   11.21    0.00    1.72    0.00    0.00    0.00    0.29    0.00   86.78
Average:       3    7.89    0.00    1.97    0.00    0.00    0.00    0.28    0.00   89.86
Average:       3   10.37    0.00    2.31    0.00    0.00    0.00    0.29    0.00   87.03
Average:       3   12.09    0.00    1.47    0.00    0.00    0.00    0.29    0.00   86.14
Average:       3   12.46    0.00    2.37    0.00    0.00    0.00    0.30    0.00   84.87
Average:       3    9.80    0.00    2.31    0.00    0.00    0.00    0.29    0.00   87.61
Average:       3   10.00    0.00    3.24    0.00    0.00    0.00    0.59    0.00   86.18
Average:       3    8.88    0.00    3.15    0.29    0.00    0.00    0.29    0.00   87.39
Average:       3   12.54    0.00    2.09    0.00    0.00    0.00    0.30    0.00   85.07
Average:       3   11.18    0.00    1.76    0.00    0.00    0.00    0.29    0.00   86.76
Average:       3    4.81    0.00    1.07    0.27    0.00    0.00    0.27    0.00   93.58
Average:       3   11.37    0.00    2.04    0.00    0.00    0.00    0.29    0.00   86.30
Average:       3   11.27    0.00    1.73    0.00    0.00    0.00    0.00    0.00   86.99
Average:       3   10.03    0.00    2.01    0.00    0.00    0.00    0.29    0.00   87.68
Average:       3   13.61    0.00    2.37    0.00    0.00    0.00    0.30    0.00   83.73
Average:       3   10.57    0.00    2.00    0.00    0.00    0.00    0.29    0.00   87.14
Average:       3    9.48    0.00    2.59    0.00    0.00    0.00    0.29    0.00   87.64
Average:       3    8.88    0.00    3.44    2.29    0.00    0.00    0.29    0.00   85.10
Average:       3    9.22    0.00    0.58    0.00    0.00    0.00    0.58    0.00   89.63
Average:       3    9.88    0.00    2.91    0.00    0.00    0.00    0.29    0.00   86.92
Average:       3   13.45    0.00    2.63    0.00    0.00    0.00    0.00    0.00   83.92
Average:       3   10.57    0.00    1.71    0.00    0.00    0.00    0.00    0.00   87.71
Average:       3   10.09    0.00    2.59    3.46    0.00    0.00    0.29    0.00   83.57
Average:       3    8.55    0.00    2.85    0.00    0.00    0.00    0.28    0.00   88.32
Average:       3   10.65    0.00    3.25    0.00    0.00    0.00    0.30    0.00   85.80
Average:       3    7.03    0.00    0.54    0.27    0.00    0.00    0.27    0.00   91.89
Average:       3   12.87    0.00    2.99    0.00    0.00    0.00    0.30    0.00   83.83
Average:       3   12.80    0.00    2.38    0.00    0.00    0.00    0.30    0.00   84.52
Average:       3    9.91    0.00    2.33    0.00    0.00    0.00    0.29    0.00   87.46
Average:       3    5.23    0.00    2.48    0.00    0.00    0.00    0.28    0.00   92.01
Average:       3   11.44    0.00    2.05    0.00    0.00    0.00    0.29    0.00   86.22
Average:       3    7.61    0.00    1.69    0.00    0.00    0.00    0.28    0.00   90.42
Average:       3    9.71    0.00    2.29    0.00    0.00    0.00    0.29    0.00   87.71
Average:       3    9.92    0.00    1.42    0.00    0.00    0.00    0.28    0.00   88.39
Average:       3    6.75    0.00    1.00    1.50    0.00    0.00    0.25    0.00   90.50
Average:       3    8.31    0.00    2.87    0.00    0.00    0.00    0.57    0.00   88.25
Average:       3   10.60    0.00    1.72    0.00    0.00    0.00    0.57    0.00   87.11
Average:       3   12.02    0.00    1.76    0.00    0.00    0.00    0.59    0.00   85.63
Average:       3    7.14    0.00    0.82    0.00    0.00    0.00    0.00    0.00   92.03
Average:       3    8.15    0.00    1.69    0.00    0.00    0.00    0.56    0.00   89.61
Average:       3    8.73    0.00    1.41   15.77    0.00    0.00    0.28    0.00   73.80
Average:       3    9.66    0.00    2.56    0.00    0.00    0.00    0.28    0.00   87.50
Average:       3   10.69    0.00    1.73    0.00    0.00    0.00    0.29    0.00   87.28
Average:       3    9.01    0.00    3.78    5.52    0.00    0.00    0.58    0.00   81.10
Average:       3   11.01    0.00    2.03    0.00    0.00    0.00    0.58    0.00   86.38
Average:       3   11.47    0.00    2.06    0.00    0.00    0.00    0.29    0.00   86.18
Average:       3   11.05    0.00    1.74    0.00    0.00    0.00    0.29    0.00   86.92
Average:       3    9.85    0.00    2.46    0.00    0.00    0.00    0.31    0.00   87.38
Average:       3    8.86    0.00    1.43    0.00    0.00    0.00    0.00    0.00   89.71
Average:       3    5.87    0.00    1.12    0.00    0.00    0.00    0.00    0.00   93.02
Average:       3   12.65    0.00    1.76    0.00    0.00    0.00    0.29    0.00   85.29
Average:       3    3.19    0.00    1.06    1.86    0.00    0.00    0.27    0.00   93.62
Average:       3   11.44    0.00    2.35    0.00    0.00    0.00    0.29    0.00   85.92
Average:       3    2.13    0.00    0.30    0.00    0.00    0.00    0.00    0.00   97.57
Average:       3    0.23    0.00    0.46    0.69    0.00    0.00    0.00    0.00   98.61
Average:       3    0.29    0.00    0.29    0.00    0.00    0.00    0.00    0.00   99.43
Average:       3    0.25    0.00    0.49    0.00    0.00    0.00    0.00    0.00   99.26
Average:       3    0.27    0.00    0.80    1.87    0.00    0.00    0.00    0.00   97.06
Average:       3    0.30    0.00    0.00    0.00    0.00    0.00    0.00    0.00   99.70
Average:       3    0.00    0.00    0.30    0.00    0.00    0.00    0.00    0.00   99.70
Average:       3    0.00    0.00    0.30    0.00    0.00    0.00    0.00    0.00   99.70
Average:       3    0.00    0.00    0.26    0.51    0.00    0.00    0.00    0.00   99.23
Average:       3    0.00    0.00    0.25    0.00    0.00    0.00    0.00    0.00   99.75
Average:       3    0.00    0.00    0.50    2.23    0.00    0.00    0.00    0.00   97.28
Average:       3    0.25    0.00    0.25    0.00    0.00    0.00    0.00    0.00   99.50
Average:       3    0.00    0.00    0.51    0.00    0.00    0.00    0.00    0.00   99.49
Average:       3    0.25    0.00    0.00    0.00    0.00    0.00    0.00    0.00   99.75
Average:       3    0.25    0.00    0.25    0.00    0.00    0.00    0.00    0.00   99.50
Average:       3    0.00    0.00    0.50    0.00    0.00    0.00    0.00    0.00   99.50
Average:       3    0.25    0.00    0.25    0.00    0.00    0.00    0.00    0.00   99.49
Average:       3    0.00    0.00    0.25    0.00    0.00    0.00    0.00    0.00   99.75
Average:       3    0.00    0.00    0.50    0.00    0.00    0.00    0.00    0.00   99.50
Average:       3    0.26    0.00    0.26    0.00    0.00    0.00    0.00    0.00   99.49
Average:       3    0.00    0.00    0.25    0.00    0.00    0.00    0.00    0.00   99.75
Average:       3    0.00    0.00    0.50    0.00    0.00    0.00    0.00    0.00   99.50
Average:       3    0.00    0.00    0.50    0.00    0.00    0.00    0.00    0.00   99.50
Average:       3    0.25    0.00    0.00    0.00    0.00    0.00    0.00    0.00   99.75
Average:       3    0.25    0.00    0.25    0.00    0.00    0.00    0.00    0.00   99.50
Average:       3    0.00    0.00    0.25    0.00    0.00    0.00    0.00    0.00   99.75
Average:       3    0.25    0.00    0.25    0.00    0.00    0.00    0.00    0.00   99.50
Average:       3    0.25    0.00    0.50    0.00    0.00    0.00    0.00    0.00   99.25
Average:       3    0.00    0.00    0.25    0.00    0.00    0.00    0.00    0.00   99.75
Average:       3    0.00    0.00    0.25    0.00    0.00    0.00    0.00    0.00   99.75
Average:       3    0.26    0.00    0.26    0.00    0.00    0.00    0.00    0.00   99.49
Average:       3    0.00    0.00    0.25    0.00    0.00    0.00    0.00    0.00   99.75
Average:       3    0.00    0.00    0.51    0.00    0.00    0.00    0.00    0.00   99.49
Average:       3    0.00    0.00    0.50    0.00    0.00    0.00    0.00    0.00   99.50
Average:       3    0.00    0.00    0.25    0.00    0.00    0.00    0.00    0.00   99.75
Average:       3    0.25    0.00    0.25    0.00    0.00    0.00    0.00    0.00   99.50
Average:       3    0.00    0.00    0.75    0.00    0.00    0.00    0.00    0.00   99.25
Average:       3    0.00    0.00    0.50    0.00    0.00    0.00    0.00    0.00   99.50
Average:       3    0.00    0.00    0.25    0.00    0.00    0.00    0.00    0.00   99.75
Average:       3    0.00    0.00    0.50    0.00    0.00    0.00    0.00    0.00   99.50
Average:       3    0.00    0.00    0.00    0.00    0.00    0.00    0.00    0.00  100.00
Average:       3    0.25    0.00    0.25    0.00    0.00    0.00    0.00    0.00   99.50
