Average:       3    0.00    0.00    0.86    4.58    0.00    0.00    0.00    0.00   94.56
Average:       3    0.00    0.00    0.86    0.00    0.00    0.00    0.00    0.00   99.14
Average:       3    0.35    0.00    0.69    8.33    0.00    0.00    0.00    0.00   90.62
Average:       3    0.29    0.00    0.29    0.00    0.00    0.00    0.00    0.00   99.41
Average:       3    0.00    0.00    0.59    0.59    0.00    0.00    0.00    0.00   98.82
Average:       3    0.70    0.00    0.70    9.12    0.00    0.00    0.00    0.00   89.47
Average:       3    0.00    0.00    0.51    0.00    0.00    0.00    0.00    0.00   99.49
Average:       3    0.27    0.00    1.33    0.27    0.00    0.00    0.00    0.00   98.14
Average:       3    0.00    0.00    0.52    0.00    0.00    0.00    0.00    0.00   99.48
Average:       3    0.26    0.00    3.65    0.00    0.00    0.00    0.00    0.00   96.09
Average:       3    0.29    0.00    1.43    0.29    0.00    0.00    0.00    0.00   97.99
Average:       3   11.21    0.00    2.95    0.00    0.00    0.00    0.29    0.00   85.55
Average:       3    9.20    0.00    2.97    0.00    0.00    0.00    0.30    0.00   87.54
Average:       3   11.44    0.00    3.23    0.00    0.00    0.00    0.29    0.00   85.04
Average:       3   11.11    0.00    3.22    0.00    0.00    0.00    0.58    0.00   85.09
Average:       3    7.93    0.00    1.42    0.00    0.00    0.00    0.57    0.00   90.08
Average:       3   10.62    0.00    3.54    0.00    0.00    0.00    0.29    0.00   85.55
Average:       3   11.87    0.00    2.67    0.00    0.00    0.00    0.30    0.00   85.16
Average:       3   13.17    0.00    2.69    0.00    0.00    0.00    0.30    0.00   83.83
Average:       3   11.54    0.00    3.25    0.00    0.00    0.00    0.59    0.00   84.62
Average:       3   10.88    0.00    2.94    0.00    0.00    0.00    0.29    0.00   85.88
Average:       3   10.85    0.00    2.93    0.00    0.00    0.00    0.59    0.00   85.63
Average:       3   13.55    0.00    3.61    0.00    0.00    0.00    0.60    0.00   82.23
Average:       3   10.62    0.00    2.65    0.00    0.00    0.00    0.29    0.00   86.43
Average:       3   12.43    0.00    2.96    0.00    0.00    0.00    0.30    0.00   84.32
Average:       3    9.51    0.00    3.17    0.00    0.00    0.00    0.29    0.00   87.03
Average:       3   10.17    0.00    3.20    0.00    0.00    0.00    0.58    0.00   86.05
Average:       3   12.69    0.00    2.72    0.00    0.00    0.00    0.30    0.00   84.29
Average:       3    9.59    0.00    3.20    0.00    0.00    0.00    0.29    0.00   86.92
Average:       3   11.70    0.00    2.34    0.00    0.00    0.00    0.58    0.00   85.38
Average:       3   11.98    0.00    2.99    0.30    0.00    0.00    0.60    0.00   84.13
Average:       3   12.09    0.00    2.36    0.00    0.00    0.00    0.59    0.00   84.96
Average:       3   12.20    0.00    2.68    0.00    0.00    0.00    0.60    0.00   84.52
Average:       3    9.38    0.00    2.64    0.00    0.00    0.00    0.59    0.00   87.39
Average:       3    9.86    0.00    2.90    0.00    0.00    0.00    0.29    0.00   86.96
Average:       3   11.11    0.00    2.63    0.00    0.00    0.00    0.29    0.00   85.96
Average:       3   10.95    0.00    3.25    0.00    0.00    0.00    0.59    0.00   85.21
Average:       3   10.29    0.00    2.94    0.88    0.00    0.00    0.29    0.00   85.59
Average:       3    8.91    0.00    2.59    0.00    0.00    0.00    0.29    0.00   88.22
Average:       3    9.80    0.00    1.73    0.00    0.00    0.00    0.29    0.00   88.18
Average:       3   14.50    0.00    2.42    0.00    0.00    0.00    0.60    0.00   82.48
Average:       3    9.48    0.00    2.87    0.00    0.00    0.00    0.29    0.00   87.36
Average:       3    9.97    0.00    2.93    0.00    0.00    0.00    0.29    0.00   86.80
Average:       3    9.80    0.00    2.02    0.00    0.00    0.00    0.29    0.00   87.90
Average:       3   10.39    0.00    2.97    0.00    0.00    0.00    0.59    0.00   86.05
Average:       3   10.40    0.00    2.31    0.00    0.00    0.00    0.29    0.00   86.99
Average:       3   11.54    0.00    1.48    0.00    0.00    0.00    0.30    0.00   86.69
Average:       3   12.46    0.00    3.34    1.22    0.00    0.00    0.30    0.00   82.67
Average:       3   10.36    0.00    2.96    0.00    0.00    0.00    0.30    0.00   86.39
Average:       3    4.35    0.00    1.36    0.00    0.00    0.00    0.00    0.00   94.29
Average:       3    8.96    0.00    2.60    0.00    0.00    0.00    0.29    0.00   88.15
Average:       3   12.57    0.00    3.59    0.00    0.00    0.00    0.30    0.00   83.53
Average:       3    8.86    0.00    2.57    0.00    0.00    0.00    0.29    0.00   88.29
Average:       3    9.85    0.00    2.69    0.00    0.00    0.00    0.30    0.00   87.16
Average:       3   10.17    0.00    2.33    0.00    0.00    0.00    0.29    0.00   87.21
Average:       3   11.73    0.00    2.93    0.00    0.00    0.00    0.59    0.00   84.75
Average:       3    8.65    0.00    2.59    0.00    0.00    0.00    0.58    0.00   88.18
Average:       3   11.50    0.00    2.65    0.00    0.00    0.00    0.59    0.00   85.25
Average:       3    9.20    0.00    3.45    1.72    0.00    0.00    0.29    0.00   85.34
Average:       3    9.94    0.00    2.05    0.00    0.00    0.00    0.29    0.00   87.72
Average:       3   10.72    0.00    1.74    0.00    0.00    0.00    0.58    0.00   86.96
Average:       3   10.85    0.00    2.64    0.00    0.00    0.00    0.29    0.00   86.22
Average:       3   11.50    0.00    2.65    0.00    0.00    0.00    0.29    0.00   85.55
Average:       3    9.86    0.00    2.03    0.00    0.00    0.00    0.58    0.00   87.54
Average:       3   12.24    0.00    2.09    0.00    0.00    0.00    0.30    0.00   85.37
Average:       3   12.13    0.00    3.85    0.00    0.00    0.00    0.30    0.00   83.73
Average:       3    8.99    0.00    2.90    0.00    0.00    0.00    0.58    0.00   87.54
Average:       3   11.14    0.00    2.35    0.00    0.00    0.00    0.29    0.00   86.22
Average:       3   12.12    0.00    3.03    0.61    0.00    0.00    0.30    0.00   83.94
Average:       3   12.24    0.00    2.69    0.00    0.00    0.00    0.30    0.00   84.78
Average:       3   11.70    0.00    2.05    0.00    0.00    0.00    0.58    0.00   85.67
Average:       3   11.90    0.00    3.27    0.00    0.00    0.00    0.30    0.00   84.52
Average:       3   10.43    0.00    3.19    0.00    0.00    0.00    0.58    0.00   85.80
Average:       3   12.20    0.00    2.68    0.00    0.00    0.00    0.60    0.00   84.52
Average:       3    9.92    0.00    1.98    0.00    0.00    0.00    0.57    0.00   87.54
Average:       3    8.38    0.00    2.31    0.00    0.00    0.00    0.29    0.00   89.02
Average:       3   10.20    0.00    2.92    0.00    0.00    0.00    0.58    0.00   86.30
Average:       3   10.59    0.00    1.76    0.00    0.00    0.00    0.29    0.00   87.35
Average:       3   12.05    0.00    3.61    0.00    0.00    0.00    0.30    0.00   84.04
Average:       3   13.33    0.00    3.03    0.00    0.00    0.00    0.61    0.00   83.03
Average:       3    8.41    0.00    2.03    2.32    0.00    0.00    0.29    0.00   86.96
Average:       3   11.57    0.00    2.97    0.00    0.00    0.00    0.30    0.00   85.16
Average:       3   12.24    0.00    2.92    0.00    0.00    0.00    0.58    0.00   84.26
Average:       3    4.57    0.00    1.34    0.00    0.00    0.00    0.00    0.00   94.09
Average:       3   12.17    0.00    2.61    0.00    0.00    0.00    0.58    0.00   84.64
Average:       3   13.43    0.00    2.39    0.00    0.00    0.00    0.30    0.00   83.88
Average:       3   11.54    0.00    2.96    0.00    0.00    0.00    0.59    0.00   84.91
Average:       3   10.43    0.00    1.45    0.00    0.00    0.00    0.29    0.00   87.83
Average:       3    8.78    0.00    1.98    0.00    0.00    0.00    0.28    0.00   88.95
Average:       3   11.76    0.00    1.76    0.00    0.00    0.00    0.29    0.00   86.18
Average:       3   10.26    0.00    2.28    0.00    0.00    0.00    0.28    0.00   87.18
Average:       3    8.41    0.00    3.19    0.00    0.00    0.00    0.29    0.00   88.12
Average:       3   11.61    0.00    3.87    0.00    0.00    0.00    0.30    0.00   84.23
Average:       3   10.17    0.00    2.33    0.00    0.00    0.00    0.58    0.00   86.92
Average:       3   12.17    0.00    2.67    0.00    0.00    0.00    0.30    0.00   84.87
Average:       3    9.33    0.00    3.50    0.00    0.00    0.00    0.58    0.00   86.59
Average:       3   11.47    0.00    3.24    0.29    0.00    0.00    0.29    0.00   84.71
Average:       3    6.61    0.00    2.20    0.00    0.00    0.00    0.28    0.00   90.91
Average:       3   12.65    0.00    3.92    0.00    0.00    0.00    0.30    0.00   83.13
Average:       3   12.69    0.00    3.02    0.00    0.00    0.00    0.30    0.00   83.99
Average:       3   10.12    0.00    1.45    0.00    0.00    0.00    0.58    0.00   87.86
Average:       3   11.50    0.00    2.65    0.00    0.00    0.00    0.29    0.00   85.55
Average:       3   10.47    0.00    2.33    0.00    0.00    0.00    0.29    0.00   86.92
Average:       3   14.03    0.00    2.69    0.00    0.00    0.00    0.60    0.00   82.69
Average:       3   10.59    0.00    2.06    0.00    0.00    0.00    0.29    0.00   87.06
Average:       3    9.71    0.00    2.29    0.00    0.00    0.00    0.29    0.00   87.71
Average:       3   10.62    0.00    2.36    0.00    0.00    0.00    0.59    0.00   86.43
Average:       3   10.12    0.00    2.31    0.00    0.00    0.00    0.00    0.00   87.57
Average:       3   10.95    0.00    3.85    0.00    0.00    0.00    0.30    0.00   84.91
Average:       3   12.31    0.00    3.00    0.00    0.00    0.00    0.60    0.00   84.08
Average:       3   12.39    0.00    3.63    0.00    0.00    0.00    0.60    0.00   83.38
Average:       3   10.36    0.00    4.14    0.00    0.00    0.00    0.30    0.00   85.21
Average:       3   12.02    0.00    2.93    0.00    0.00    0.00    0.59    0.00   84.46
Average:       3   11.90    0.00    2.08    1.49    0.00    0.00    0.30    0.00   84.23
Average:       3   13.94    0.00    3.33    0.00    0.00    0.00    0.61    0.00   82.12
Average:       3   10.50    0.00    1.75    0.00    0.00    0.00    0.29    0.00   87.46
Average:       3    4.28    0.00    1.07    0.00    0.00    0.00    0.27    0.00   94.39
Average:       3   12.31    0.00    2.70    0.00    0.00    0.00    0.30    0.00   84.68
Average:       3   11.14    0.00    2.35    0.00    0.00    0.00    0.59    0.00   85.92
Average:       3   11.80    0.00    2.65    0.00    0.00    0.00    0.59    0.00   84.96
Average:       3   10.78    0.00    3.59    0.00    0.00    0.00    0.60    0.00   85.03
Average:       3   11.18    0.00    2.35    0.00    0.00    0.00    0.29    0.00   86.18
Average:       3   10.62    0.00    2.95    0.00    0.00    0.00    0.29    0.00   86.14
Average:       3   10.76    0.00    2.33    0.00    0.00    0.00    0.58    0.00   86.34
Average:       3    3.75    0.00    1.34    0.00    0.00    0.00    0.00    0.00   94.91
Average:       3   13.61    0.00    2.07    0.00    0.00    0.00    0.30    0.00   84.02
Average:       3   12.17    0.00    3.56    0.00    0.00    0.00    0.59    0.00   83.68
Average:       3   11.30    0.00    2.61    0.00    0.00    0.00    0.29    0.00   85.80
Average:       3   13.33    0.00    3.33    0.00    0.00    0.00    0.30    0.00   83.03
Average:       3    8.99    0.00    2.90    0.00    0.00    0.00    0.58    0.00   87.54
Average:       3   12.02    0.00    2.05    0.00    0.00    0.00    0.59    0.00   85.34
Average:       3   11.11    0.00    2.05    0.00    0.00    0.00    0.58    0.00   86.26
Average:       3    8.62    0.00    2.59    0.00    0.00    0.00    0.29    0.00   88.51
Average:       3   13.10    0.00    2.98    1.49    0.00    0.00    0.60    0.00   81.85
Average:       3    8.19    0.00    2.54    0.00    0.00    0.00    0.28    0.00   88.98
Average:       3    9.25    0.00    2.31    0.00    0.00    0.00    0.29    0.00   88.15
Average:       3    8.99    0.00    1.69    0.00    0.00    0.00    0.56    0.00   88.76
Average:       3   11.95    0.00    2.04    0.00    0.00    0.00    0.29    0.00   85.71
Average:       3    8.96    0.00    2.60    0.00    0.00    0.00    0.58    0.00   87.86
Average:       3    9.30    0.00    2.62    0.00    0.00    0.00    0.29    0.00   87.79
Average:       3   10.79    0.00    2.62    0.00    0.00    0.00    0.29    0.00   86.30
Average:       3    9.51    0.00    2.02    0.00    0.00    0.00    0.58    0.00   87.90
Average:       3    8.26    0.00    2.85    0.00    0.00    0.00    0.28    0.00   88.60
Average:       3   12.17    0.00    3.26    0.00    0.00    0.00    0.30    0.00   84.27
Average:       3    4.84    0.00    0.81    0.00    0.00    0.00    0.27    0.00   94.09
Average:       3   11.59    0.00    1.74    0.58    0.00    0.00    0.58    0.00   85.51
Average:       3   10.66    0.00    1.15    0.00    0.00    0.00    0.29    0.00   87.90
Average:       3   13.80    0.00    3.99    0.00    0.00    0.00    0.31    0.00   81.90
Average:       3    8.36    0.00    3.75    0.00    0.00    0.00    0.58    0.00   87.32
Average:       3    8.93    0.00    2.59    0.00    0.00    0.00    0.29    0.00   88.18
Average:       3   12.39    0.00    3.24    0.00    0.00    0.00    0.29    0.00   84.07
Average:       3   11.66    0.00    1.46    0.00    0.00    0.00    0.58    0.00   86.30
Average:       3    9.65    0.00    3.22    0.00    0.00    0.00    0.29    0.00   86.84
Average:       3   12.17    0.00    2.97    0.00    0.00    0.00    0.30    0.00   84.57
Average:       3    9.86    0.00    1.97    0.00    0.00    0.00    0.56    0.00   87.61
Average:       3   11.34    0.00    2.91    0.00    0.00    0.00    0.29    0.00   85.47
Average:       3   15.06    0.00    2.41    0.30    0.00    0.00    0.30    0.00   81.93
Average:       3    8.00    0.00    2.86    0.00    0.00    0.00    0.29    0.00   88.86
Average:       3   11.94    0.00    2.99    0.00    0.00    0.00    0.30    0.00   84.78
Average:       3    8.57    0.00    2.29    0.00    0.00    0.00    0.29    0.00   88.86
Average:       3    9.86    0.00    2.90    2.32    0.00    0.00    0.58    0.00   84.35
Average:       3   10.03    0.00    2.65    0.00    0.00    0.00    0.29    0.00   87.02
Average:       3   12.39    0.00    3.54    0.00    0.00    0.00    0.29    0.00   83.78
Average:       3    7.37    0.00    2.55    0.00    0.00    0.00    0.28    0.00   89.80
Average:       3   11.01    0.00    2.61    0.00    0.00    0.00    0.29    0.00   86.09
Average:       3    8.57    0.00    1.71    0.00    0.00    0.00    0.29    0.00   89.43
Average:       3   11.01    0.00    2.03    0.00    0.00    0.00    0.29    0.00   86.67
Average:       3   12.09    0.00    2.06    0.00    0.00    0.00    0.59    0.00   85.25
Average:       3    9.83    0.00    2.31    0.00    0.00    0.00    0.29    0.00   87.57
Average:       3    8.52    0.00    2.56    0.00    0.00    0.00    0.57    0.00   88.35
Average:       3   11.44    0.00    1.76    0.00    0.00    0.00    0.29    0.00   86.51
Average:       3    9.97    0.00    2.93    0.00    0.00    0.00    0.59    0.00   86.51
Average:       3    8.22    0.00    2.27    0.00    0.00    0.00    0.57    0.00   88.95
Average:       3   11.73    0.00    2.93    0.00    0.00    0.00    0.29    0.00   85.04
Average:       3    8.07    0.00    2.88    0.00    0.00    0.00    0.29    0.00   88.76
Average:       3   11.63    0.00    2.33    0.00    0.00    0.00    0.29    0.00   85.76
Average:       3   12.35    0.00    3.24    0.00    0.00    0.00    0.59    0.00   83.82
Average:       3    9.51    0.00    2.02    0.00    0.00    0.00    0.29    0.00   88.18
Average:       3    9.36    0.00    2.63    0.00    0.00    0.00    0.29    0.00   87.72
Average:       3   10.43    0.00    2.03    0.00    0.00    0.00    0.29    0.00   87.25
Average:       3    4.84    0.00    1.34    0.54    0.00    0.00    0.27    0.00   93.01
Average:       3    9.04    0.00    2.33    0.00    0.00    0.00    0.29    0.00   88.34
Average:       3    8.78    0.00    2.83    0.00    0.00    0.00    0.57    0.00   87.82
Average:       3   10.03    0.00    2.01    0.00    0.00    0.00    0.29    0.00   87.68
Average:       3   10.92    0.00    2.30    0.00    0.00    0.00    0.29    0.00   86.49
Average:       3    9.28    0.00    2.03    0.00    0.00    0.00    0.29    0.00   88.41
Average:       3   11.73    0.00    2.05    0.00    0.00    0.00    0.29    0.00   85.92
Average:       3    7.14    0.00    2.86    0.29    0.00    0.00    0.29    0.00   89.43
Average:       3    9.46    0.00    2.58    0.00    0.00    0.00    0.29    0.00   87.68
Average:       3    9.04    0.00    1.98    0.00    0.00    0.00    0.28    0.00   88.70
Average:       3   10.37    0.00    2.31    0.86    0.00    0.00    0.29    0.00   86.17
Average:       3    6.56    0.00    1.91    0.00    0.00    0.00    0.27    0.00   91.26
Average:       3   11.73    0.00    2.93    0.00    0.00    0.00    0.29    0.00   85.04
Average:       3    8.88    0.00    1.43    0.00    0.00    0.00    0.00    0.00   89.68
Average:       3   10.20    0.00    3.21    0.00    0.00    0.00    0.29    0.00   86.30
Average:       3   12.13    0.00    2.37    0.30    0.00    0.00    0.30    0.00   84.91
Average:       3   10.76    0.00    2.62    2.91    0.00    0.00    0.29    0.00   83.43
Average:       3    8.00    0.00    2.86    0.00    0.00    0.00    0.29    0.00   88.86
Average:       3    9.46    0.00    1.72    0.00    0.00    0.00    0.29    0.00   88.54
Average:       3   10.85    0.00    2.64    0.00    0.00    0.00    0.29    0.00   86.22
Average:       3    8.55    0.00    1.99    0.00    0.00    0.00    0.28    0.00   89.17
Average:       3   12.02    0.00    2.93    0.00    0.00    0.00    0.29    0.00   84.75
Average:       3   11.37    0.00    2.92    0.00    0.00    0.00    0.29    0.00   85.42
Average:       3   12.24    0.00    2.04    0.29    0.00    0.00    0.29    0.00   85.13
Average:       3   10.40    0.00    2.02    0.00    0.00    0.00    0.00    0.00   87.57
Average:       3    8.57    0.00    2.57    0.00    0.00    0.00    0.29    0.00   88.57
Average:       3   11.80    0.00    2.95    0.88    0.00    0.00    0.29    0.00   84.07
Average:       3   11.27    0.00    3.18    0.00    0.00    0.00    0.29    0.00   85.26
Average:       3   10.66    0.00    1.73    0.00    0.00    0.00    0.29    0.00   87.32
Average:       3   10.47    0.00    2.33    0.00    0.00    0.00    0.29    0.00   86.92
Average:       3    3.74    0.00    1.87    0.00    0.00    0.00    0.00    0.00   94.39
Average:       3   10.50    0.00    2.33    0.00    0.00    0.00    0.29    0.00   86.88
Average:       3   14.76    0.00    2.11    0.00    0.00    0.00    0.30    0.00   82.83
Average:       3   10.37    0.00    3.46    0.00    0.00    0.00    0.58    0.00   85.59
Average:       3   11.14    0.00    2.05    0.59    0.00    0.00    0.29    0.00   85.92
Average:       3   10.85    0.00    2.35    0.00    0.00    0.00    0.29    0.00   86.51
Average:       3   13.81    0.00    2.10    0.00    0.00    0.00    0.60    0.00   83.48
Average:       3   10.36    0.00    2.37    0.00    0.00    0.00    0.30    0.00   86.98
Average:       3    4.83    0.00    1.07    0.27    0.00    0.00    0.27    0.00   93.57
Average:       3   11.34    0.00    1.45    0.00    0.00    0.00    0.29    0.00   86.92
Average:       3    8.71    0.00    1.97    0.00    0.00    0.00    0.28    0.00   89.04
Average:       3   10.56    0.00    2.35    0.00    0.00    0.00    0.00    0.00   87.10
Average:       3   10.14    0.00    1.74    1.45    0.00    0.00    0.29    0.00   86.38
Average:       3   14.63    0.00    1.79    0.00    0.00    0.00    0.60    0.00   82.99
Average:       3   11.37    0.00    2.92    0.00    0.00    0.00    0.58    0.00   85.13
Average:       3    7.78    0.00    2.88    0.00    0.00    0.00    0.29    0.00   89.05
Average:       3    9.77    0.00    2.59    0.00    0.00    0.00    0.29    0.00   87.36
Average:       3   11.73    0.00    2.35    1.17    0.00    0.00    0.29    0.00   84.46
Average:       3   11.76    0.00    1.76    0.00    0.00    0.00    0.29    0.00   86.18
Average:       3    9.77    0.00    1.72    0.29    0.00    0.00    0.29    0.00   87.93
Average:       3   11.80    0.00    2.65    0.00    0.00    0.00    0.29    0.00   85.25
Average:       3   11.59    0.00    2.32    0.00    0.00    0.00    0.29    0.00   85.80
Average:       3    9.86    0.00    1.45    0.00    0.00    0.00    0.58    0.00   88.12
Average:       3   12.90    0.00    2.93    0.00    0.00    0.00    0.29    0.00   83.87
Average:       3    9.77    0.00    2.30    0.00    0.00    0.00    0.57    0.00   87.36
Average:       3   10.66    0.00    3.17    0.00    0.00    0.00    0.58    0.00   85.59
Average:       3    9.91    0.00    3.50    2.33    0.00    0.00    0.29    0.00   83.97
Average:       3    8.93    0.00    1.15    0.00    0.00    0.00    0.29    0.00   89.63
Average:       3    4.55    0.00    0.80    0.00    0.00    0.00    0.00    0.00   94.65
Average:       3   12.24    0.00    2.33    0.00    0.00    0.00    0.29    0.00   85.13
Average:       3   10.76    0.00    2.03    0.00    0.00    0.00    0.29    0.00   86.92
Average:       3   10.17    0.00    2.91    0.00    0.00    0.00    0.29    0.00   86.63
Average:       3    9.25    0.00    3.47    0.00    0.00    0.00    0.29    0.00   86.99
Average:       3   10.62    0.00    2.95    0.29    0.00    0.00    0.29    0.00   85.84
Average:       3    9.40    0.00    2.28    1.99    0.00    0.00    0.28    0.00   86.04
Average:       3   12.24    0.00    3.58    0.00    0.00    0.00    0.60    0.00   83.58
Average:       3   12.09    0.00    2.65    0.00    0.00    0.00    0.29    0.00   84.96
Average:       3    9.83    0.00    2.89    0.00    0.00    0.00    0.29    0.00   86.99
Average:       3    9.12    0.00    3.82    0.00    0.00    0.00    0.59    0.00   86.47
Average:       3   10.12    0.00    2.02    0.00    0.00    0.00    0.29    0.00   87.57
Average:       3    7.04    0.00    2.82    0.00    0.00    0.00    0.28    0.00   89.86
Average:       3    8.93    0.00    3.17    0.00    0.00    0.00    0.58    0.00   87.32
Average:       3   10.92    0.00    2.30    0.00    0.00    0.00    0.29    0.00   86.49
Average:       3    9.48    0.00    1.44    0.00    0.00    0.00    0.29    0.00   88.79
Average:       3   10.37    0.00    2.59    0.00    0.00    0.00    0.29    0.00   86.74
Average:       3   10.63    0.00    2.30    0.00    0.00    0.00    0.29    0.00   86.78
Average:       3   10.56    0.00    1.76    0.00    0.00    0.00    0.29    0.00   87.39
Average:       3    4.84    0.00    0.81    0.00    0.00    0.00    0.27    0.00   94.09
Average:       3    8.00    0.00    1.71    0.00    0.00    0.00    0.29    0.00   90.00
Average:       3    9.22    0.00    2.31    0.00    0.00    0.00    0.29    0.00   88.18
Average:       3   12.35    0.00    2.94    0.00    0.00    0.00    0.29    0.00   84.41
Average:       3    8.52    0.00    2.56    0.00    0.00    0.00    0.28    0.00   88.64
Average:       3   11.83    0.00    2.96    0.00    0.00    0.00    0.30    0.00   84.91
Average:       3   12.91    0.00    3.60    0.00    0.00    0.00    0.30    0.00   83.18
Average:       3    8.02    0.00    1.43    0.00    0.00    0.00    0.29    0.00   90.26
Average:       3   11.40    0.00    2.05    0.00    0.00    0.00    0.58    0.00   85.96
Average:       3    4.81    0.00    1.07    0.00    0.00    0.00    0.27    0.00   93.85
Average:       3   10.12    0.00    2.31    0.00    0.00    0.00    0.29    0.00   87.28
Average:       3    5.16    0.00    1.15    0.00    0.00    0.00    0.29    0.00   93.41
Average:       3   12.87    0.00    2.40    0.00    0.00    0.00    0.30    0.00   84.43
Average:       3    1.99    0.00    1.00    1.74    0.00    0.00    0.00    0.00   95.27
Average:       3   12.24    0.00    2.33    0.00    0.00    0.00    0.58    0.00   84.84
Average:       3    0.26    0.00    0.78    0.00    0.00    0.00    0.00    0.00   98.97
Average:       3    0.00    0.00    0.76    2.03    0.00    0.00    0.00    0.00   97.21
Average:       3    0.26    0.00    0.77    0.00    0.00    0.00    0.00    0.00   98.97
Average:       3    0.26    0.00    0.77    0.00    0.00    0.00    0.00    0.00   98.97
Average:       3    0.49    0.00    0.49    0.00    0.00    0.00    0.00    0.00   99.02
Average:       3    0.27    0.00    0.27    0.27    0.00    0.00    0.00    0.00   99.19
Average:       3    0.00    0.00    0.27    9.63    0.00    0.00    0.00    0.00   90.11
Average:       3    0.28    0.00    0.56   10.06    0.00    0.00    0.00    0.00   89.11
Average:       3    0.00    0.00    0.50    0.25    0.00    0.00    0.00    0.00   99.25
Average:       3    0.00    0.00    0.75    0.00    0.00    0.00    0.00    0.00   99.25
Average:       3    0.25    0.00    0.76    2.27    0.00    0.00    0.00    0.00   96.72
Average:       3    0.25    0.00    0.25    0.00    0.00    0.00    0.00    0.00   99.50
Average:       3    0.00    0.00    0.50    0.00    0.00    0.00    0.00    0.00   99.50
Average:       3    0.25    0.00    0.00    0.00    0.00    0.00    0.00    0.00   99.75
Average:       3    0.00    0.00    0.25    0.00    0.00    0.00    0.00    0.00   99.75
Average:       3    0.00    0.00    0.50    0.00    0.00    0.00    0.00    0.00   99.50
Average:       3    0.25    0.00    0.50    0.00    0.00    0.00    0.00    0.00   99.25
Average:       3    0.00    0.00    0.00    0.00    0.00    0.00    0.00    0.00  100.00
Average:       3    0.00    0.00    0.25    0.00    0.00    0.00    0.00    0.00   99.75
Average:       3    0.25    0.00    0.25    0.00    0.00    0.00    0.00    0.00   99.50
Average:       3    0.00    0.00    0.50    0.00    0.00    0.00    0.00    0.00   99.50
Average:       3    0.00    0.00    0.25    0.00    0.00    0.00    0.00    0.00   99.75
Average:       3    0.00    0.00    0.45    0.00    0.00    0.00    0.00    0.00   99.55
Average:       3    0.25    0.00    0.00    0.00    0.00    0.00    0.00    0.00   99.75
Average:       3    0.25    0.00    0.25    0.00    0.00    0.00    0.00    0.00   99.50
Average:       3    0.00    0.00    0.50    0.00    0.00    0.00    0.00    0.00   99.50
Average:       3    0.25    0.00    0.25    0.00    0.00    0.00    0.00    0.00   99.50
Average:       3    0.25    0.00    0.25    0.00    0.00    0.00    0.00    0.00   99.50
Average:       3    0.00    0.00    0.49    0.00    0.00    0.00    0.00    0.00   99.51
Average:       3    0.00    0.00    0.25    0.00    0.00    0.00    0.00    0.00   99.75
Average:       3    0.25    0.00    0.25    0.00    0.00    0.00    0.00    0.00   99.50
Average:       3    0.00    0.00    0.50    0.00    0.00    0.00    0.00    0.00   99.50
Average:       3    0.00    0.00    0.25    0.00    0.00    0.00    0.00    0.00   99.75
Average:       3    0.00    0.00    0.50    0.00    0.00    0.00    0.00    0.00   99.50
Average:       3    0.00    0.00    0.00    0.00    0.00    0.00    0.00    0.00  100.00
Average:       3    0.25    0.00    0.25    0.00    0.00    0.00    0.00    0.00   99.50
Average:       3    0.00    0.00    0.50    0.00    0.00    0.00    0.00    0.00   99.50
Average:       3    0.00    0.00    0.25    0.00    0.00    0.00    0.00    0.00   99.75
Average:       3    0.00    0.00    0.50    0.00    0.00    0.00    0.00    0.00   99.50
Average:       3    0.00    0.00    0.50    0.00    0.00    0.00    0.00    0.00   99.50
Average:       3    0.00    0.00    0.00    0.00    0.00    0.00    0.00    0.00  100.00
Average:       3    0.00    0.00    0.00    0.00    0.00    0.00    0.00    0.00  100.00
Average:       3    0.00    0.00    0.47    0.00    0.00    0.00    0.00    0.00   99.53
Average:       3    0.00    0.00    0.25    0.00    0.00    0.00    0.00    0.00   99.75
Average:       3    0.00    0.00    0.25    0.00    0.00    0.00    0.00    0.00   99.75
Average:       3    0.25    0.00    0.25    0.00    0.00    0.00    0.00    0.00   99.50
Average:       3    0.00    0.00    0.00    0.00    0.00    0.00    0.00    0.00  100.00
Average:       3    0.00    0.00    0.25    0.00    0.00    0.00    0.00    0.00   99.75
Average:       3    0.00    0.00    0.23    0.00    0.00    0.00    0.00    0.00   99.77
Average:       3    0.00    0.00    0.46    0.00    0.00    0.00    0.00    0.00   99.54
Average:       3    0.00    0.00    0.25    0.00    0.00    0.00    0.00    0.00   99.75
Average:       3    0.25    0.00    0.25    0.00    0.00    0.00    0.00    0.00   99.50
Average:       3    0.25    0.00    0.25    0.00    0.00    0.00    0.00    0.00   99.50
Average:       3    0.23    0.00    0.46    0.00    0.00    0.00    0.00    0.00   99.32
Average:       3    0.00    0.00    0.23    0.00    0.00    0.00    0.00    0.00   99.77
Average:       3    0.00    0.00    0.25    0.00    0.00    0.00    0.00    0.00   99.75
Average:       3    0.25    0.00    0.25    0.00    0.00    0.00    0.00    0.00   99.50
Average:       3    0.00    0.00    0.25    0.00    0.00    0.00    0.00    0.00   99.75
Average:       3    0.25    0.00    0.25    0.00    0.00    0.00    0.00    0.00   99.50
Average:       3    0.00    0.00    0.25    0.00    0.00    0.00    0.00    0.00   99.75
Average:       3    0.23    0.00    0.23    0.00    0.00    0.00    0.00    0.00   99.55
Average:       3    0.00    0.00    0.23    0.00    0.00    0.00    0.00    0.00   99.77
Average:       3    0.25    0.00    0.00    0.00    0.00    0.00    0.00    0.00   99.75
Average:       3    0.00    0.00    0.50    0.00    0.00    0.00    0.00    0.00   99.50
Average:       3    0.00    0.00    0.25    0.00    0.00    0.00    0.00    0.00   99.75
Average:       3    0.00    0.00    0.25    0.00    0.00    0.00    0.00    0.00   99.75
Average:       3    0.00    0.00    0.25    0.00    0.00    0.00    0.00    0.00   99.75
Average:       3    0.25    0.00    0.25    0.00    0.00    0.00    0.00    0.00   99.51
Average:       3    0.00    0.00    0.25    0.00    0.00    0.00    0.00    0.00   99.75
Average:       3    0.00    0.00    0.75    0.00    0.00    0.00    0.00    0.00   99.25
Average:       3    0.00    0.00    0.27    0.00    0.00    0.00    0.00    0.00   99.73
Average:       3    0.00    0.00    0.27    0.00    0.00    0.00    0.00    0.00   99.73
Average:       3    0.00    0.00    0.25    0.00    0.00    0.00    0.00    0.00   99.75
Average:       3    0.00    0.00    0.27    0.00    0.00    0.00    0.00    0.00   99.73
Average:       3    0.00    0.00    0.27    0.00    0.00    0.00    0.00    0.00   99.73
Average:       3    0.00    0.00    0.27    0.00    0.00    0.00    0.00    0.00   99.73
Average:       3    0.00    0.00    0.53    0.00    0.00    0.00    0.00    0.00   99.47
Average:       3    0.28    0.00    0.28    0.00    0.00    0.00    0.00    0.00   99.44
Average:       3    0.30    0.00    0.30    0.00    0.00    0.00    0.00    0.00   99.39
Average:       3    0.00    0.00    0.31    0.00    0.00    0.00    0.00    0.00   99.69
Average:       3    0.00    0.00    0.31    0.00    0.00    0.00    0.00    0.00   99.69
Average:       3    0.00    0.00    0.62    0.00    0.00    0.00    0.00    0.00   99.38
Average:       3    0.29    0.00    0.29    0.00    0.00    0.00    0.00    0.00   99.43
Average:       3    0.00    0.00    0.57    0.00    0.00    0.00    0.00    0.00   99.43
Average:       3    0.31    0.00    0.62    0.00    0.00    0.00    0.00    0.00   99.07
Average:       3    0.00    0.00    0.31    0.00    0.00    0.00    0.00    0.00   99.69
Average:       3    0.31    0.00    0.63    0.00    0.00    0.00    0.00    0.00   99.06
Average:       3    0.00    0.00    0.63    0.00    0.00    0.00    0.00    0.00   99.37
Average:       3    0.00    0.00    0.00    0.00    0.00    0.00    0.00    0.00  100.00
Average:       3    0.00    0.00    0.32    0.00    0.00    0.00    0.00    0.00   99.68
Average:       3    0.32    0.00    0.32    0.00    0.00    0.00    0.00    0.00   99.37
Average:       3    0.00    0.00    0.64    0.00    0.00    0.00    0.00    0.00   99.36
Average:       3    0.00    0.00    0.57    0.00    0.00    0.00    0.00    0.00   99.43
Average:       3    0.32    0.00    0.32    0.00    0.00    0.00    0.00    0.00   99.35
Average:       3    0.00    0.00    0.65    0.00    0.00    0.00    0.00    0.00   99.35
Average:       3    0.33    0.00    0.33    0.00    0.00    0.00    0.00    0.00   99.35
Average:       3    0.00    0.00    0.65    0.00    0.00    0.00    0.00    0.00   99.35
Average:       3    0.00    0.00    0.33    0.00    0.00    0.00    0.00    0.00   99.67
Average:       3    0.00    0.00    0.29    0.00    0.00    0.00    0.00    0.00   99.71
Average:       3    0.00    0.00    0.29    0.00    0.00    0.00    0.00    0.00   99.71
Average:       3    0.00    0.00    0.57    0.00    0.00    0.00    0.00    0.00   99.43
Average:       3    0.00    0.00    0.58    0.00    0.00    0.00    0.00    0.00   99.42
Average:       3    0.00    0.00    0.66    0.00    0.00    0.00    0.00    0.00   99.34
Average:       3    0.00    0.00    0.66    0.00    0.00    0.00    0.00    0.00   99.34
Average:       3    0.00    0.00    0.67    0.00    0.00    0.00    0.00    0.00   99.33
Average:       3    0.00    0.00    0.26    0.00    0.00    0.00    0.00    0.00   99.74
Average:       3    0.00    0.00    0.57    0.00    0.00    0.00    0.00    0.00   99.43
Average:       3    0.00    0.00    0.66    0.00    0.00    0.00    0.00    0.00   99.34
Average:       3    0.33    0.00    0.33    0.00    0.00    0.00    0.00    0.00   99.34
Average:       3    0.00    0.00    0.33    0.00    0.00    0.00    0.00    0.00   99.67
Average:       3    0.00    0.00    0.33    0.00    0.00    0.00    0.00    0.00   99.67
Average:       3    0.00    0.00    0.66    0.00    0.00    0.00    0.00    0.00   99.34
Average:       3    0.00    0.00    0.58    0.00    0.00    0.00    0.00    0.00   99.42
Average:       3    0.00    0.00    0.26    0.00    0.00    0.00    0.00    0.00   99.74
Average:       3    0.00    0.00    0.52    0.00    0.00    0.00    0.00    0.00   99.48
Average:       3    0.26    0.00    0.26    0.00    0.00    0.00    0.00    0.00   99.48
Average:       3    0.00    0.00    0.26    0.00    0.00    0.00    0.00    0.00   99.74
Average:       3    0.00    0.00    0.33    0.00    0.00    0.00    0.00    0.00   99.67
Average:       3    0.33    0.00    0.33    0.00    0.00    0.00    0.00    0.00   99.34
Average:       3    0.33    0.00    0.33    0.00    0.00    0.00    0.00    0.00   99.34
Average:       3    0.00    0.00    0.66    0.00    0.00    0.00    0.00    0.00   99.34
Average:       3    0.00    0.00    0.29    0.00    0.00    0.00    0.00    0.00   99.71
Average:       3    0.33    0.00    0.33    0.00    0.00    0.00    0.00    0.00   99.34
Average:       3    0.33    0.00    0.33    0.00    0.00    0.00    0.00    0.00   99.34
Average:       3    0.00    0.00    0.33    0.00    0.00    0.00    0.00    0.00   99.67
Average:       3    0.00    0.00    0.33    0.00    0.00    0.00    0.00    0.00   99.67
Average:       3    0.29    0.00    0.57    0.00    0.00    0.00    0.00    0.00   99.14
Average:       3    0.00    0.00    0.66    0.00    0.00    0.00    0.00    0.00   99.34
Average:       3    0.00    0.00    0.66    0.00    0.00    0.00    0.00    0.00   99.34
Average:       3    0.00    0.00    0.66    0.00    0.00    0.00    0.33    0.00   99.02
Average:       3    0.29    0.00    0.57    0.00    0.00    0.00    0.00    0.00   99.14
Average:       3    0.29    0.00    0.29    0.00    0.00    0.00    0.00    0.00   99.43
Average:       3    0.00    0.00    0.28    0.00    0.00    0.00    0.00    0.00   99.72
Average:       3    0.00    0.00    0.33    0.00    0.00    0.00    0.00    0.00   99.67
Average:       3    0.33    0.00    0.33    0.00    0.00    0.00    0.00    0.00   99.35
Average:       3    0.00    0.00    0.33    0.00    0.00    0.00    0.00    0.00   99.67
Average:       3    0.00    0.00    0.65    0.00    0.00    0.00    0.00    0.00   99.35
Average:       3    0.00    0.00    0.25    0.00    0.00    0.00    0.00    0.00   99.75
Average:       3    0.00    0.00    0.48    0.00    0.00    0.00    0.00    0.00   99.52
Average:       3    0.26    0.00    0.26    0.00    0.00    0.00    0.00    0.00   99.48
Average:       3    0.00    0.00    0.66    0.00    0.00    0.00    0.00    0.00   99.34
Average:       3    0.00    0.00    0.33    0.00    0.00    0.00    0.00    0.00   99.67
Average:       3    0.00    0.00    0.57    0.00    0.00    0.00    0.00    0.00   99.43
Average:       3    0.00    0.00    0.28    0.00    0.00    0.00    0.00    0.00   99.72
Average:       3    0.00    0.00    0.65    0.00    0.00    0.00    0.00    0.00   99.35
Average:       3    0.00    0.00    0.66    0.00    0.00    0.00    0.00    0.00   99.34
Average:       3    0.33    0.00    0.33    0.00    0.00    0.00    0.00    0.00   99.35
Average:       3    0.00    0.00    0.28    0.00    0.00    0.00    0.00    0.00   99.72
Average:       3    0.00    0.00    0.57    0.00    0.00    0.00    0.00    0.00   99.43
Average:       3    0.00    0.00    0.65    0.00    0.00    0.00    0.00    0.00   99.35
Average:       3    0.00    0.00    0.00    0.00    0.00    0.00    0.00    0.00  100.00
Average:       3    0.00    0.00    0.33    0.00    0.00    0.00    0.00    0.00   99.67
Average:       3    0.00    0.00    0.57    0.00    0.00    0.00    0.00    0.00   99.43
Average:       3    0.28    0.00    0.00    0.00    0.00    0.00    0.00    0.00   99.72
Average:       3    0.00    0.00    0.57    0.00    0.00    0.00    0.00    0.00   99.43
Average:       3    0.32    0.00    0.32    0.00    0.00    0.00    0.00    0.00   99.35
Average:       3    0.00    0.00    0.00    0.00    0.00    0.00    0.00    0.00  100.00
Average:       3    0.00    0.00    0.33    0.00    0.00    0.00    0.00    0.00   99.67
Average:       3    0.00    0.00    0.57    0.00    0.00    0.00    0.00    0.00   99.43
Average:       3    0.00    0.00    0.33    0.00    0.00    0.00    0.00    0.00   99.67
Average:       3    0.30    0.00    0.30    0.00    0.00    0.00    0.00    0.00   99.39
Average:       3    0.30    0.00    0.30    0.00    0.00    0.00    0.00    0.00   99.40
Average:       3    0.29    0.00    0.57    0.00    0.00    0.00    0.00    0.00   99.14
Average:       3    0.00    0.00    0.27    0.00    0.00    0.00    0.00    0.00   99.73
Average:       3    0.28    0.00    0.28    0.00    0.00    0.00    0.00    0.00   99.44
Average:       3    0.00    0.00    0.57    0.00    0.00    0.00    0.00    0.00   99.43
Average:       3    0.00    0.00    0.65    0.00    0.00    0.00    0.00    0.00   99.35
Average:       3    0.00    0.00    0.28    0.00    0.00    0.00    0.00    0.00   99.72
Average:       3    0.00    0.00    0.56    0.00    0.00    0.00    0.00    0.00   99.44
Average:       3    0.28    0.00    0.28    0.00    0.00    0.00    0.00    0.00   99.44
Average:       3    0.00    0.00    0.56    0.00    0.00    0.00    0.00    0.00   99.44
Average:       3    0.00    0.00    0.65    0.00    0.00    0.00    0.32    0.00   99.03
Average:       3    0.00    0.00    0.64    0.00    0.00    0.00    0.00    0.00   99.36
Average:       3    0.00    0.00    0.64    0.00    0.00    0.00    0.00    0.00   99.36
Average:       3    0.00    0.00    0.65    0.00    0.00    0.00    0.00    0.00   99.35
Average:       3    0.28    0.00    0.56    0.00    0.00    0.00    0.00    0.00   99.16
Average:       3    0.00    0.00    0.56    0.00    0.00    0.00    0.00    0.00   99.44
