Average:       2   42.79    0.00    0.50    1.49    0.00    0.00    1.49    0.00   53.73
Average:       3   40.80    0.00    0.50    1.99    0.00    0.00    1.00    0.00   55.72
Average:       4   43.00    0.00    0.50    5.00    0.00    0.00    0.50    0.00   51.00
Average:       5   40.10    0.00    0.99    2.48    0.00    0.00    0.50    0.00   55.94
Average:       6   43.28    0.00    0.00    1.00    0.00    0.00    1.00    0.00   54.73
Average:       7   43.50    0.00    0.00    1.50    0.00    0.00    0.50    0.00   54.50
Average:       2   54.68    0.00    0.99    0.49    0.00    0.00    0.99    0.00   42.86
Average:       3   54.50    0.00    0.50    2.00    0.00    0.00    0.00    0.00   43.00
Average:       4   56.50    0.00    0.50    1.00    0.00    0.00    0.00    0.00   42.00
Average:       5   57.50    0.00    0.50    2.50    0.00    0.00    1.00    0.00   38.50
Average:       6   53.69    0.00    0.49    2.96    0.00    0.00    1.48    0.00   41.38
Average:       7   52.74    0.00    2.49    2.99    0.00    0.00    1.00    0.00   40.80
Average:       2   72.77    0.00    0.00    0.00    0.00    0.00    1.49    0.00   25.74
Average:       3   78.50    0.00    0.50    0.00    0.00    0.00    0.00    0.00   21.00
Average:       4   76.00    0.00    0.00    0.00    0.00    0.00    0.00    0.00   24.00
Average:       5   75.37    0.00    0.00    0.00    0.00    0.00    1.97    0.00   22.66
Average:       6   73.00    0.00    0.50    0.00    0.00    0.00    0.50    0.00   26.00
Average:       7   71.92    0.00    0.49    0.00    0.00    0.00    1.48    0.00   26.11
Average:       2   56.72    0.00    1.00    0.00    0.00    0.00    0.50    0.00   41.79
Average:       3   57.71    0.00    0.00    0.00    0.00    0.00    0.50    0.00   41.79
Average:       4   54.95    0.00    0.50    0.00    0.00    0.00    0.99    0.00   43.56
Average:       5   61.00    0.00    0.00    0.00    0.00    0.00    0.00    0.00   39.00
Average:       6   89.22    0.00    1.96    0.00    0.00    0.00    2.45    0.00    6.37
Average:       7   57.84    0.00    0.49    0.00    0.00    0.00    1.96    0.00   39.71
Average:       2   57.62    0.00    0.00    0.00    0.00    0.00    7.62    0.00   34.76
Average:       3   90.48    0.00    2.38    0.00    0.00    0.00    6.19    0.00    0.95
Average:       4   61.24    0.00    0.48    0.00    0.00    0.00    6.70    0.00   31.58
Average:       5   61.76    0.00    0.00    0.00    0.00    0.00    4.41    0.00   33.82
Average:       6   60.95    0.00    1.43    0.00    0.00    0.00    6.19    0.00   31.43
Average:       7   61.06    0.00    0.48    0.00    0.00    0.00    4.81    0.00   33.65
Average:       2   78.43    0.00    0.98    0.00    0.00    0.00    2.45    0.00   18.14
Average:       3   73.76    0.00    0.99    0.00    0.00    0.00    0.50    0.00   24.75
Average:       4   77.72    0.00    0.50    0.00    0.00    0.00    1.49    0.00   20.30
Average:       5   73.30    0.00    0.00    0.00    0.00    0.00    3.40    0.00   23.30
Average:       6   73.56    0.00    0.00    0.00    0.00    0.00    3.85    0.00   22.60
Average:       7   87.25    0.00    2.45    0.00    0.00    0.00    1.96    0.00    8.33
Average:       2   88.78    0.00    2.93    0.00    0.00    0.00    3.41    0.00    4.88
Average:       3   68.78    0.00    0.00    0.00    0.00    0.00    4.88    0.00   26.34
Average:       4   68.66    0.00    0.50    0.00    0.00    0.00    3.48    0.00   27.36
Average:       5   68.47    0.00    0.00    0.00    0.00    0.00    4.43    0.00   27.09
Average:       6   69.27    0.00    0.49    0.00    0.00    0.00    2.93    0.00   27.32
Average:       7   65.87    0.00    0.48    0.00    0.00    0.00    5.29    0.00   28.37
Average:       2   56.10    0.00    0.49    0.00    0.00    0.00    1.95    0.00   41.46
Average:       3   57.00    0.00    0.00    0.00    0.00    0.00    0.00    0.00   43.00
Average:       4   75.12    0.00    1.95    0.00    0.00    0.00    1.95    0.00   20.98
Average:       5   75.88    0.00    1.51    0.00    0.00    0.00    0.00    0.00   22.61
Average:       6   58.00    0.00    0.50    0.00    0.00    0.00    0.00    0.00   41.50
Average:       7   54.15    0.00    0.98    0.00    0.00    0.00    2.44    0.00   42.44
Average:       2   72.91    0.00    0.49    0.00    0.00    0.00    0.99    0.00   25.62
Average:       3   74.40    0.00    0.48    0.00    0.00    0.00    2.90    0.00   22.22
Average:       4   74.00    0.00    0.00    0.00    0.00    0.00    0.00    0.00   26.00
Average:       5   72.91    0.00    0.00    0.00    0.00    0.00    1.48    0.00   25.62
Average:       6   76.00    0.00    0.00    0.00    0.00    0.00    0.00    0.00   24.00
Average:       7   75.00    0.00    0.00    0.00    0.00    0.00    0.50    0.00   24.50
Average:       2   71.29    0.00    0.48    0.00    0.00    0.00    5.74    0.00   22.49
Average:       3   69.19    0.00    0.47    0.00    0.00    0.00    8.06    0.00   22.27
Average:       4   66.18    0.00    0.48    0.00    0.00    0.00    6.76    0.00   26.57
Average:       5   62.67    0.00    0.46    0.00    0.00    0.00   11.52    0.00   25.35
Average:       6   70.33    0.00    0.48    0.00    0.00    0.00    7.18    0.00   22.01
Average:       7   66.51    0.00    0.00    0.00    0.00    0.00    9.91    0.00   23.58
Average:       2   61.27    0.00    0.49    0.00    0.00    0.00    4.41    0.00   33.82
Average:       3   60.29    0.00    0.48    0.00    0.00    0.00    5.74    0.00   33.49
Average:       4   60.00    0.00    0.49    0.00    0.00    0.00    4.39    0.00   35.12
Average:       5   57.97    0.00    0.48    0.00    0.00    0.00    5.80    0.00   35.75
Average:       6   60.87    0.00    0.48    0.00    0.00    0.00    4.35    0.00   34.30
Average:       7   78.64    0.00    1.46    0.00    0.00    0.00    5.34    0.00   14.56
Average:       2   55.00    0.00    0.00    0.00    0.00    0.00    0.50    0.00   44.50
Average:       3   52.48    0.00    0.50    0.00    0.00    0.00    1.49    0.00   45.54
Average:       4   52.76    0.00    0.50    0.00    0.00    0.00    0.00    0.00   46.73
Average:       5   58.13    0.00    0.00    0.00    0.00    0.00    0.99    0.00   40.89
Average:       6   55.72    0.00    0.00    0.00    0.00    0.00    0.50    0.00   43.78
Average:       7   87.75    0.00    2.94    0.00    0.00    0.00    2.45    0.00    6.86
Average:       2   78.61    0.00    1.00    0.00    0.00    0.00    0.50    0.00   19.90
Average:       3   78.71    0.00    0.50    0.00    0.00    0.00    0.99    0.00   19.80
Average:       4   77.34    0.00    0.49    0.00    0.00    0.00    1.48    0.00   20.69
Average:       5   80.20    0.00    0.50    0.00    0.00    0.00    0.99    0.00   18.32
Average:       6   79.60    0.00    0.50    0.00    0.00    0.00    0.50    0.00   19.40
Average:       7   93.53    0.00    1.49    0.00    0.00    0.00    1.00    0.00    3.98
Average:       2   59.31    0.00    0.49    0.00    0.00    0.00    2.94    0.00   37.25
Average:       3   60.70    0.00    0.50    0.00    0.00    0.00    1.49    0.00   37.31
Average:       4   59.80    0.00    0.00    0.00    0.00    0.00    1.96    0.00   38.24
Average:       5   56.50    0.00    1.00    0.00    0.00    0.00    0.00    0.00   42.50
Average:       6   58.62    0.00    0.00    0.00    0.00    0.00    2.46    0.00   38.92
Average:       7   60.20    0.00    0.00    0.00    0.00    0.00    0.50    0.00   39.30
Average:       2   76.62    0.00    0.50    0.00    0.00    0.00    3.98    0.00   18.91
Average:       3   73.66    0.00    0.00    0.00    0.00    0.00    5.85    0.00   20.49
Average:       4   75.61    0.00    0.00    0.00    0.00    0.00    5.85    0.00   18.54
Average:       5   77.67    0.00    0.97    0.00    0.00    0.00    2.91    0.00   18.45
Average:       6   75.24    0.00    0.49    0.00    0.00    0.00    4.37    0.00   19.90
Average:       7   91.75    0.00    1.46    0.00    0.00    0.00    2.91    0.00    3.88
Average:       2   89.22    0.00    1.96    0.00    0.00    0.00    2.94    0.00    5.88
Average:       3   59.51    0.00    0.49    0.00    0.00    0.00    2.93    0.00   37.07
Average:       4   59.80    0.00    0.00    0.00    0.00    0.00    2.45    0.00   37.75
Average:       5   55.83    0.00    0.00    0.00    0.00    0.00    3.88    0.00   40.29
Average:       6   59.52    0.00    1.43    0.00    0.00    0.00    4.76    0.00   34.29
Average:       7   61.65    0.00    0.00    0.00    0.00    0.49    2.91    0.00   34.95
Average:       2   63.18    0.00    1.00    0.00    0.00    0.00    0.50    0.00   35.32
Average:       3   62.69    0.00    1.00    0.00    0.00    0.00    0.50    0.00   35.82
Average:       4   64.68    0.00    1.00    0.00    0.00    0.00    0.50    0.00   33.83
Average:       5   97.03    0.00    1.49    0.00    0.00    0.00    0.99    0.00    0.50
Average:       6   61.27    0.00    0.98    0.00    0.00    0.00    2.45    0.00   35.29
Average:       7   65.35    0.00    0.99    0.00    0.00    0.00    0.99    0.00   32.67
Average:       2   67.00    0.00    0.49    0.00    0.00    0.00    1.48    0.00   31.03
Average:       3   70.50    0.00    0.00    0.00    0.00    0.00    0.50    0.00   29.00
Average:       4   66.67    0.00    0.50    0.00    0.00    0.00    0.50    0.00   32.34
Average:       5   69.00    0.00    0.50    0.00    0.00    0.00    0.50    0.00   30.00
Average:       6   68.66    0.00    0.00    0.00    0.00    0.00    1.00    0.00   30.35
Average:       7   68.50    0.00    0.00    0.00    0.00    0.00    0.00    0.00   31.50
Average:       2   56.22    0.00    0.50    0.00    0.00    0.00    0.50    0.00   42.79
Average:       3   59.70    0.00    0.00    0.00    0.00    0.00    0.00    0.00   40.30
Average:       4   73.79    0.00    0.97    0.00    0.00    0.00    2.91    0.00   22.33
Average:       5   58.91    0.00    0.50    0.00    0.00    0.00    0.50    0.00   40.10
Average:       6   58.71    0.00    0.50    0.00    0.00    0.00    0.00    0.00   40.80
Average:       7   55.67    0.00    0.49    0.00    0.00    0.00    1.48    0.00   42.36
Average:       2   67.98    0.00    0.00    0.00    0.00    0.00    1.97    0.00   30.05
Average:       3   66.83    0.00    0.50    0.00    0.00    0.00    0.99    0.00   31.68
Average:       4   69.65    0.00    0.00    0.00    0.00    0.00    1.00    0.00   29.35
Average:       5   68.16    0.00    0.50    0.00    0.00    0.00    0.50    0.00   30.85
Average:       6   67.82    0.00    0.00    0.00    0.00    0.00    1.49    0.00   30.69
Average:       7   92.00    0.00    3.00    0.00    0.00    0.00    0.50    0.00    4.50
Average:       2   62.50    0.00    0.48    0.00    0.00    0.00    3.37    0.00   33.65
Average:       3   78.20    0.00    1.42    0.00    0.00    0.00    5.69    0.00   14.69
Average:       4   61.43    0.00    0.48    0.00    0.00    0.00    3.81    0.00   34.29
Average:       5   69.23    0.00    1.92    0.00    0.00    0.00    4.33    0.00   24.52
Average:       6   61.27    0.00    0.49    0.00    0.00    0.00    1.47    0.00   36.76
Average:       7   60.10    0.00    0.00    0.00    0.00    0.00    3.85    0.00   36.06
Average:       2   44.93    0.00    0.48    0.00    0.00    0.00    6.76    0.00   47.83
Average:       3   51.21    0.00    0.00    0.00    0.00    0.00    3.86    0.00   44.93
Average:       4   45.71    0.00    0.48    0.00    0.00    0.00    6.67    0.00   47.14
Average:       5   48.08    0.00    0.00    0.00    0.00    0.00    6.73    0.00   45.19
Average:       6   69.42    0.00    0.97    0.00    0.00    0.00    3.40    0.00   26.21
Average:       7   50.97    0.00    0.00    0.00    0.00    0.00    5.83    0.00   43.20
Average:       2   56.10    0.00    0.00    0.00    0.00    0.00    4.39    0.00   39.51
Average:       3   54.11    0.00    0.00    0.00    0.00    0.00    4.83    0.00   41.06
Average:       4   72.60    0.00    1.92    0.00    0.00    0.00    4.33    0.00   21.15
Average:       5   55.83    0.00    0.49    0.00    0.00    0.49    2.91    0.00   40.29
Average:       6   57.21    0.00    0.48    0.00    0.00    0.00    3.85    0.00   38.46
Average:       7   57.56    0.00    0.49    0.00    0.00    0.00    2.44    0.00   39.51
Average:       2   82.04    0.00    1.94    0.00    0.00    0.00    4.37    0.00   11.65
Average:       3   68.60    0.00    0.48    0.00    0.00    0.00    4.83    0.00   26.09
Average:       4   65.87    0.00    0.48    0.00    0.00    0.00    4.81    0.00   28.85
Average:       5   67.15    0.00    0.00    0.00    0.00    0.00    4.83    0.00   28.02
Average:       6   65.85    0.00    0.49    0.00    0.00    0.00    3.41    0.00   30.24
Average:       7   68.47    0.00    0.49    0.00    0.00    0.00    1.97    0.00   29.06
Average:       2   67.33    0.00    0.50    0.00    0.00    0.00    0.99    0.00   31.19
Average:       3   69.00    0.00    0.00    0.00    0.00    0.00    0.00    0.00   31.00
Average:       4   68.81    0.00    0.50    0.00    0.00    0.00    0.99    0.00   29.70
Average:       5   65.52    0.00    0.00    0.00    0.00    0.00    0.99    0.00   33.50
Average:       6   66.00    0.00    0.00    0.00    0.00    0.00    0.00    0.00   34.00
Average:       7   66.83    0.00    0.50    0.00    0.00    0.00    0.99    0.00   31.68
Average:       2   77.00    0.00    0.00    0.00    0.00    0.00    0.50    0.00   22.50
Average:       3   73.40    0.00    0.49    0.00    0.00    0.00    0.99    0.00   25.12
Average:       4   82.91    0.00    0.50    0.00    0.00    0.00    0.00    0.00   16.58
Average:       5   86.14    0.00    1.49    0.00    0.00    0.00    1.49    0.00   10.89
Average:       6   74.51    0.00    0.00    0.00    0.00    0.00    1.96    0.00   23.53
Average:       7   74.37    0.00    0.00    0.00    0.00    0.00    0.00    0.00   25.63
Average:       2   73.56    0.00    0.48    0.00    0.00    0.00    5.29    0.00   20.67
Average:       3   77.67    0.00    0.49    0.00    0.00    0.00    3.88    0.00   17.96
Average:       4   72.33    0.00    0.00    0.00    0.00    0.00    3.88    0.00   23.79
Average:       5   75.12    0.00    0.00    0.00    0.00    0.00    4.78    0.00   20.10
Average:       6   70.87    0.00    0.00    0.00    0.00    0.00    4.37    0.00   24.76
Average:       7   69.52    0.00    0.00    0.00    0.00    0.00    7.14    0.00   23.33
Average:       2   59.70    0.00    0.00    0.00    0.00    0.00    1.00    0.00   39.30
Average:       3   60.89    0.00    0.00    0.00    0.00    0.00    0.99    0.00   38.12
Average:       4   62.44    0.00    0.49    0.00    0.00    0.00    1.95    0.00   35.12
Average:       5   77.00    0.00    1.50    0.00    0.00    0.00    0.50    0.00   21.00
Average:       6   60.89    0.00    0.50    0.00    0.00    0.00    0.99    0.00   37.62
Average:       7   77.11    0.00    1.49    0.00    0.00    0.00    0.50    0.00   20.90
Average:       2   70.39    0.00    0.49    0.00    0.00    0.00    2.43    0.00   26.70
Average:       3   71.43    0.00    0.49    0.00    0.00    0.00    0.99    0.00   27.09
Average:       4   94.50    0.00    2.50    0.00    0.00    0.00    0.50    0.00    2.50
Average:       5   69.95    0.00    0.49    0.00    0.00    0.00    0.99    0.00   28.57
Average:       6   69.46    0.00    0.49    0.00    0.00    0.00    1.48    0.00   28.57
Average:       7   72.91    0.00    0.49    0.00    0.00    0.00    0.99    0.00   25.62
Average:       2   74.13    0.00    1.00    0.00    0.00    0.00    1.00    0.00   23.88
Average:       3   66.50    0.00    0.50    0.00    0.00    0.00    0.00    0.00   33.00
Average:       4   65.50    0.00    0.00    0.00    0.00    0.00    0.50    0.00   34.00
Average:       5   62.75    0.00    0.00    0.00    0.00    0.00    1.96    0.00   35.29
Average:       6   65.17    0.00    0.00    0.00    0.00    0.00    1.00    0.00   33.83
Average:       7   66.01    0.00    0.00    0.00    0.00    0.00    1.97    0.00   32.02
Average:       2   73.27    0.00    0.50    0.00    0.00    0.00    0.99    0.00   25.25
Average:       3   80.10    0.00    0.50    0.00    0.00    0.00    0.50    0.00   18.91
Average:       4   71.71    0.00    0.49    0.00    0.00    0.00    2.44    0.00   25.37
Average:       5   73.00    0.00    1.00    0.00    0.00    0.00    0.00    0.00   26.00
Average:       6   70.15    0.00    0.50    0.00    0.00    0.00    1.00    0.00   28.36
Average:       7   70.00    0.00    0.00    0.00    0.00    0.00    2.00    0.00   28.00
Average:       2   73.79    0.00    1.46    0.00    0.00    0.00    4.85    0.00   19.90
Average:       3   66.99    0.00    0.00    0.00    0.00    0.00    5.74    0.00   27.27
Average:       4   66.67    0.00    0.00    0.00    0.00    0.00    6.76    0.00   26.57
Average:       5   71.57    0.00    0.00    0.00    0.00    0.00    2.94    0.00   25.49
Average:       6   64.11    0.00    0.96    0.00    0.00    0.00    5.74    0.00   29.19
Average:       7   68.75    0.00    0.00    0.00    0.00    0.00    7.21    0.00   24.04
Average:       2   66.17    0.00    0.50    0.00    0.00    0.00    0.50    0.00   32.84
Average:       3   77.50    0.00    1.00    0.00    0.00    0.00    0.00    0.00   21.50
Average:       4   65.84    0.00    0.00    0.00    0.00    0.00    1.49    0.00   32.67
Average:       5   68.00    0.00    0.00    0.00    0.00    0.00    0.00    0.00   32.00
Average:       6   68.32    0.00    0.00    0.00    0.00    0.00    1.49    0.00   30.20
Average:       7   79.13    0.00    0.97    0.00    0.00    0.00    2.91    0.00   16.99
Average:       2   61.88    0.00    0.00    0.00    0.00    0.00    0.99    0.00   37.13
Average:       3   64.18    0.00    0.50    0.00    0.00    0.00    0.50    0.00   34.83
Average:       4   60.98    0.00    0.49    0.00    0.00    0.00    1.95    0.00   36.59
Average:       5   91.67    0.00    1.96    0.00    0.00    0.00    1.96    0.00    4.41
Average:       6   64.22    0.00    0.00    0.00    0.00    0.00    1.96    0.00   33.82
Average:       7   67.16    0.00    0.00    0.00    0.00    0.00    0.50    0.00   32.34
Average:       2   74.00    0.00    1.00    0.00    0.00    0.00    0.50    0.00   24.50
Average:       3   75.49    0.00    0.00    0.00    0.00    0.00    2.45    0.00   22.06
Average:       4   75.74    0.00    0.00    0.00    0.00    0.00    0.99    0.00   23.27
Average:       5   76.00    0.00    1.00    0.00    0.00    0.00    0.00    0.00   23.00
Average:       6   74.02    0.00    0.00    0.00    0.00    0.00    2.45    0.00   23.53
Average:       7   72.12    0.00    0.00    0.00    0.00    0.00    4.81    0.00   23.08
Average:       2   64.36    0.00    0.00    0.00    0.00    0.00    0.99    0.00   34.65
Average:       3   64.00    0.00    0.00    0.00    0.00    0.00    0.00    0.00   36.00
Average:       4   91.63    0.00    1.97    0.00    0.00    0.00    1.48    0.00    4.93
Average:       5   65.35    0.00    0.00    0.00    0.00    0.00    0.99    0.00   33.66
Average:       6   62.75    0.00    0.98    0.00    0.00    0.00    1.96    0.00   34.31
Average:       7   64.18    0.00    0.00    0.00    0.00    0.00    1.00    0.00   34.83
Average:       2   74.15    0.00    0.49    0.00    0.00    0.00    5.85    0.00   19.51
Average:       3   72.46    0.00    0.00    0.00    0.00    0.00   10.14    0.00   17.39
Average:       4   72.99    0.00    0.00    0.00    0.00    0.00    8.53    0.00   18.48
Average:       5   72.12    0.00    0.96    0.00    0.00    0.00    6.25    0.00   20.67
Average:       6   72.20    0.00    0.49    0.00    0.00    0.00    6.34    0.00   20.98
Average:       7   74.40    0.00    0.00    0.00    0.00    0.00    5.80    0.00   19.81
Average:       2   61.79    0.00    0.47    0.00    0.00    0.00    6.60    0.00   31.13
Average:       3   62.86    0.00    0.95    0.00    0.00    0.00    5.24    0.00   30.95
Average:       4   61.61    0.00    0.47    0.00    0.00    0.00    6.16    0.00   31.75
Average:       5   64.42    0.00    0.48    0.00    0.00    0.00    3.85    0.00   31.25
Average:       6   75.86    0.00    1.97    0.00    0.00    0.00    1.97    0.00   20.20
Average:       7   66.67    0.00    0.50    0.00    0.00    0.00    0.00    0.00   32.84
Average:       2   63.68    0.00    0.00    0.00    0.00    0.00    0.50    0.00   35.82
Average:       3   88.78    0.00    1.95    0.00    0.00    0.00    2.44    0.00    6.83
Average:       4   65.50    0.00    0.00    0.00    0.00    0.00    0.00    0.00   34.50
Average:       5   64.00    0.00    0.00    0.00    0.00    0.00    0.00    0.00   36.00
Average:       6   60.40    0.00    0.50    0.00    0.00    0.00    0.99    0.00   38.12
Average:       7   61.95    0.00    0.49    0.00    0.00    0.00    2.44    0.00   35.12
Average:       2   75.25    0.00    1.49    0.00    0.00    0.00    0.99    0.00   22.28
Average:       3   69.95    0.00    0.49    0.00    0.00    0.00    0.99    0.00   28.57
Average:       4   69.95    0.00    0.99    0.00    0.00    0.00    0.99    0.00   28.08
Average:       5   72.28    0.00    0.00    0.00    0.00    0.00    0.99    0.00   26.73
Average:       6   72.64    0.00    0.00    0.00    0.00    0.00    1.00    0.00   26.37
Average:       7   73.40    0.00    0.49    0.00    0.00    0.00    1.48    0.00   24.63
Average:       2   65.83    0.00    0.00    0.00    0.00    0.00    0.00    0.00   34.17
Average:       3   64.53    0.00    0.00    0.00    0.00    0.00    0.99    0.00   34.48
Average:       4   64.71    0.00    0.49    0.00    0.00    0.00    2.45    0.00   32.35
Average:       5   95.98    0.00    1.51    0.00    0.00    0.00    0.00    0.00    2.51
Average:       6   67.50    0.00    0.00    0.00    0.00    0.00    0.50    0.00   32.00
Average:       7   66.83    0.00    0.50    0.00    0.00    0.00    0.99    0.00   31.68
Average:       2   66.03    0.00    0.00    0.00    0.00    0.00    7.66    0.00   26.32
Average:       3   77.83    0.00    2.36    0.47    0.00    0.00    9.91    0.00    9.43
Average:       4   65.85    0.00    0.49    0.00    0.00    0.00    7.32    0.00   26.34
Average:       5   73.68    0.00    1.44    0.00    0.00    0.00    6.22    0.00   18.66
Average:       6   66.35    0.00    0.48    0.00    0.00    0.00    6.73    0.00   26.44
Average:       7   63.81    0.00    0.95    0.00    0.00    0.00    7.62    0.00   27.62
Average:       2   58.33    0.00    0.00    0.00    0.00    0.00    2.94    0.00   38.73
Average:       3   55.67    0.00    0.00    0.00    0.00    0.00    2.46    0.00   41.87
Average:       4   59.22    0.00    0.49    0.00    0.00    0.00    3.40    0.00   36.89
Average:       5   56.04    0.00    0.00    0.00    0.00    0.00    5.31    0.00   38.65
Average:       6   85.17    0.00    1.44    0.00    0.00    0.00    6.70    0.00    6.70
Average:       7   58.25    0.00    0.49    0.00    0.00    0.00    3.40    0.00   37.86
Average:       2   58.42    0.00    0.50    0.00    0.00    0.00    3.47    0.00   37.62
Average:       3   56.31    0.00    0.49    0.00    0.00    0.00    4.37    0.00   38.83
Average:       4   87.38    0.00    1.46    0.00    0.00    0.00    5.34    0.00    5.83
Average:       5   59.71    0.00    0.49    0.00    0.00    0.00    3.40    0.00   36.41
Average:       6   58.74    0.00    0.00    0.00    0.00    0.00    4.37    0.00   36.89
Average:       7   52.45    0.00    0.00    0.00    0.00    0.00    6.37    0.00   41.18
Average:       2   82.59    0.00    0.00    0.00    0.00    0.00    0.00    0.00   17.41
Average:       3   78.43    0.00    0.00    0.00    0.00    0.00    1.96    0.00   19.61
Average:       4   79.60    0.00    0.00    0.00    0.00    0.00    0.50    0.00   19.90
Average:       5   76.85    0.00    0.49    0.00    0.00    0.00    1.48    0.00   21.18
Average:       6   77.88    0.00    0.48    0.00    0.00    0.00    3.85    0.00   17.79
Average:       7   91.09    0.00    1.49    0.00    0.00    0.00    1.49    0.00    5.94
Average:       2   60.50    0.00    0.00    0.00    0.00    0.00    0.50    0.00   39.00
Average:       3   61.69    0.00    0.50    0.00    0.00    0.00    0.50    0.00   37.31
Average:       4   61.39    0.00    0.99    0.00    0.00    0.00    0.99    0.00   36.63
Average:       5   59.71    0.00    0.49    0.00    0.00    0.00    3.40    0.00   36.41
Average:       6   89.27    0.00    2.44    0.00    0.00    0.00    1.95    0.00    6.34
Average:       7   63.68    0.00    0.50    0.00    0.00    0.00    1.00    0.00   34.83
Average:       2   81.37    0.00    0.49    0.00    0.00    0.00    1.96    0.00   16.18
Average:       3   77.34    0.00    0.00    0.00    0.00    0.00    1.97    0.00   20.69
Average:       4   76.85    0.00    0.99    0.00    0.00    0.00    0.99    0.00   21.18
Average:       5   92.16    0.00    0.98    0.00    0.00    0.00    2.45    0.00    4.41
Average:       6   76.73    0.00    0.99    0.00    0.00    0.00    0.99    0.00   21.29
Average:       7   78.82    0.00    0.49    0.00    0.00    0.00    1.48    0.00   19.21
Average:       2   61.58    0.00    0.00    0.00    0.00    0.00    0.99    0.00   37.44
Average:       3   62.07    0.00    0.00    0.00    0.00    0.00    2.46    0.00   35.47
Average:       4   61.76    0.00    0.49    0.00    0.00    0.00    3.43    0.00   34.31
Average:       5   74.13    0.00    1.00    0.00    0.00    0.00    2.99    0.00   21.89
Average:       6   59.70    0.00    0.00    0.00    0.00    0.00    1.49    0.00   38.81
Average:       7   58.62    0.00    0.99    0.00    0.00    0.00    2.46    0.00   37.93
Average:       2   68.25    0.00    0.47    0.00    0.00    0.00    5.69    0.00   25.59
Average:       3   67.63    0.00    0.00    0.00    0.00    0.00    4.83    0.00   27.54
Average:       4   68.29    0.00    0.49    0.00    0.00    0.00    2.93    0.00   28.29
Average:       5   75.83    0.00    0.47    0.00    0.00    0.00    6.64    0.00   17.06
Average:       6   67.62    0.00    0.95    0.00    0.00    0.00    5.71    0.00   25.71
Average:       7   83.41    0.00    1.46    0.00    0.00    0.00    5.37    0.00    9.76
Average:       2   64.53    0.00    0.00    0.00    0.00    0.00    1.97    0.00   33.50
Average:       3   67.33    0.00    0.00    0.00    0.00    0.00    0.99    0.00   31.68
Average:       4   74.15    0.00    1.46    0.00    0.00    0.00    2.93    0.00   21.46
Average:       5   79.60    0.00    0.50    0.00    0.00    0.00    1.99    0.00   17.91
Average:       6   64.04    0.00    0.00    0.00    0.00    0.00    2.46    0.00   33.50
Average:       7   63.37    0.00    0.50    0.00    0.00    0.00    0.50    0.00   35.64
Average:       2   79.90    0.00    0.49    0.00    0.00    0.00    1.96    0.00   17.65
Average:       3   93.07    0.00    1.49    0.00    0.00    0.00    0.99    0.00    4.46
Average:       4   73.53    0.00    1.47    0.00    0.00    0.00    1.47    0.00   23.53
Average:       5   75.62    0.00    0.50    0.00    0.00    0.00    1.00    0.00   22.89
Average:       6   76.24    0.00    0.00    0.00    0.00    0.00    0.99    0.00   22.77
Average:       7   74.50    0.00    0.50    0.00    0.00    0.00    0.00    0.00   25.00
Average:       2   62.25    0.00    0.49    0.00    0.00    0.00    1.47    0.00   35.78
Average:       3   66.50    0.00    0.49    0.00    0.00    0.00    0.99    0.00   32.02
Average:       4   65.17    0.00    0.50    0.00    0.00    0.00    2.49    0.00   31.84
Average:       5   67.65    0.00    0.00    0.00    0.00    0.00    1.96    0.00   30.39
Average:       6   79.21    0.00    1.49    0.50    0.00    0.00    0.99    0.00   17.82
Average:       7   79.50    0.00    1.00    0.00    0.00    0.00    0.50    0.00   19.00
Average:       2   62.25    0.00    0.49    0.00    0.00    0.00    1.47    0.00   35.78
Average:       3   60.78    0.00    0.49    0.00    0.00    0.00    1.47    0.00   37.25
Average:       4   79.41    0.00    0.98    0.00    0.00    0.00    1.96    0.00   17.65
Average:       5   66.50    0.00    0.50    0.00    0.00    0.00    0.00    0.00   33.00
Average:       6   78.00    0.00    1.50    0.00    0.00    0.00    0.00    0.00   20.50
Average:       7   65.35    0.00    0.00    0.00    0.00    0.00    0.99    0.00   33.66
Average:       2   58.74    0.00    0.00    0.00    0.00    0.00    3.88    0.00   37.38
Average:       3   57.77    0.00    0.49    0.00    0.00    0.00    4.37    0.00   37.38
Average:       4   63.55    0.00    0.49    0.00    0.00    0.00    1.97    0.00   33.99
Average:       5   60.10    0.00    0.48    0.00    0.00    0.00    3.85    0.00   35.58
Average:       6   60.39    0.00    0.48    0.00    0.00    0.00    3.86    0.00   35.27
Average:       7   91.71    0.00    1.46    0.00    0.00    0.00    3.90    0.00    2.93
Average:       2   89.11    0.00    0.99    0.00    0.00    0.00    2.97    0.00    6.93
Average:       3   77.72    0.00    0.99    0.00    0.00    0.00    1.98    0.00   19.31
Average:       4   76.73    0.00    0.50    0.00    0.00    0.00    0.99    0.00   21.78
Average:       5   78.61    0.00    0.00    0.00    0.00    0.00    0.50    0.00   20.90
Average:       6   76.14    0.00    1.02    0.00    0.00    0.00    0.51    0.00   22.34
Average:       7   74.15    0.00    0.49    0.00    0.00    0.00    3.41    0.00   21.95
Average:       2   67.49    0.00    0.49    0.00    0.00    0.00    1.48    0.00   30.54
Average:       3   82.59    0.00    1.00    0.00    0.00    0.00    0.50    0.00   15.92
Average:       4   78.16    0.00    0.49    0.00    0.00    0.00    2.43    0.00   18.93
Average:       5   67.00    0.00    0.49    0.00    0.00    0.00    1.48    0.00   31.03
Average:       6   65.67    0.00    0.50    0.00    0.00    0.00    0.50    0.00   33.33
Average:       7   65.84    0.00    0.00    0.00    0.00    0.00    0.50    0.00   33.66
Average:       2   65.20    0.00    0.49    0.00    0.00    0.00    1.96    0.00   32.35
Average:       3   77.72    0.00    0.99    0.00    0.00    0.00    1.49    0.00   19.80
Average:       4   62.69    0.00    0.50    0.00    0.00    0.00    0.00    0.00   36.82
Average:       5   65.17    0.00    0.50    0.00    0.00    0.00    0.00    0.00   34.33
Average:       6   76.73    0.00    1.49    0.00    0.00    0.00    1.49    0.00   20.30
Average:       7   60.40    0.00    0.99    0.00    0.00    0.00    0.50    0.00   38.12
Average:       2   72.68    0.00    0.49    0.00    0.00    0.00    2.44    0.00   24.39
Average:       3   77.11    0.00    0.00    0.00    0.00    0.00    0.50    0.00   22.39
Average:       4   77.11    0.00    0.50    0.00    0.00    0.00    0.00    0.00   22.39
Average:       5   73.04    0.00    0.49    0.00    0.00    0.00    1.96    0.00   24.51
Average:       6   73.17    0.00    0.49    0.00    0.00    0.00    1.95    0.00   24.39
Average:       7   95.05    0.00    0.99    0.00    0.00    0.00    0.99    0.00    2.97
Average:       2   64.88    0.00    0.49    0.00    0.00    0.00    5.85    0.00   28.78
Average:       3   61.61    0.00    0.47    0.00    0.00    0.00    7.58    0.00   30.33
Average:       4   60.38    0.00    0.47    0.00    0.00    0.00    8.49    0.00   30.66
Average:       5   57.00    0.00    0.48    0.00    0.00    0.00    7.25    0.00   35.27
Average:       6   61.35    0.00    0.48    0.00    0.00    0.00    6.28    0.00   31.88
Average:       7   60.68    0.00    0.00    0.00    0.00    0.00    6.80    0.00   32.52
Average:       2   72.77    0.00    1.98    0.00    0.00    0.00    1.49    0.00   23.76
Average:       3   62.07    0.00    0.99    0.00    0.00    0.00    0.99    0.00   35.96
Average:       4   59.41    0.00    0.00    0.00    0.00    0.00    0.50    0.00   40.10
Average:       5   62.07    0.00    0.49    0.00    0.00    0.00    1.97    0.00   35.47
Average:       6   58.79    0.00    0.00    0.00    0.00    0.00    0.00    0.00   41.21
Average:       7   60.00    0.00    0.00    0.00    0.00    0.00    2.44    0.00   37.56
Average:       2   89.86    0.00    2.42    0.00    0.00    0.00    3.38    0.00    4.35
Average:       3   80.60    0.00    0.50    0.00    0.00    0.00    0.00    0.00   18.91
Average:       4   83.08    0.00    0.00    0.00    0.00    0.00    1.00    0.00   15.92
Average:       5   81.68    0.00    0.00    0.00    0.00    0.00    0.99    0.00   17.33
Average:       6   77.94    0.00    0.98    0.00    0.00    0.00    1.47    0.00   19.61
Average:       7   81.00    0.00    0.00    0.00    0.00    0.00    1.00    0.00   18.00
Average:       2   64.00    0.00    0.50    0.00    0.00    0.00    0.00    0.00   35.50
Average:       3   72.60    0.00    1.92    0.00    0.00    0.00    3.37    0.00   22.12
Average:       4   62.07    0.00    0.99    0.00    0.00    0.00    1.48    0.00   35.47
Average:       5   75.12    0.00    1.49    0.00    0.00    0.00    0.00    0.00   23.38
Average:       6   59.90    0.00    0.50    0.00    0.00    0.00    0.99    0.00   38.61
Average:       7   61.19    0.00    0.50    0.00    0.00    0.00    0.00    0.00   38.31
Average:       2   72.14    0.00    0.50    0.00    0.00    0.00    0.00    0.00   27.36
Average:       3   71.50    0.00    0.00    0.00    0.00    0.00    0.00    0.00   28.50
Average:       4   70.79    0.00    0.50    0.00    0.00    0.00    0.50    0.00   28.22
Average:       5   68.63    0.00    0.49    0.00    0.00    0.00    1.96    0.00   28.92
Average:       6   71.22    0.00    0.49    0.00    0.00    0.00    2.44    0.00   25.85
Average:       7   77.23    0.00    0.99    0.00    0.00    0.00    0.99    0.00   20.79
Average:       2   58.02    0.00    1.89    0.00    0.00    0.00    9.91    0.00   30.19
Average:       3   75.98    0.00    0.98    0.00    0.00    0.00    5.39    0.00   17.65
Average:       4   61.58    0.00    0.49    0.00    0.00    0.00    4.43    0.00   33.50
Average:       5   63.46    0.00    0.48    0.00    0.00    0.00    5.77    0.00   30.29
Average:       6   63.64    0.00    0.96    0.00    0.00    0.00    7.18    0.00   28.23
Average:       7   65.35    0.00    0.99    0.00    0.00    0.00    3.47    0.00   30.20
Average:       2   79.61    0.00    0.00    0.00    0.00    0.00    3.88    0.00   16.50
Average:       3   79.81    0.00    0.00    0.00    0.00    0.00    4.81    0.00   15.38
Average:       4   81.25    0.00    0.00    0.00    0.00    0.00    3.85    0.00   14.90
Average:       5   77.88    0.00    0.00    0.00    0.00    0.00    5.29    0.00   16.83
Average:       6   92.75    0.00    0.97    0.00    0.00    0.00    3.86    0.00    2.42
Average:       7   83.82    0.00    0.00    0.00    0.00    0.00    2.45    0.00   13.73
Average:       2   90.15    0.00    1.48    0.00    0.00    0.00    1.97    0.00    6.40
Average:       3   69.00    0.00    0.00    0.00    0.00    0.00    0.00    0.00   31.00
Average:       4   65.53    0.00    0.49    0.00    0.00    0.00    2.91    0.00   31.07
Average:       5   65.66    0.00    0.00    0.00    0.00    0.00    0.00    0.00   34.34
Average:       6   64.56    0.00    0.49    0.00    0.00    0.00    2.43    0.00   32.52
Average:       7   65.67    0.00    0.00    0.00    0.00    0.00    0.50    0.00   33.83
Average:       2   83.17    0.00    0.99    0.00    0.00    0.00    0.50    0.00   15.35
Average:       3   81.59    0.00    0.50    0.00    0.00    0.00    0.50    0.00   17.41
Average:       4   85.00    0.00    0.00    0.00    0.00    0.00    0.00    0.00   15.00
Average:       5   79.80    0.00    0.99    0.00    0.00    0.00    1.97    0.00   17.24
Average:       6   81.19    0.00    0.00    0.00    0.00    0.00    0.99    0.00   17.82
Average:       7   81.46    0.00    0.00    0.00    0.00    0.00    2.44    0.00   16.10
Average:       2   72.00    0.00    0.50    0.00    0.00    0.00    0.00    0.00   27.50
Average:       3   73.63    0.00    0.00    0.00    0.00    0.00    0.50    0.00   25.87
Average:       4   70.59    0.00    0.00    0.00    0.00    0.00    1.96    0.00   27.45
Average:       5   83.42    0.00    0.50    0.00    0.00    0.00    0.00    0.00   16.08
Average:       6   85.15    0.00    0.99    0.00    0.00    0.00    0.99    0.00   12.87
Average:       7   72.46    0.00    0.00    0.00    0.00    0.00    3.86    0.00   23.67
Average:       2   53.37    0.00    0.00    0.00    0.00    0.00   11.06    0.00   35.58
Average:       3   61.43    0.00    0.48    0.00    0.00    0.00    7.14    0.00   30.95
Average:       4   54.55    0.00    0.00    0.00    0.00    0.00   10.53    0.00   34.93
Average:       5   64.42    0.00    0.48    0.00    0.00    0.00    5.29    0.00   29.81
Average:       6   83.81    0.00    0.95    0.00    0.00    0.00    9.05    0.00    6.19
Average:       7   59.07    0.00    0.93    0.00    0.00    0.00    9.30    0.00   30.70
Average:       2   69.52    0.00    0.00    0.00    0.00    0.00    6.19    0.00   24.29
Average:       3   72.55    0.00    0.00    0.00    0.00    0.00    4.90    0.00   22.55
Average:       4   66.67    0.00    0.48    0.00    0.00    0.00    5.24    0.00   27.62
Average:       5   67.94    0.00    0.48    0.00    0.00    0.00    4.31    0.00   27.27
Average:       6   69.42    0.00    0.00    0.00    0.00    0.00    4.37    0.00   26.21
Average:       7   72.46    0.00    0.48    0.00    0.00    0.00    3.38    0.00   23.67
Average:       2   71.14    0.00    0.50    0.00    0.00    0.00    1.00    0.00   27.36
Average:       3   83.74    0.00    0.99    0.00    0.00    0.00    1.48    0.00   13.79
Average:       4   76.24    0.00    0.00    0.00    0.00    0.00    1.98    0.00   21.78
Average:       5   71.29    0.00    0.99    0.00    0.00    0.00    0.50    0.00   27.23
Average:       6   74.87    0.00    1.51    0.00    0.00    0.00    0.00    0.00   23.62
Average:       7   68.81    0.00    0.00    0.00    0.00    0.00    1.49    0.00   29.70
Average:       2   75.62    0.00    0.50    0.00    0.00    0.00    0.00    0.00   23.88
Average:       3   75.12    0.00    0.50    0.00    0.00    0.00    1.00    0.00   23.38
Average:       4   75.25    0.00    0.50    0.00    0.00    0.00    0.99    0.00   23.27
Average:       5   73.89    0.00    0.00    0.00    0.00    0.00    1.97    0.00   24.14
Average:       6   80.20    0.00    0.00    0.00    0.00    0.00    0.99    0.00   18.81
Average:       7   90.10    0.00    1.98    0.00    0.00    0.00    0.50    0.00    7.43
Average:       2   71.29    0.00    0.50    0.00    0.00    0.00    0.99    0.00   27.23
Average:       3   70.73    0.00    0.49    0.00    0.00    0.00    2.44    0.00   26.34
Average:       4   76.12    0.00    0.00    0.00    0.00    0.00    0.50    0.00   23.38
Average:       5   81.28    0.00    0.49    0.00    0.00    0.00    0.99    0.00   17.24
Average:       6   72.28    0.00    0.00    0.00    0.00    0.00    0.99    0.00   26.73
Average:       7   85.29    0.00    0.98    0.00    0.00    0.00    1.96    0.00   11.76
Average:       2   64.49    0.00    0.47    0.00    0.00    0.00   11.21    0.00   23.83
Average:       3   67.62    0.00    0.00    0.00    0.00    0.00   11.43    0.00   20.95
Average:       4   63.21    0.00    0.94    0.00    0.00    0.00   11.32    0.00   24.53
Average:       5   82.41    0.00    2.31    0.00    0.00    0.00   11.11    0.00    4.17
Average:       6   61.09    0.00    0.00    0.00    0.00    0.00   15.84    0.00   23.08
Average:       7   65.70    0.00    0.00    0.00    0.00    0.00    7.25    0.00   27.05
Average:       2   61.35    0.00    0.48    0.00    0.00    0.00    3.86    0.00   34.30
Average:       3   62.31    0.00    0.00    0.00    0.00    0.00    0.00    0.00   37.69
Average:       4   54.55    0.00    0.00    0.00    0.00    0.00    7.18    0.00   38.28
Average:       5   84.95    0.00    2.43    0.00    0.00    0.00    3.88    0.00    8.74
Average:       6   63.73    0.00    0.00    0.00    0.00    0.00    3.43    0.00   32.84
