Average:       2    0.00    0.00    0.56   10.56    0.00    0.00    0.00    0.00   88.89
Average:       2    0.31    0.00    0.31    0.00    0.00    0.00    0.00    0.00   99.38
Average:       2    0.00    0.00    0.50    8.52    0.00    0.00    0.00    0.00   90.98
Average:       2    0.00    0.00    0.63   10.76    0.00    0.00    0.00    0.00   88.61
Average:       2    0.28    0.00    0.56    9.89    0.00    0.00    0.00    0.00   89.27
Average:       2    0.63    0.00    0.63    0.00    0.00    0.00    0.00    0.00   98.74
Average:       2    0.00    0.00    0.25    0.25    0.00    0.00    0.00    0.00   99.50
Average:       2    0.33    0.00    1.64    0.00    0.00    0.00    0.00    0.00   98.03
Average:       2    0.00    0.00    0.63   13.65    0.00    0.00    0.00    0.00   85.71
Average:       2    0.00    0.00    0.51    9.09    0.00    0.00    0.00    0.00   90.40
Average:       2    0.00    0.00    0.51    0.00    0.00    0.00    0.00    0.00   99.49
Average:       2    0.00    0.00    0.76    0.00    0.00    0.00    0.00    0.00   99.24
Average:       2    0.25    0.00    0.50    0.00    0.00    0.00    0.00    0.00   99.25
Average:       2    0.00    0.00    0.76    0.50    0.00    0.00    0.00    0.00   98.74
Average:       2    0.00    0.00    0.76    3.78    0.00    0.00    0.00    0.00   95.47
Average:       2    0.00    0.00    0.25    0.00    0.00    0.00    0.00    0.00   99.75
Average:       2    0.25    0.00    0.25    0.00    0.00    0.00    0.00    0.00   99.50
Average:       2    0.25    0.00    0.50    0.00    0.00    0.00    0.00    0.00   99.24
Average:       2    0.50    0.00    0.50    0.00    0.00    0.00    0.00    0.00   98.99
Average:       2    0.00    0.00    0.25    0.00    0.00    0.00    0.00    0.00   99.75
Average:       2    0.00    0.00    0.76    0.00    0.00    0.00    0.00    0.00   99.24
Average:       2    0.25    0.00    0.76    0.00    0.00    0.00    0.00    0.00   98.99
Average:       2    0.00    0.00    1.01   12.09    0.00    0.00    0.00    0.00   86.90
Average:       2    0.25    0.00    0.50    0.00    0.00    0.00    0.00    0.00   99.24
Average:       2    0.00    0.00    0.76    0.00    0.00    0.00    0.00    0.00   99.24
Average:       2    0.00    0.00    0.50    0.00    0.00    0.00    0.00    0.00   99.50
Average:       2    0.26    0.00    0.53    0.00    0.00    0.00    0.00    0.00   99.21
Average:       2    0.50    0.00    0.50    0.00    0.00    0.00    0.00    0.00   99.00
Average:       2    0.25    0.00    0.50    0.00    0.00    0.00    0.00    0.00   99.24
Average:       2    0.00    0.00    0.50    0.00    0.00    0.00    0.00    0.00   99.50
Average:       2    0.00    0.00    0.50    0.00    0.00    0.00    0.00    0.00   99.50
Average:       2    0.00    0.00    0.80    0.00    0.00    0.00    0.00    0.00   99.20
Average:       2    0.25    0.00    0.50    0.00    0.00    0.00    0.00    0.00   99.25
Average:       2    0.27    0.00    0.27    0.00    0.00    0.00    0.00    0.00   99.46
Average:       2    0.25    0.00    0.75    0.00    0.00    0.00    0.00    0.00   98.99
Average:       2    0.00    0.00    0.75    0.00    0.00    0.00    0.00    0.00   99.25
Average:       2    0.00    0.00    0.50    0.00    0.00    0.00    0.00    0.00   99.50
Average:       2    0.25    0.00    0.50    0.00    0.00    0.00    0.00    0.00   99.24
Average:       2    0.00    0.00    0.50    0.00    0.00    0.00    0.00    0.00   99.50
Average:       2    0.25    0.00    0.76    0.00    0.00    0.00    0.00    0.00   98.99
Average:       2    0.50    0.00    0.50    0.00    0.00    0.00    0.00    0.00   98.99
Average:       2    0.00    0.00    0.76    0.00    0.00    0.00    0.00    0.00   99.24
Average:       2    0.25    0.00    0.25    0.00    0.00    0.00    0.00    0.00   99.50
Average:       2    0.25    0.00    0.25    0.00    0.00    0.00    0.00    0.00   99.50
Average:       2    0.00    0.00    0.50    0.00    0.00    0.00    0.00    0.00   99.50
Average:       2    0.00    0.00    0.76    0.00    0.00    0.00    0.00    0.00   99.24
Average:       2    0.25    0.00    0.50    0.00    0.00    0.00    0.00    0.00   99.24
Average:       2    0.25    0.00    0.50    0.00    0.00    0.00    0.00    0.00   99.24
Average:       2    0.00    0.00    0.76    0.00    0.00    0.00    0.00    0.00   99.24
Average:       2    0.25    0.00    0.75    0.00    0.00    0.00    0.00    0.00   98.99
Average:       2    0.00    0.00    0.50    0.00    0.00    0.00    0.00    0.00   99.50
Average:       2    0.00    0.00    0.76    0.00    0.00    0.00    0.00    0.00   99.24
Average:       2    0.00    0.00    0.76    0.00    0.00    0.00    0.00    0.00   99.24
Average:       2    0.00    0.00    0.76    0.00    0.00    0.00    0.00    0.00   99.24
Average:       2    0.00    0.00    0.49    0.00    0.00    0.00    0.00    0.00   99.51
Average:       2    0.00    0.00    0.75    0.00    0.00    0.00    0.00    0.00   99.25
Average:       2    0.00    0.00    0.75    0.00    0.00    0.00    0.00    0.00   99.25
Average:       2    0.25    0.00    0.50    0.00    0.00    0.00    0.00    0.00   99.25
Average:       2    0.00    0.00    0.51    0.00    0.00    0.00    0.00    0.00   99.49
Average:       2    0.50    0.00    0.50    0.00    0.00    0.00    0.00    0.00   98.99
Average:       2    0.00    0.00    0.51    0.00    0.00    0.00    0.00    0.00   99.49
Average:       2    0.28    0.00    0.56    0.00    0.00    0.00    0.00    0.00   99.16
Average:       2    0.00    0.00    0.76    0.00    0.00    0.00    0.00    0.00   99.24
Average:       2    0.25    0.00    0.25    0.00    0.00    0.00    0.00    0.00   99.49
Average:       2    0.00    0.00    0.50    0.00    0.00    0.00    0.00    0.00   99.50
Average:       2    0.51    0.00    0.51    0.00    0.00    0.00    0.00    0.00   98.99
Average:       2    0.25    0.00    0.25    0.00    0.00    0.00    0.00    0.00   99.50
Average:       2    0.00    0.00    0.51    0.00    0.00    0.00    0.00    0.00   99.49
Average:       2    0.25    0.00    0.50    0.00    0.00    0.00    0.00    0.00   99.25
Average:       2    0.25    0.00    0.76    0.00    0.00    0.00    0.00    0.00   98.99
Average:       2    0.00    0.00    0.50    0.00    0.00    0.00    0.00    0.00   99.50
Average:       2    0.25    0.00    0.50    0.00    0.00    0.00    0.00    0.00   99.24
Average:       2    0.25    0.00    0.76    0.00    0.00    0.00    0.00    0.00   98.99
Average:       2    0.00    0.00    0.76    0.00    0.00    0.00    0.00    0.00   99.24
Average:       2    0.25    0.00    0.76    0.00    0.00    0.00    0.00    0.00   98.99
Average:       2    0.00    0.00    0.76    0.00    0.00    0.00    0.00    0.00   99.24
Average:       2    0.00    0.00    0.50    0.00    0.00    0.00    0.00    0.00   99.50
Average:       2    0.00    0.00    0.50    0.00    0.00    0.00    0.00    0.00   99.50
Average:       2    0.00    0.00    0.51    0.00    0.00    0.00    0.00    0.00   99.49
Average:       2    0.25    0.00    0.75    0.00    0.00    0.00    0.00    0.00   98.99
Average:       2    0.00    0.00    1.01    0.00    0.00    0.00    0.00    0.00   98.99
Average:       2    0.00    0.00    0.25    0.00    0.00    0.00    0.00    0.00   99.75
Average:       2    0.00    0.00    0.76    0.00    0.00    0.00    0.00    0.00   99.24
Average:       2    0.00    0.00    0.75    0.00    0.00    0.00    0.00    0.00   99.25
Average:       2    0.00    0.00    0.75    0.00    0.00    0.00    0.00    0.00   99.25
Average:       2    0.00    0.00    0.50    0.00    0.00    0.00    0.00    0.00   99.50
Average:       2    0.00    0.00    0.51    0.00    0.00    0.00    0.00    0.00   99.49
Average:       2    0.25    0.00    0.76    0.00    0.00    0.00    0.00    0.00   98.99
Average:       2    0.25    0.00    0.50    0.00    0.00    0.00    0.00    0.00   99.24
Average:       2    0.00    0.00    0.76    0.00    0.00    0.00    0.00    0.00   99.24
Average:       2    0.00    0.00    0.51    0.00    0.00    0.00    0.00    0.00   99.49
Average:       2    0.00    0.00    1.01    0.00    0.00    0.00    0.00    0.00   98.99
Average:       2    0.25    0.00    0.25    0.00    0.00    0.00    0.00    0.00   99.49
Average:       2    0.25    0.00    0.25    0.00    0.00    0.00    0.00    0.00   99.51
Average:       2    0.00    0.00    0.75    0.00    0.00    0.00    0.00    0.00   99.25
Average:       2    0.25    0.00    0.25    0.00    0.00    0.00    0.00    0.00   99.49
Average:       2    0.00    0.00    0.76    0.00    0.00    0.00    0.00    0.00   99.24
Average:       2    0.00    0.00    0.76    0.00    0.00    0.00    0.00    0.00   99.24
Average:       2    0.25    0.00    0.50    0.00    0.00    0.00    0.00    0.00   99.25
Average:       2    0.25    0.00    0.50    0.00    0.00    0.00    0.00    0.00   99.25
Average:       2    0.00    0.00    1.01    0.00    0.00    0.00    0.00    0.00   98.99
Average:       2    0.00    0.00    0.50    0.00    0.00    0.00    0.00    0.00   99.50
Average:       2    0.00    0.00    0.71    0.00    0.00    0.00    0.00    0.00   99.29
Average:       2    0.00    0.00    0.75    0.00    0.00    0.00    0.00    0.00   99.25
Average:       2    0.25    0.00    0.50    0.00    0.00    0.00    0.00    0.00   99.24
Average:       2    0.30    0.00    0.60    0.00    0.00    0.00    0.00    0.00   99.11
Average:       2    0.00    0.00    0.75    0.00    0.00    0.00    0.00    0.00   99.25
Average:       2    0.25    0.00    0.75    0.00    0.00    0.00    0.00    0.00   98.99
Average:       2    0.00    0.00    0.50    0.00    0.00    0.00    0.00    0.00   99.50
Average:       2    0.00    0.00    0.25    0.00    0.00    0.00    0.00    0.00   99.75
Average:       2    0.00    0.00    0.89    0.00    0.00    0.00    0.00    0.00   99.11
Average:       2    0.00    0.00    0.50    1.01    0.00    0.00    0.00    0.00   98.49
Average:       2    0.00    0.00    0.51    0.00    0.00    0.00    0.00    0.00   99.49
Average:       2    0.00    0.00    0.76    1.01    0.00    0.00    0.00    0.00   98.23
Average:       2    0.00    0.00    0.50    0.00    0.00    0.00    0.00    0.00   99.50
Average:       2    0.00    0.00    0.50    0.00    0.00    0.00    0.00    0.00   99.50
Average:       2    0.25    0.00    0.76    5.56    0.00    0.00    0.00    0.00   93.43
Average:       2    0.30    0.00    2.12    9.09    0.00    0.00    0.00    0.00   88.48
Average:       2    0.00    0.00    3.42   19.32    0.00    0.00    0.00    0.00   77.26
Average:       2    0.00    0.00    1.35    0.27    0.00    0.00    0.00    0.00   98.38
Average:       2    0.26    0.00    5.63   59.34    0.00    0.00    0.00    0.00   34.78
Average:       2    0.00    0.00    5.40   28.57    0.00    0.00    0.00    0.00   66.03
Average:       2    0.00    0.00    1.08   50.81    0.00    0.00    0.00    0.00   48.11
Average:       2    0.29    0.00    1.72   16.05    0.00    0.00    0.00    0.00   81.95
Average:       2    0.00    0.00    2.33    0.78    0.00    0.00    0.00    0.00   96.89
Average:       2    0.00    0.00    2.60    3.12    0.00    0.00    0.00    0.00   94.27
Average:       2    0.51    0.00    1.01    3.80    0.00    0.00    0.00    0.00   94.68
Average:       2    0.00    0.00   11.73    0.98    0.00    0.00    0.00    0.00   87.30
Average:       2    0.00    0.00    1.02   19.80    0.00    0.00    0.00    0.00   79.19
Average:       2    0.00    0.00    0.51    0.00    0.00    0.00    0.00    0.00   99.49
Average:       2    0.00    0.00    0.76    0.00    0.00    0.00    0.00    0.00   99.24
Average:       2    0.00    0.00    0.76    0.00    0.00    0.00    0.00    0.00   99.24
Average:       2    0.00    0.00    0.76    0.00    0.00    0.00    0.00    0.00   99.24
Average:       2    0.25    0.00    0.75    0.00    0.00    0.00    0.00    0.00   98.99
Average:       2    0.25    0.00    0.50    0.00    0.00    0.00    0.00    0.00   99.24
Average:       2    0.00    0.00    0.51    2.27    0.00    0.00    0.00    0.00   97.22
Average:       2    0.27    0.00    0.55    0.00    0.00    0.00    0.00    0.00   99.18
Average:       2    0.26    0.00    0.52    0.00    0.00    0.00    0.00    0.00   99.22
Average:       2    0.28    0.00    0.55    0.28    0.00    0.00    0.00    0.00   98.90
Average:       2    0.26    0.00    0.00    0.00    0.00    0.00    0.00    0.00   99.74
Average:       2    0.00    0.00    0.55    6.91    0.00    0.00    0.00    0.00   92.54
Average:       2    0.00    0.00    0.79    5.26    0.00    0.00    0.00    0.00   93.95
Average:       2    0.00    0.00    0.29    0.87    0.00    0.00    0.29    0.00   98.55
Average:       2    0.00    0.00    2.29    0.00    0.00    0.00    0.00    0.00   97.71
Average:       2    0.00    0.00    0.60    1.81    0.00    0.00    0.00    0.00   97.59
Average:       2    0.30    0.00    0.89    9.50    0.00    0.00    0.00    0.00   89.32
Average:       2   14.15    0.00    4.00    0.00    0.00    0.00    0.62    0.00   81.23
Average:       2   15.26    0.00    3.43    0.00    0.00    0.00    0.62    0.00   80.69
Average:       2   16.72    0.00    3.10    0.00    0.00    0.00    0.62    0.00   79.57
Average:       2   14.29    0.00    2.48    0.00    0.00    0.00    0.62    0.00   82.61
Average:       2   12.61    0.00    2.70    0.00    0.00    0.00    0.60    0.00   84.08
Average:       2   13.85    0.00    3.08    0.00    0.00    0.00    0.62    0.00   82.46
Average:       2   13.50    0.00    2.45    0.00    0.00    0.00    0.61    0.00   83.44
Average:       2   17.24    0.00    2.82    0.00    0.00    0.00    0.63    0.00   79.31
Average:       2   12.31    0.00    3.00    0.00    0.00    0.00    0.30    0.00   84.38
Average:       2   16.05    0.00    4.01    0.00    0.00    0.00    0.62    0.00   79.32
Average:       2   14.81    0.00    3.40    0.00    0.00    0.00    0.31    0.00   81.48
Average:       2   14.60    0.00    4.35    0.00    0.00    0.00    0.62    0.00   80.43
Average:       2   15.34    0.00    3.68    0.00    0.00    0.00    0.61    0.00   80.37
Average:       2   14.55    0.00    4.02    0.62    0.00    0.00    0.62    0.00   80.19
Average:       2   15.43    0.00    3.40    0.00    0.00    0.00    0.62    0.00   80.56
Average:       2   16.10    0.00    2.48    0.00    0.00    0.00    0.62    0.00   80.80
Average:       2   15.03    0.00    4.29    0.92    0.00    0.00    0.61    0.00   79.14
Average:       2   11.89    0.00    3.35    0.00    0.00    0.00    0.61    0.00   84.15
Average:       2   12.92    0.00    3.08    0.00    0.00    0.00    0.31    0.00   83.69
Average:       2   11.38    0.00    2.40    0.00    0.00    0.00    0.60    0.00   85.63
Average:       2   15.17    0.00    2.79    0.00    0.00    0.00    0.62    0.00   81.42
Average:       2   15.94    0.00    4.06    0.00    0.00    0.00    0.62    0.00   79.38
Average:       2   14.07    0.00    3.06    0.00    0.00    0.00    0.31    0.00   82.57
Average:       2   16.20    0.00    3.12    0.00    0.00    0.00    0.62    0.00   80.06
Average:       2   14.42    0.00    3.68    0.00    0.00    0.00    0.31    0.00   81.60
Average:       2   14.80    0.00    3.02    0.00    0.00    0.00    0.60    0.00   81.57
Average:       2   16.62    0.00    3.38    1.23    0.00    0.00    0.62    0.00   78.15
Average:       2   16.67    0.00    3.09    0.00    0.00    0.00    0.62    0.00   79.63
Average:       2   13.40    0.00    2.80    0.00    0.00    0.00    0.62    0.00   83.18
Average:       2   12.42    0.00    2.42    0.00    0.00    0.00    0.61    0.00   84.55
Average:       2   14.42    0.00    4.39    0.00    0.00    0.00    0.63    0.00   80.56
Average:       2   15.79    0.00    3.41    0.00    0.00    0.00    0.31    0.00   80.50
Average:       2   14.94    0.00    3.05    0.00    0.00    0.00    0.61    0.00   81.40
Average:       2   14.33    0.00    3.74    0.00    0.00    0.00    0.62    0.00   81.31
Average:       2   13.89    0.00    3.40    2.47    0.00    0.00    0.62    0.00   79.63
Average:       2   16.56    0.00    3.44    0.00    0.00    0.00    0.62    0.00   79.38
Average:       2   13.11    0.00    3.66    2.74    0.00    0.00    0.61    0.00   79.88
Average:       2   13.72    0.00    3.05    2.44    0.00    0.00    0.61    0.00   80.18
Average:       2    9.94    0.00    2.63    0.00    0.00    0.00    0.29    0.00   87.13
Average:       2   12.73    0.00    2.42    0.00    0.00    0.00    0.61    0.00   84.24
Average:       2   14.63    0.00    2.99    0.00    0.00    0.00    0.60    0.00   81.79
Average:       2   16.35    0.00    3.77    0.00    0.00    0.00    0.63    0.00   79.25
Average:       2   15.32    0.00    2.70    0.00    0.00    0.00    0.60    0.00   81.38
Average:       2   17.23    0.00    1.54    0.00    0.00    0.00    0.31    0.00   80.92
Average:       2   15.79    0.00    3.41    0.00    0.00    0.00    0.62    0.00   80.19
Average:       2   16.15    0.00    3.11    2.17    0.00    0.00    0.62    0.00   77.95
Average:       2   12.73    0.00    2.73    0.00    0.00    0.00    0.61    0.00   83.94
Average:       2   15.53    0.00    2.80    0.00    0.00    0.00    0.62    0.00   81.06
Average:       2   15.99    0.00    3.13    0.00    0.00    0.00    0.63    0.00   80.25
Average:       2   11.55    0.00    3.65    0.00    0.00    0.00    0.61    0.00   84.19
Average:       2   18.61    0.00    3.15    0.32    0.00    0.00    0.63    0.00   77.29
Average:       2   14.07    0.00    2.10    0.00    0.00    0.00    0.60    0.00   83.23
Average:       2   14.33    0.00    4.05    0.00    0.00    0.00    0.62    0.00   81.00
Average:       2   13.64    0.00    2.73    0.00    0.00    0.00    0.30    0.00   83.33
Average:       2   12.46    0.00    4.26    0.00    0.00    0.00    0.30    0.00   82.98
Average:       2   15.69    0.00    2.77    0.00    0.00    0.00    0.62    0.00   80.92
Average:       2   15.79    0.00    4.33    0.00    0.00    0.00    0.62    0.00   79.26
Average:       2   14.72    0.00    2.15    0.00    0.00    0.00    0.61    0.00   82.52
Average:       2   10.40    0.00    2.60    0.00    0.00    0.00    0.58    0.00   86.42
Average:       2   16.36    0.00    3.09    0.00    0.00    0.00    0.62    0.00   79.94
Average:       2   15.84    0.00    3.42    0.00    0.00    0.00    0.62    0.00   80.12
Average:       2   15.67    0.00    4.08    0.00    0.00    0.00    0.63    0.00   79.62
Average:       2   16.67    0.00    2.47    0.00    0.00    0.00    0.62    0.00   80.25
Average:       2   14.42    0.00    2.76    0.00    0.00    0.00    0.61    0.00   82.21
Average:       2   15.34    0.00    2.76    1.23    0.00    0.00    0.61    0.00   80.06
Average:       2   13.50    0.00    2.76    0.31    0.00    0.00    0.61    0.00   82.82
Average:       2   13.37    0.00    3.34    0.00    0.00    0.00    0.30    0.00   82.98
Average:       2   16.15    0.00    3.42    0.00    0.00    0.00    0.62    0.00   79.81
Average:       2   14.20    0.00    2.78    0.00    0.00    0.00    0.62    0.00   82.41
Average:       2   17.13    0.00    4.05    0.93    0.00    0.00    0.62    0.00   77.26
Average:       2   15.38    0.00    4.31    0.92    0.00    0.00    0.62    0.00   78.77
Average:       2   19.11    0.00    2.87    0.00    0.00    0.00    0.64    0.00   77.39
Average:       2    5.94    0.00    1.88    0.00    0.00    0.00    0.00    0.00   92.19
Average:       2   17.89    0.00    3.83    0.00    0.00    0.00    0.64    0.00   77.64
Average:       2   13.94    0.00    2.73    0.00    0.00    0.00    0.61    0.00   82.73
Average:       2   12.84    0.00    3.06    0.00    0.00    0.00    0.61    0.00   83.49
Average:       2   15.94    0.00    3.75    0.00    0.00    0.00    0.62    0.00   79.69
Average:       2   14.07    0.00    2.45    0.92    0.00    0.00    0.61    0.00   81.96
Average:       2   14.46    0.00    3.01    0.00    0.00    0.00    0.60    0.00   81.93
Average:       2   16.72    0.00    3.65    0.00    0.00    0.00    0.61    0.00   79.03
Average:       2   18.55    0.00    2.83    1.57    0.00    0.00    0.31    0.00   76.73
Average:       2   14.29    0.00    2.13    0.00    0.00    0.00    0.61    0.00   82.98
Average:       2   13.98    0.00    3.04    0.00    0.00    0.00    0.61    0.00   82.37
Average:       2   13.64    0.00    3.33    0.00    0.00    0.00    0.30    0.00   82.73
Average:       2   12.92    0.00    3.69    0.00    0.00    0.00    0.31    0.00   83.08
Average:       2   15.90    0.00    3.36    0.00    0.00    0.00    0.61    0.00   80.12
Average:       2    3.35    0.00    0.52    0.77    0.00    0.00    0.26    0.00   95.10
Average:       2   13.60    0.00    2.42    1.81    0.00    0.00    0.60    0.00   81.57
Average:       2   11.90    0.00    2.38    0.00    0.00    0.00    0.30    0.00   85.42
Average:       2   14.02    0.00    3.05    0.00    0.00    0.00    0.61    0.00   82.32
Average:       2   15.77    0.00    4.10    0.00    0.00    0.00    0.63    0.00   79.50
Average:       2   13.72    0.00    3.35    0.00    0.00    0.00    0.61    0.00   82.32
Average:       2   16.77    0.00    2.13    0.00    0.00    0.00    0.61    0.00   80.49
Average:       2   15.95    0.00    3.68    0.00    0.00    0.00    0.31    0.00   80.06
Average:       2   14.89    0.00    3.65    2.13    0.00    0.00    0.61    0.00   78.72
Average:       2   12.84    0.00    2.39    0.00    0.00    0.00    0.60    0.00   84.18
Average:       2   17.13    0.00    4.05    0.00    0.00    0.00    0.62    0.00   78.19
Average:       2   13.55    0.00    3.01    0.00    0.00    0.00    0.60    0.00   82.83
Average:       2   14.59    0.00    2.74    0.00    0.00    0.00    0.30    0.00   82.37
Average:       2   12.87    0.00    3.29    0.00    0.00    0.00    0.30    0.00   83.53
Average:       2   14.78    0.00    4.72    0.00    0.00    0.00    0.63    0.00   79.87
Average:       2   12.58    0.00    2.76    0.00    0.00    0.00    0.61    0.00   84.05
Average:       2   12.84    0.00    2.45    0.61    0.00    0.00    0.61    0.00   83.49
Average:       2   13.85    0.00    3.38    0.00    0.00    0.00    0.31    0.00   82.46
Average:       2   13.11    0.00    2.44    0.00    0.00    0.00    0.61    0.00   83.84
Average:       2    7.98    0.00    2.45    0.00    0.00    0.00    0.31    0.00   89.26
Average:       2   16.62    0.00    2.46    0.00    0.00    0.00    0.62    0.00   80.31
Average:       2   17.24    0.00    3.13    0.00    0.00    0.00    0.31    0.00   79.31
Average:       2   17.76    0.00    3.12    0.00    0.00    0.00    0.62    0.00   78.50
Average:       2   13.41    0.00    3.96    0.00    0.00    0.00    0.30    0.00   82.32
Average:       2   12.01    0.00    4.20    0.00    0.00    0.00    0.60    0.00   83.18
Average:       2   13.51    0.00    3.00    0.00    0.00    0.00    0.60    0.00   82.88
Average:       2   14.85    0.00    2.73    0.00    0.00    0.00    0.61    0.00   81.82
Average:       2    5.15    0.00    1.08    0.00    0.00    0.00    0.27    0.00   93.50
Average:       2   13.89    0.00    3.09    0.00    0.00    0.00    0.31    0.00   82.72
Average:       2   13.98    0.00    3.95    0.00    0.00    0.00    0.30    0.00   81.76
Average:       2   14.63    0.00    3.66    0.00    0.00    0.00    0.61    0.00   81.10
Average:       2   13.94    0.00    3.64    0.00    0.00    0.00    0.61    0.00   81.82
Average:       2   14.07    0.00    2.45    0.00    0.00    0.00    0.31    0.00   83.18
Average:       2   13.37    0.00    2.74    1.52    0.00    0.00    0.30    0.00   82.07
Average:       2   14.98    0.00    3.36    0.00    0.00    0.00    0.61    0.00   81.04
Average:       2   15.12    0.00    1.85    0.00    0.00    0.00    0.62    0.00   82.41
Average:       2   13.21    0.00    2.10    0.60    0.00    0.00    0.30    0.00   83.78
Average:       2   12.39    0.00    2.42    0.00    0.00    0.00    0.30    0.00   84.89
Average:       2   13.90    0.00    2.42    0.00    0.00    0.00    0.30    0.00   83.38
Average:       2   17.67    0.00    1.58    0.00    0.00    0.00    0.32    0.00   80.44
Average:       2   15.17    0.00    3.10    0.31    0.00    0.00    0.31    0.00   81.11
Average:       2   14.94    0.00    3.05    0.00    0.00    0.00    0.61    0.00   81.40
Average:       2   12.65    0.00    2.11    0.00    0.00    0.00    0.30    0.00   84.94
Average:       2   12.57    0.00    2.69    1.20    0.00    0.00    0.30    0.00   83.23
Average:       2   14.33    0.00    2.74    0.00    0.00    0.00    0.30    0.00   82.62
Average:       2   12.46    0.00    1.82    0.00    0.00    0.00    0.61    0.00   85.11
Average:       2   13.03    0.00    3.03    0.00    0.00    0.00    0.61    0.00   83.33
Average:       2   12.80    0.00    2.08    0.60    0.00    0.00    0.60    0.00   83.93
Average:       2   13.43    0.00    2.99    0.00    0.00    0.00    0.60    0.00   82.99
Average:       2   17.28    0.00    3.09    0.00    0.00    0.00    0.62    0.00   79.01
Average:       2   13.90    0.00    2.42    0.30    0.00    0.00    0.30    0.00   83.08
Average:       2   18.69    0.00    2.18    0.00    0.00    0.00    0.31    0.00   78.82
Average:       2   13.47    0.00    2.69    0.00    0.00    0.00    0.60    0.00   83.23
Average:       2   14.11    0.00    2.70    1.50    0.00    0.00    0.30    0.00   81.38
Average:       2   13.25    0.00    3.01    0.00    0.00    0.00    0.30    0.00   83.43
Average:       2   17.13    0.00    2.49    3.12    0.00    0.00    0.31    0.00   76.95
Average:       2   13.55    0.00    2.71    0.00    0.00    0.00    0.60    0.00   83.13
Average:       2   12.12    0.00    3.33    0.00    0.00    0.00    0.61    0.00   83.94
Average:       2   16.72    0.00    2.74    0.00    0.00    0.00    0.61    0.00   79.94
Average:       2   11.18    0.00    3.32    0.00    0.00    0.00    0.30    0.00   85.20
Average:       2    4.61    0.00    1.63    0.00    0.00    0.00    0.27    0.00   93.50
Average:       2   12.94    0.00    2.35    0.59    0.00    0.00    0.29    0.00   83.82
Average:       2   12.61    0.00    2.40    0.00    0.00    0.00    0.30    0.00   84.68
Average:       2   14.41    0.00    3.00    0.00    0.00    0.00    0.30    0.00   82.28
Average:       2   11.45    0.00    2.41    0.00    0.00    0.00    0.60    0.00   85.54
Average:       2   14.89    0.00    2.43    0.61    0.00    0.00    0.61    0.00   81.46
Average:       2   16.00    0.00    3.08    0.00    0.00    0.00    0.31    0.00   80.62
Average:       2   14.55    0.00    2.42    0.00    0.00    0.00    0.61    0.00   82.42
Average:       2   13.68    0.00    2.74    0.00    0.00    0.00    0.30    0.00   83.28
Average:       2   15.12    0.00    2.47    0.00    0.00    0.00    0.31    0.00   82.10
Average:       2   16.62    0.00    2.46    0.62    0.00    0.00    0.31    0.00   80.00
Average:       2   17.19    0.00    3.12    0.00    0.00    0.00    0.62    0.00   79.06
Average:       2   12.01    0.00    3.00    0.00    0.00    0.00    0.30    0.00   84.68
Average:       2   15.81    0.00    2.13    0.00    0.00    0.00    0.61    0.00   81.46
Average:       2   13.37    0.00    2.43    0.30    0.00    0.00    0.30    0.00   83.59
Average:       2   11.71    0.00    2.70    0.00    0.00    0.00    0.60    0.00   84.98
Average:       2   17.48    0.00    2.76    0.00    0.00    0.00    0.31    0.00   79.45
Average:       2   16.56    0.00    2.50    0.00    0.00    0.00    0.62    0.00   80.31
Average:       2   14.63    0.00    2.74    0.00    0.00    0.00    0.30    0.00   82.32
Average:       2   13.98    0.00    3.04    0.00    0.00    0.00    0.30    0.00   82.67
Average:       2   14.42    0.00    2.76    0.00    0.00    0.00    0.61    0.00   82.21
Average:       2   12.95    0.00    1.81    0.00    0.00    0.00    0.30    0.00   84.94
Average:       2   12.39    0.00    2.72    0.00    0.00    0.00    0.30    0.00   84.59
Average:       2    5.72    0.00    1.63    0.00    0.00    0.00    0.27    0.00   92.37
Average:       2   15.74    0.00    3.40    0.00    0.00    0.00    0.31    0.00   80.56
Average:       2   13.94    0.00    2.73    0.91    0.00    0.00    0.61    0.00   81.82
Average:       2   15.48    0.00    3.10    0.00    0.00    0.00    0.62    0.00   80.80
Average:       2   13.86    0.00    2.71    0.30    0.00    0.00    0.30    0.00   82.83
Average:       2   12.65    0.00    3.31    0.30    0.00    0.00    0.60    0.00   83.13
Average:       2   15.24    0.00    2.74    0.00    0.00    0.00    0.30    0.00   81.71
Average:       2   14.29    0.00    3.27    0.30    0.00    0.00    0.30    0.00   81.85
Average:       2   13.90    0.00    2.11    0.00    0.00    0.00    0.30    0.00   83.69
Average:       2   14.37    0.00    2.99    0.00    0.00    0.00    0.30    0.00   82.34
Average:       2   16.41    0.00    3.04    0.91    0.00    0.00    0.61    0.00   79.03
Average:       2    6.58    0.00    1.37    0.00    0.00    0.00    0.00    0.00   92.05
Average:       2   12.80    0.00    3.27    0.60    0.00    0.00    0.60    0.00   82.74
Average:       2   13.72    0.00    3.66    0.00    0.00    0.00    0.30    0.00   82.32
Average:       2   14.07    0.00    2.40    0.00    0.00    0.00    0.60    0.00   82.93
Average:       2   13.51    0.00    2.40    0.00    0.00    0.00    0.30    0.00   83.78
Average:       2   14.42    0.00    2.45    0.00    0.00    0.00    0.31    0.00   82.82
Average:       2   15.20    0.00    2.43    0.00    0.00    0.00    0.61    0.00   81.76
Average:       2   15.50    0.00    1.82    0.00    0.00    0.00    0.30    0.00   82.37
Average:       2   13.47    0.00    2.69    0.00    0.00    0.00    0.30    0.00   83.53
Average:       2   15.55    0.00    3.35    0.00    0.00    0.00    0.30    0.00   80.79
Average:       2   11.71    0.00    3.30    5.11    0.00    0.00    0.60    0.00   79.28
Average:       2   13.99    0.00    2.38    0.00    0.00    0.00    0.30    0.00   83.33
Average:       2   13.55    0.00    3.31    0.00    0.00    0.00    0.30    0.00   82.83
Average:       2   14.16    0.00    2.71    0.00    0.00    0.00    0.30    0.00   82.83
Average:       2   14.20    0.00    2.72    0.00    0.00    0.00    0.60    0.00   82.48
Average:       2   11.18    0.00    2.65    0.88    0.00    0.00    0.59    0.00   84.71
Average:       2   14.94    0.00    3.66    0.00    0.00    0.00    0.61    0.00   80.79
Average:       2   14.63    0.00    3.05    0.00    0.00    0.00    0.30    0.00   82.01
Average:       2   15.20    0.00    2.13    0.00    0.00    0.00    0.30    0.00   82.37
Average:       2   11.87    0.00    2.67    0.00    0.00    0.00    0.59    0.00   84.87
Average:       2   13.35    0.00    2.37    0.00    0.00    0.00    0.59    0.00   83.68
Average:       2   13.39    0.00    1.49    2.68    0.00    0.00    0.30    0.00   82.14
Average:       2   15.31    0.00    3.12    0.00    0.00    0.00    0.31    0.00   81.25
Average:       2   13.90    0.00    2.72    0.00    0.00    0.00    0.30    0.00   83.08
Average:       2   14.41    0.00    2.70    0.30    0.00    0.00    0.60    0.00   81.98
Average:       2   11.34    0.00    3.58    0.00    0.00    0.00    0.60    0.00   84.48
Average:       2   15.81    0.00    2.74    0.00    0.00    0.00    0.30    0.00   81.16
Average:       2   13.57    0.00    2.06    0.00    0.00    0.00    0.29    0.00   84.07
Average:       2   15.45    0.00    2.42    0.00    0.00    0.00    0.30    0.00   81.82
Average:       2   15.43    0.00    2.78    0.00    0.00    0.00    0.31    0.00   81.48
Average:       2   13.76    0.00    3.67    0.31    0.00    0.00    0.61    0.00   81.65
Average:       2   14.97    0.00    2.40    0.30    0.00    0.00    0.60    0.00   81.74
Average:       2   15.62    0.00    2.40    0.00    0.00    0.00    0.60    0.00   81.38
Average:       2   14.11    0.00    2.10    0.00    0.00    0.00    0.30    0.00   83.48
Average:       2   14.03    0.00    1.79    0.00    0.00    0.00    0.60    0.00   83.58
Average:       2   14.29    0.00    2.13    0.00    0.00    0.00    0.30    0.00   83.28
Average:       2   14.76    0.00    3.31    0.00    0.00    0.00    0.30    0.00   81.63
Average:       2   13.35    0.00    2.67    0.00    0.00    0.00    0.59    0.00   83.38
Average:       2    7.97    0.00    1.10    0.00    0.00    0.00    0.27    0.00   90.66
Average:       2   16.31    0.00    2.11    0.00    0.00    0.00    0.60    0.00   80.97
Average:       2   11.98    0.00    2.40    0.00    0.00    0.00    0.30    0.00   85.33
Average:       2   16.10    0.00    4.02    0.00    0.00    0.00    0.31    0.00   79.57
Average:       2   10.20    0.00    2.92    0.87    0.00    0.00    0.58    0.00   85.42
Average:       2   14.94    0.00    3.05    0.00    0.00    0.00    0.30    0.00   81.71
Average:       2   13.46    0.00    3.06    0.00    0.00    0.00    0.61    0.00   82.87
Average:       2   15.15    0.00    2.73    0.00    0.00    0.00    0.30    0.00   81.82
Average:       2   14.55    0.00    4.24    0.00    0.00    0.00    0.30    0.00   80.91
Average:       2   12.95    0.00    2.71    0.00    0.00    0.00    0.60    0.00   83.73
Average:       2   12.28    0.00    2.69    0.00    0.00    0.00    0.60    0.00   84.43
Average:       2   12.99    0.00    3.02    0.30    0.00    0.00    0.60    0.00   83.08
Average:       2   11.71    0.00    3.00    0.00    0.00    0.00    0.30    0.00   84.98
Average:       2   14.07    0.00    2.99    0.00    0.00    0.00    0.30    0.00   82.63
Average:       2   14.29    0.00    2.38    1.19    0.00    0.00    0.60    0.00   81.55
Average:       2    6.67    0.00    1.67    0.28    0.00    0.00    0.28    0.00   91.11
Average:       2   12.02    0.00    2.35    0.00    0.00    0.00    0.59    0.00   85.04
Average:       2   10.62    0.00    2.65    0.00    0.00    0.00    0.59    0.00   86.14
Average:       2   13.03    0.00    3.33    0.00    0.00    0.00    0.30    0.00   83.33
Average:       2    8.66    0.00    1.96    0.28    0.00    0.00    0.00    0.00   89.11
Average:       2   16.36    0.00    2.42    0.00    0.00    0.00    0.61    0.00   80.61
Average:       2   13.76    0.00    2.45    0.00    0.00    0.00    0.31    0.00   83.49
Average:       2   17.03    0.00    2.48    0.00    0.00    0.00    0.31    0.00   80.19
Average:       2   12.13    0.00    2.07    0.00    0.00    0.00    0.30    0.00   85.50
Average:       2   10.63    0.00    1.15    4.31    0.00    0.00    0.29    0.00   83.62
Average:       2   13.35    0.00    2.97    0.00    0.00    0.00    0.30    0.00   83.38
Average:       2   14.16    0.00    2.71    0.30    0.00    0.00    0.30    0.00   82.53
Average:       2   11.08    0.00    2.04    0.00    0.00    0.00    0.29    0.00   86.59
Average:       2    9.80    0.00    2.59    0.00    0.00    0.00    0.29    0.00   87.32
Average:       2   12.68    0.00    2.65    1.77    0.00    0.00    0.59    0.00   82.30
Average:       2   11.49    0.00    1.72    0.00    0.00    0.00    0.29    0.00   86.49
Average:       2   10.91    0.00    2.36    4.72    0.00    0.00    0.29    0.00   81.71
Average:       2   14.11    0.00    2.40    0.00    0.00    0.00    0.30    0.00   83.18
Average:       2   13.68    0.00    2.43    0.00    0.00    0.00    0.30    0.00   83.59
Average:       2   12.61    0.00    1.80    0.00    0.00    0.00    0.30    0.00   85.29
Average:       2   14.55    0.00    2.42    0.00    0.00    0.00    0.30    0.00   82.73
Average:       2   13.17    0.00    2.10    0.00    0.00    0.00    0.60    0.00   84.13
Average:       2   14.33    0.00    1.79    0.00    0.00    0.00    0.30    0.00   83.58
Average:       2   14.55    0.00    2.73    0.00    0.00    0.00    0.30    0.00   82.42
Average:       2    9.69    0.00    1.99    0.00    0.00    0.00    0.00    0.00   88.32
Average:       2   11.80    0.00    2.06    0.00    0.00    0.00    0.59    0.00   85.55
Average:       2    6.32    0.00    1.65    0.00    0.00    0.00    0.27    0.00   91.76
Average:       2   13.10    0.00    2.08    0.00    0.00    0.00    0.30    0.00   84.52
Average:       2    1.54    0.00    1.03    0.00    0.00    0.00    0.26    0.00   97.17
Average:       2    0.00    0.00    1.04    1.04    0.00    0.00    0.00    0.00   97.91
Average:       2    0.00    0.00    1.26    0.00    0.00    0.00    0.00    0.00   98.74
Average:       2    0.26    0.00    0.79    0.00    0.00    0.00    0.00    0.00   98.95
Average:       2    0.25    0.00    0.51    0.25    0.00    0.00    0.00    0.00   98.99
Average:       2    0.00    0.00    0.28    0.00    0.00    0.00    0.00    0.00   99.72
Average:       2    0.00    0.00    0.31    0.31    0.00    0.00    0.00    0.00   99.38
Average:       2    0.29    0.00    0.58    7.78    0.00    0.00    0.00    0.00   91.35
Average:       2    0.25    0.00    0.50    1.98    0.00    0.00    0.00    0.00   97.28
Average:       2    0.00    0.00    0.51    0.00    0.00    0.00    0.00    0.00   99.49
Average:       2    4.55    0.00    2.14    5.35    0.00    0.00    0.00    0.00   87.97
Average:       2    0.25    0.00    0.25    0.00    0.00    0.00    0.00    0.00   99.49
Average:       2    0.25    0.00    0.25    0.00    0.00    0.00    0.00    0.00   99.50
Average:       2    0.25    0.00    0.25    0.00    0.00    0.00    0.00    0.00   99.50
Average:       2    0.00    0.00    0.51    0.00    0.00    0.00    0.00    0.00   99.49
Average:       2    0.25    0.00    0.51    0.00    0.00    0.00    0.00    0.00   99.24
Average:       2    0.00    0.00    1.01    0.00    0.00    0.00    0.00    0.00   98.99
Average:       2    0.00    0.00    0.51    0.00    0.00    0.00    0.00    0.00   99.49
Average:       2    0.00    0.00    0.75    0.00    0.00    0.00    0.25    0.00   99.00
Average:       2    0.25    0.00    0.25    0.00    0.00    0.00    0.00    0.00   99.50
Average:       2    0.00    0.00    0.50    0.00    0.00    0.00    0.00    0.00   99.50
Average:       2    0.00    0.00    0.51    0.00    0.00    0.00    0.00    0.00   99.49
Average:       2    0.25    0.00    0.50    0.00    0.00    0.00    0.00    0.00   99.24
Average:       2    0.25    0.00    0.25    0.00    0.00    0.00    0.00    0.00   99.49
Average:       2    0.00    0.00    0.50    0.00    0.00    0.00    0.00    0.00   99.50
Average:       2    0.00    0.00    0.50    0.00    0.00    0.00    0.00    0.00   99.50
Average:       2    0.00    0.00    0.50    0.00    0.00    0.00    0.00    0.00   99.50
Average:       2    0.00    0.00    0.50    0.00    0.00    0.00    0.00    0.00   99.50
Average:       2    0.00    0.00    0.76    0.00    0.00    0.00    0.00    0.00   99.24
Average:       2    0.25    0.00    0.50    0.00    0.00    0.00    0.00    0.00   99.25
Average:       2    0.25    0.00    0.50    0.00    0.00    0.00    0.00    0.00   99.25
Average:       2    0.25    0.00    0.50    0.00    0.00    0.00    0.00    0.00   99.25
Average:       2    0.00    0.00    0.51    0.00    0.00    0.00    0.00    0.00   99.49
Average:       2    0.00    0.00    0.51    0.00    0.00    0.00    0.00    0.00   99.49
Average:       2    0.25    0.00    0.50    0.00    0.00    0.00    0.00    0.00   99.25
Average:       2    0.00    0.00    0.50    0.00    0.00    0.00    0.00    0.00   99.50
Average:       2    0.00    0.00    0.50    0.00    0.00    0.00    0.00    0.00   99.50
Average:       2    0.25    0.00    0.50    0.00    0.00    0.00    0.00    0.00   99.25
Average:       2    0.00    0.00    0.50    0.00    0.00    0.00    0.00    0.00   99.50
Average:       2    0.26    0.00    0.00    0.00    0.00    0.00    0.00    0.00   99.74
Average:       2    0.00    0.00    0.25    0.00    0.00    0.00    0.00    0.00   99.75
Average:       2    0.25    0.00    0.50    0.00    0.00    0.00    0.00    0.00   99.25
