Average:       2    0.00    0.00    0.79    0.26    0.00    0.00    0.00    0.00   98.94
Average:       2    0.26    0.00    0.53    0.00    0.00    0.00    0.00    0.00   99.21
Average:       2    0.25    0.00    0.76    0.76    0.00    0.00    0.00    0.00   98.24
Average:       2    0.00    0.00    0.79    1.58    0.00    0.00    0.00    0.00   97.63
Average:       2    0.00    0.00    0.55    3.29    0.00    0.00    0.00    0.00   96.16
Average:       2    0.00    0.00    0.79    0.00    0.00    0.00    0.00    0.00   99.21
Average:       2    0.00    0.00    1.01    3.02    0.00    0.00    0.00    0.00   95.97
Average:       2    0.00    0.00    0.57    4.83    0.00    0.00    0.28    0.00   94.32
Average:       2    0.29    0.00    2.02    0.00    0.00    0.00    0.00    0.00   97.69
Average:       2    0.28    0.00    1.13    1.69    0.00    0.00    0.00    0.00   96.89
Average:       2    0.28    0.00    0.85    3.68    0.00    0.00    0.00    0.00   95.18
Average:       2   12.73    0.00    4.24    0.30    0.00    0.00    0.61    0.00   82.12
Average:       2   14.60    0.00    3.11    0.00    0.00    0.00    0.62    0.00   81.68
Average:       2   17.45    0.00    3.43    0.00    0.00    0.00    0.62    0.00   78.50
Average:       2   16.77    0.00    2.48    0.00    0.00    0.00    0.62    0.00   80.12
Average:       2   13.85    0.00    3.08    0.00    0.00    0.00    0.62    0.00   82.46
Average:       2   13.85    0.00    4.00    0.00    0.00    0.00    0.62    0.00   81.54
Average:       2   17.20    0.00    3.18    0.00    0.00    0.00    0.64    0.00   78.98
Average:       2   13.94    0.00    3.94    0.00    0.00    0.00    0.30    0.00   81.82
Average:       2   12.46    0.00    3.04    0.00    0.00    0.00    0.30    0.00   84.19
Average:       2   15.64    0.00    4.29    0.00    0.00    0.00    0.31    0.00   79.75
Average:       2   17.41    0.00    2.85    0.00    0.00    0.00    0.63    0.00   79.11
Average:       2   14.11    0.00    4.29    0.00    0.00    0.00    0.31    0.00   81.29
Average:       2   15.58    0.00    3.43    0.00    0.00    0.00    0.62    0.00   80.37
Average:       2   13.31    0.00    4.02    0.00    0.00    0.00    0.62    0.00   82.04
Average:       2   14.20    0.00    3.70    1.54    0.00    0.00    0.62    0.00   79.94
Average:       2   14.91    0.00    2.80    0.00    0.00    0.00    0.62    0.00   81.68
Average:       2   16.56    0.00    4.38    0.94    0.00    0.00    0.62    0.00   77.50
Average:       2   13.35    0.00    4.66    0.00    0.00    0.00    0.62    0.00   81.37
Average:       2   13.07    0.00    3.34    0.61    0.00    0.00    0.61    0.00   82.37
Average:       2   12.54    0.00    3.28    0.00    0.00    0.00    0.60    0.00   83.58
Average:       2   14.86    0.00    3.41    0.00    0.00    0.00    0.62    0.00   81.11
Average:       2   15.58    0.00    4.05    0.00    0.00    0.00    0.62    0.00   79.75
Average:       2   15.74    0.00    3.09    0.00    0.00    0.00    0.62    0.00   80.56
Average:       2   17.14    0.00    3.17    0.00    0.00    0.00    0.63    0.00   79.05
Average:       2   13.21    0.00    3.60    3.90    0.00    0.00    0.60    0.00   78.68
Average:       2   15.81    0.00    3.04    0.00    0.00    0.00    0.61    0.00   80.55
Average:       2   14.85    0.00    2.73    1.21    0.00    0.00    0.61    0.00   80.61
Average:       2   15.24    0.00    2.74    0.00    0.00    0.00    0.61    0.00   81.40
Average:       2   11.66    0.00    2.45    0.00    0.00    0.00    0.61    0.00   85.28
Average:       2   15.22    0.00    3.42    0.00    0.00    0.00    0.62    0.00   80.75
Average:       2   16.72    0.00    4.10    0.00    0.00    0.00    0.63    0.00   78.55
Average:       2   14.94    0.00    3.05    0.00    0.00    0.00    0.30    0.00   81.71
Average:       2   17.55    0.00    4.70    0.00    0.00    0.00    0.63    0.00   77.12
Average:       2   13.62    0.00    4.33    0.00    0.00    0.00    0.62    0.00   81.42
Average:       2   13.19    0.00    2.76    2.76    0.00    0.00    0.61    0.00   80.67
Average:       2   17.03    0.00    4.73    0.00    0.00    0.00    0.63    0.00   77.60
Average:       2   12.05    0.00    3.92    2.71    0.00    0.00    0.60    0.00   80.72
Average:       2   14.63    0.00    2.74    0.00    0.00    0.00    0.61    0.00   82.01
Average:       2    7.50    0.00    2.22    0.00    0.00    0.00    0.28    0.00   90.00
Average:       2   15.58    0.00    3.74    0.00    0.00    0.00    0.62    0.00   80.06
Average:       2   17.18    0.00    3.07    0.00    0.00    0.00    0.31    0.00   79.45
Average:       2   16.56    0.00    3.75    0.31    0.00    0.00    0.62    0.00   78.75
Average:       2   14.20    0.00    3.32    0.00    0.00    0.00    0.30    0.00   82.18
Average:       2   18.75    0.00    1.25    0.00    0.00    0.00    0.62    0.00   79.38
Average:       2   14.51    0.00    3.40    0.00    0.00    0.00    0.31    0.00   81.79
Average:       2   18.67    0.00    3.80    0.00    0.00    0.00    0.63    0.00   76.90
Average:       2   14.02    0.00    3.96    0.00    0.00    0.00    0.61    0.00   81.40
Average:       2   14.15    0.00    3.08    0.00    0.00    0.00    0.62    0.00   82.15
Average:       2   15.99    0.00    3.76    0.00    0.00    0.00    0.63    0.00   79.62
Average:       2   15.67    0.00    3.76    0.00    0.00    0.00    0.63    0.00   79.94
Average:       2   18.12    0.00    3.75    0.00    0.00    0.00    0.62    0.00   77.50
Average:       2   14.46    0.00    3.08    0.00    0.00    0.00    0.62    0.00   81.85
Average:       2   16.56    0.00    4.78    0.00    0.00    0.00    0.64    0.00   78.03
Average:       2   14.02    0.00    3.66    0.00    0.00    0.00    0.61    0.00   81.71
Average:       2   14.91    0.00    4.04    0.00    0.00    0.00    0.62    0.00   80.43
Average:       2   15.34    0.00    2.15    0.00    0.00    0.00    0.61    0.00   81.90
Average:       2   16.82    0.00    3.74    0.00    0.00    0.00    0.62    0.00   78.82
Average:       2   14.07    0.00    2.45    0.00    0.00    0.00    0.31    0.00   83.18
Average:       2   14.33    0.00    3.05    0.00    0.00    0.00    0.61    0.00   82.01
Average:       2   15.26    0.00    4.05    0.00    0.00    0.00    0.62    0.00   80.06
Average:       2   13.98    0.00    3.73    2.17    0.00    0.00    0.62    0.00   79.50
Average:       2   15.36    0.00    4.39    0.00    0.00    0.00    0.31    0.00   79.94
Average:       2   15.43    0.00    3.09    0.00    0.00    0.00    0.31    0.00   81.17
Average:       2   15.99    0.00    2.51    0.00    0.00    0.00    0.63    0.00   80.88
Average:       2   13.89    0.00    4.01    1.23    0.00    0.00    0.62    0.00   80.25
Average:       2   14.81    0.00    4.32    0.00    0.00    0.00    0.62    0.00   80.25
Average:       2   14.07    0.00    4.89    3.67    0.00    0.00    0.61    0.00   76.76
Average:       2   13.55    0.00    3.61    0.00    0.00    0.00    0.60    0.00   82.23
Average:       2   15.08    0.00    3.08    0.00    0.00    0.00    0.62    0.00   81.23
Average:       2   15.34    0.00    4.29    0.00    0.00    0.00    0.61    0.00   79.75
Average:       2   15.48    0.00    4.64    0.00    0.00    0.00    0.62    0.00   79.26
Average:       2   17.55    0.00    2.82    0.00    0.00    0.00    0.63    0.00   79.00
Average:       2    6.70    0.00    1.96    1.96    0.00    0.00    0.28    0.00   89.11
Average:       2   15.36    0.00    3.13    0.31    0.00    0.00    0.63    0.00   80.56
Average:       2   14.15    0.00    3.69    0.00    0.00    0.00    0.62    0.00   81.54
Average:       2   13.98    0.00    3.34    0.00    0.00    0.00    0.61    0.00   82.07
Average:       2   17.13    0.00    3.43    0.00    0.00    0.00    0.62    0.00   78.82
Average:       2   14.42    0.00    4.08    0.94    0.00    0.00    0.63    0.00   79.94
Average:       2   15.34    0.00    3.37    0.00    0.00    0.00    0.61    0.00   80.67
Average:       2   14.11    0.00    3.99    0.00    0.00    0.00    0.61    0.00   81.29
Average:       2   20.57    0.00    3.80    1.58    0.00    0.00    0.63    0.00   73.42
Average:       2   13.19    0.00    2.76    0.00    0.00    0.00    0.31    0.00   83.74
Average:       2   15.34    0.00    3.37    0.00    0.00    0.00    0.61    0.00   80.67
Average:       2   12.77    0.00    4.26    0.00    0.00    0.00    0.61    0.00   82.37
Average:       2   13.68    0.00    2.43    0.00    0.00    0.00    0.61    0.00   83.28
Average:       2   14.07    0.00    3.06    0.00    0.00    0.00    0.61    0.00   82.26
Average:       2   10.89    0.00    1.43    0.29    0.00    0.00    0.57    0.00   86.82
Average:       2   12.05    0.00    2.41    0.00    0.00    0.00    0.30    0.00   85.24
Average:       2   13.33    0.00    3.03    0.00    0.00    0.00    0.61    0.00   83.03
Average:       2   15.74    0.00    2.47    0.00    0.00    0.00    0.62    0.00   81.17
Average:       2   15.03    0.00    3.68    0.00    0.00    0.00    0.61    0.00   80.67
Average:       2   15.53    0.00    3.11    0.00    0.00    0.00    0.62    0.00   80.75
Average:       2   14.41    0.00    3.00    0.00    0.00    0.00    0.30    0.00   82.28
Average:       2   14.11    0.00    3.60    0.90    0.00    0.00    0.30    0.00   81.08
Average:       2   13.50    0.00    3.99    2.15    0.00    0.00    0.61    0.00   79.75
Average:       2   12.05    0.00    2.41    0.00    0.00    0.00    0.30    0.00   85.24
Average:       2   13.80    0.00    4.29    0.00    0.00    0.00    0.61    0.00   81.29
Average:       2   12.99    0.00    4.23    0.00    0.00    0.00    0.30    0.00   82.48
Average:       2   14.16    0.00    2.41    1.51    0.00    0.00    0.30    0.00   81.63
Average:       2   17.03    0.00    3.10    0.00    0.00    0.00    0.62    0.00   79.26
Average:       2   13.98    0.00    4.35    0.00    0.00    0.00    0.62    0.00   81.06
Average:       2   16.30    0.00    2.51    0.00    0.00    0.00    0.63    0.00   80.56
Average:       2   13.76    0.00    3.06    0.61    0.00    0.00    0.31    0.00   82.26
Average:       2   13.15    0.00    3.67    0.61    0.00    0.00    0.61    0.00   81.96
Average:       2   15.34    0.00    2.76    0.00    0.00    0.00    0.61    0.00   81.29
Average:       2    5.49    0.00    1.92    0.55    0.00    0.00    0.27    0.00   91.76
Average:       2   16.31    0.00    2.77    0.00    0.00    0.00    0.31    0.00   80.62
Average:       2   18.24    0.00    2.52    0.00    0.00    0.00    0.63    0.00   78.62
Average:       2   16.72    0.00    4.33    1.86    0.00    0.00    0.62    0.00   76.47
Average:       2   13.94    0.00    4.24    0.00    0.00    0.00    0.30    0.00   81.52
Average:       2   13.98    0.00    3.34    0.00    0.00    0.00    0.30    0.00   82.37
Average:       2   15.11    0.00    3.02    0.00    0.00    0.00    0.60    0.00   81.27
Average:       2   13.89    0.00    3.40    0.00    0.00    0.00    0.31    0.00   82.41
Average:       2    7.80    0.00    1.39    0.00    0.00    0.00    0.28    0.00   90.53
Average:       2   12.23    0.00    3.36    0.00    0.00    0.00    0.31    0.00   84.10
Average:       2   13.51    0.00    3.30    0.00    0.00    0.00    0.60    0.00   82.58
Average:       2   17.19    0.00    4.06    0.00    0.00    0.00    0.62    0.00   78.12
Average:       2   15.55    0.00    4.27    0.00    0.00    0.00    0.61    0.00   79.57
Average:       2   13.64    0.00    2.73    0.00    0.00    0.00    0.30    0.00   83.33
Average:       2   12.50    0.00    2.74    0.61    0.00    0.00    0.30    0.00   83.84
Average:       2   15.29    0.00    3.06    0.00    0.00    0.00    0.61    0.00   81.04
Average:       2   18.24    0.00    2.83    0.94    0.00    0.00    0.63    0.00   77.36
Average:       2   13.60    0.00    3.02    0.60    0.00    0.00    0.60    0.00   82.18
Average:       2   14.46    0.00    2.46    0.00    0.00    0.00    0.62    0.00   82.46
Average:       2   12.69    0.00    3.02    0.00    0.00    0.00    0.60    0.00   83.69
Average:       2   16.77    0.00    2.48    0.00    0.00    0.00    0.62    0.00   80.12
Average:       2   15.89    0.00    2.80    0.00    0.00    0.00    0.62    0.00   80.69
Average:       2   16.30    0.00    4.39    0.00    0.00    0.00    0.63    0.00   78.68
Average:       2   14.11    0.00    3.07    0.00    0.00    0.00    0.61    0.00   82.21
Average:       2   14.59    0.00    4.26    1.22    0.00    0.00    0.61    0.00   79.33
Average:       2   15.29    0.00    3.06    0.00    0.00    0.00    0.61    0.00   81.04
Average:       2   14.98    0.00    2.45    0.00    0.00    0.00    0.61    0.00   81.96
Average:       2   14.37    0.00    2.45    2.14    0.00    0.00    0.31    0.00   80.73
Average:       2    6.54    0.00    1.63    0.54    0.00    0.00    0.27    0.00   91.01
Average:       2   12.31    0.00    3.00    0.00    0.00    0.00    0.30    0.00   84.38
Average:       2   15.34    0.00    3.99    0.00    0.00    0.00    0.31    0.00   80.37
Average:       2   13.21    0.00    3.00    0.00    0.00    0.00    0.30    0.00   83.48
Average:       2   16.26    0.00    2.15    0.00    0.00    0.00    0.31    0.00   81.29
Average:       2   13.17    0.00    2.69    0.00    0.00    0.00    0.30    0.00   83.83
Average:       2   15.15    0.00    2.12    1.52    0.00    0.00    0.61    0.00   80.61
Average:       2   12.80    0.00    4.27    0.00    0.00    0.00    0.61    0.00   82.32
Average:       2   16.15    0.00    4.04    2.48    0.00    0.00    0.31    0.00   77.02
Average:       2   12.61    0.00    2.70    0.00    0.00    0.00    0.60    0.00   84.08
Average:       2   10.84    0.00    3.31    0.00    0.00    0.00    0.30    0.00   85.54
Average:       2   16.21    0.00    2.75    0.00    0.00    0.00    0.31    0.00   80.73
Average:       2   13.07    0.00    4.26    0.00    0.00    0.00    0.61    0.00   82.07
Average:       2   12.13    0.00    2.66    0.00    0.00    0.00    0.59    0.00   84.62
Average:       2   14.37    0.00    2.69    0.60    0.00    0.00    0.60    0.00   81.74
Average:       2   12.87    0.00    2.40    0.00    0.00    0.00    0.30    0.00   84.43
Average:       2   15.87    0.00    2.99    0.30    0.00    0.00    0.30    0.00   80.54
Average:       2   14.37    0.00    3.06    0.00    0.00    0.00    0.31    0.00   82.26
Average:       2   14.63    0.00    2.74    0.61    0.00    0.00    0.30    0.00   81.71
Average:       2   14.33    0.00    3.35    0.00    0.00    0.00    0.61    0.00   81.71
Average:       2   15.43    0.00    3.70    0.00    0.00    0.00    0.31    0.00   80.56
Average:       2   15.22    0.00    3.73    0.00    0.00    0.00    0.31    0.00   80.75
Average:       2   14.15    0.00    2.15    0.00    0.00    0.00    0.31    0.00   83.38
Average:       2   13.94    0.00    3.64    0.61    0.00    0.00    0.61    0.00   81.21
Average:       2   15.53    0.00    3.11    0.00    0.00    0.00    0.62    0.00   80.75
Average:       2   14.81    0.00    3.09    0.00    0.00    0.00    0.62    0.00   81.48
Average:       2   15.03    0.00    2.76    0.31    0.00    0.00    0.31    0.00   81.60
Average:       2   15.20    0.00    2.43    0.30    0.00    0.00    0.61    0.00   81.46
Average:       2   13.72    0.00    3.35    0.00    0.00    0.00    0.30    0.00   82.62
Average:       2   16.10    0.00    3.72    0.00    0.00    0.00    0.31    0.00   79.88
Average:       2   15.38    0.00    3.38    0.00    0.00    0.00    0.31    0.00   80.92
Average:       2   14.07    0.00    3.36    0.00    0.00    0.00    0.61    0.00   81.96
Average:       2   14.02    0.00    3.96    0.00    0.00    0.00    0.30    0.00   81.71
Average:       2   17.92    0.00    3.14    0.00    0.00    0.00    0.31    0.00   78.62
Average:       2   13.85    0.00    2.46    0.00    0.00    0.00    0.62    0.00   83.08
Average:       2   14.63    0.00    2.74    0.30    0.00    0.00    0.61    0.00   81.71
Average:       2    6.03    0.00    1.92    0.27    0.00    0.00    0.00    0.00   91.78
Average:       2   18.61    0.00    3.79    0.00    0.00    0.00    0.32    0.00   77.29
Average:       2   15.12    0.00    4.32    0.93    0.00    0.00    0.62    0.00   79.01
Average:       2   16.88    0.00    2.81    0.00    0.00    0.00    0.31    0.00   80.00
Average:       2   14.85    0.00    2.42    0.00    0.00    0.00    0.61    0.00   82.12
Average:       2   14.89    0.00    2.74    0.61    0.00    0.00    0.30    0.00   81.46
Average:       2   13.33    0.00    3.94    0.00    0.00    0.00    0.30    0.00   82.42
Average:       2   13.06    0.00    3.56    0.00    0.00    0.00    0.30    0.00   83.09
Average:       2   15.60    0.00    2.45    0.00    0.00    0.00    0.61    0.00   81.35
Average:       2   16.11    0.00    2.74    0.00    0.00    0.00    0.61    0.00   80.55
Average:       2   15.69    0.00    2.77    3.08    0.00    0.00    0.31    0.00   78.15
Average:       2    9.28    0.00    2.90    0.00    0.00    0.00    0.29    0.00   87.54
Average:       2   14.07    0.00    3.89    0.60    0.00    0.00    0.60    0.00   80.84
Average:       2   15.03    0.00    3.99    0.00    0.00    0.00    0.31    0.00   80.67
Average:       2   13.77    0.00    2.40    0.00    0.00    0.00    0.30    0.00   83.53
Average:       2   16.31    0.00    2.11    0.30    0.00    0.00    0.60    0.00   80.66
Average:       2   14.24    0.00    2.42    0.00    0.00    0.00    0.30    0.00   83.03
Average:       2   17.55    0.00    3.76    0.00    0.00    0.00    0.31    0.00   78.37
Average:       2   16.51    0.00    2.75    0.00    0.00    0.00    0.61    0.00   80.12
Average:       2   13.17    0.00    3.29    0.00    0.00    0.00    0.30    0.00   83.23
Average:       2   18.63    0.00    2.80    0.00    0.00    0.00    0.31    0.00   78.26
Average:       2   13.50    0.00    3.99    0.00    0.00    0.00    0.31    0.00   82.21
Average:       2   15.32    0.00    2.40    0.90    0.00    0.00    0.60    0.00   80.78
Average:       2   14.59    0.00    3.65    0.00    0.00    0.00    0.61    0.00   81.16
Average:       2   11.64    0.00    2.69    0.00    0.00    0.00    0.30    0.00   85.37
Average:       2   14.59    0.00    3.04    0.00    0.00    0.00    0.30    0.00   82.07
Average:       2   12.65    0.00    2.71    0.00    0.00    0.00    0.30    0.00   84.34
Average:       2   14.59    0.00    3.65    1.82    0.00    0.00    0.30    0.00   79.64
Average:       2   15.15    0.00    2.73    0.00    0.00    0.00    0.61    0.00   81.52
Average:       2   16.67    0.00    2.47    0.00    0.00    0.00    0.31    0.00   80.56
Average:       2    7.44    0.00    1.65    0.55    0.00    0.00    0.28    0.00   90.08
Average:       2   13.39    0.00    2.98    0.00    0.00    0.00    0.30    0.00   83.33
Average:       2   12.91    0.00    2.10    3.00    0.00    0.00    0.30    0.00   81.68
Average:       2   14.11    0.00    2.45    0.00    0.00    0.00    0.31    0.00   83.13
Average:       2   14.59    0.00    3.65    0.00    0.00    0.00    0.30    0.00   81.46
Average:       2   12.61    0.00    3.30    0.30    0.00    0.00    0.30    0.00   83.48
Average:       2   13.21    0.00    4.20    0.00    0.00    0.00    0.30    0.00   82.28
Average:       2   15.11    0.00    3.02    0.00    0.00    0.00    0.60    0.00   81.27
Average:       2    7.99    0.00    1.65    0.00    0.00    0.00    0.00    0.00   90.36
Average:       2   11.90    0.00    2.68    0.00    0.00    0.00    0.30    0.00   85.12
Average:       2   14.95    0.00    4.05    0.00    0.00    0.00    0.62    0.00   80.37
Average:       2   16.25    0.00    3.75    0.00    0.00    0.00    0.62    0.00   79.38
Average:       2   14.03    0.00    2.69    0.30    0.00    0.00    0.30    0.00   82.69
Average:       2   13.57    0.00    2.65    0.00    0.00    0.00    0.59    0.00   83.19
Average:       2   14.94    0.00    3.35    0.00    0.00    0.00    0.30    0.00   81.40
Average:       2   16.00    0.00    2.77    0.00    0.00    0.00    0.31    0.00   80.92
Average:       2   14.33    0.00    2.44    0.00    0.00    0.00    0.61    0.00   82.62
Average:       2   15.32    0.00    3.30    0.00    0.00    0.00    0.30    0.00   81.08
Average:       2   13.55    0.00    2.71    0.00    0.00    0.00    0.30    0.00   83.43
Average:       2   13.77    0.00    2.10    0.00    0.00    0.00    0.30    0.00   83.83
Average:       2   12.87    0.00    3.29    0.00    0.00    0.00    0.30    0.00   83.53
Average:       2   12.54    0.00    2.99    0.00    0.00    0.00    0.60    0.00   83.88
Average:       2   14.68    0.00    3.67    7.65    0.00    0.00    0.31    0.00   73.70
Average:       2   11.90    0.00    2.98    0.89    0.00    0.00    0.30    0.00   83.93
Average:       2   16.05    0.00    3.70    0.00    0.00    0.00    0.31    0.00   79.94
Average:       2   14.15    0.00    3.38    0.00    0.00    0.00    0.31    0.00   82.15
Average:       2   13.86    0.00    2.71    0.00    0.00    0.00    0.60    0.00   82.83
Average:       2   13.25    0.00    4.22    0.00    0.00    0.00    0.30    0.00   82.23
Average:       2    7.34    0.00    1.41    0.00    0.00    0.00    0.28    0.00   90.96
Average:       2   14.42    0.00    2.45    0.00    0.00    0.00    0.31    0.00   82.82
Average:       2   11.08    0.00    3.59    0.00    0.00    0.00    0.30    0.00   85.03
Average:       2   11.68    0.00    3.29    0.00    0.00    0.00    0.60    0.00   84.43
Average:       2   16.06    0.00    3.94    0.30    0.00    0.00    0.30    0.00   79.39
Average:       2   13.55    0.00    3.01    0.00    0.00    0.00    0.30    0.00   83.13
Average:       2   11.61    0.00    3.87    0.30    0.00    0.00    0.30    0.00   83.93
Average:       2   13.91    0.00    2.96    0.00    0.00    0.00    0.30    0.00   82.84
Average:       2   11.04    0.00    3.28    0.00    0.00    0.00    0.30    0.00   85.37
Average:       2   11.83    0.00    2.37    0.00    0.00    0.00    0.59    0.00   85.21
Average:       2   15.76    0.00    3.64    0.30    0.00    0.00    0.30    0.00   80.00
Average:       2   16.01    0.00    2.72    0.00    0.00    0.00    0.30    0.00   80.97
Average:       2   16.56    0.00    3.07    0.00    0.00    0.00    0.61    0.00   79.75
Average:       2   16.92    0.00    2.77    1.23    0.00    0.00    0.31    0.00   78.77
Average:       2   11.50    0.00    2.65    0.00    0.00    0.00    0.29    0.00   85.55
Average:       2   14.71    0.00    2.40    4.50    0.00    0.00    0.60    0.00   77.78
Average:       2   15.32    0.00    2.40    0.00    0.00    0.00    0.30    0.00   81.98
Average:       2   14.03    0.00    2.69    0.00    0.00    0.00    0.60    0.00   82.69
Average:       2   14.59    0.00    3.34    0.00    0.00    0.00    0.30    0.00   81.76
Average:       2    5.75    0.00    1.37    0.00    0.00    0.00    0.00    0.00   92.88
Average:       2   14.50    0.00    2.72    1.81    0.00    0.00    0.30    0.00   80.66
Average:       2   13.86    0.00    2.71    0.00    0.00    0.00    0.30    0.00   83.13
Average:       2   13.31    0.00    2.37    2.66    0.00    0.00    0.30    0.00   81.36
Average:       2   14.59    0.00    3.04    0.00    0.00    0.00    0.61    0.00   81.76
Average:       2   12.01    0.00    2.70    0.00    0.00    0.00    0.60    0.00   84.68
Average:       2   11.90    0.00    2.68    0.00    0.00    0.00    0.30    0.00   85.12
Average:       2   12.94    0.00    2.35    0.00    0.00    0.00    0.29    0.00   84.41
Average:       2   12.28    0.00    3.59    0.00    0.00    0.00    0.30    0.00   83.83
Average:       2    6.34    0.00    1.10    0.00    0.00    0.00    0.28    0.00   92.29
Average:       2   13.55    0.00    3.31    0.00    0.00    0.00    0.60    0.00   82.53
Average:       2    5.45    0.00    0.82    0.00    0.00    0.00    0.00    0.00   93.73
Average:       2   13.39    0.00    2.08    0.00    0.00    0.00    0.30    0.00   84.23
Average:       2    2.68    0.00    1.07    0.00    0.00    0.00    0.27    0.00   95.98
Average:       2   15.41    0.00    1.81    0.00    0.00    0.00    0.60    0.00   82.18
Average:       2    0.26    0.00    0.78    0.00    0.00    0.00    0.00    0.00   98.96
Average:       2    0.25    0.00    1.27    1.02    0.00    0.00    0.00    0.00   97.46
Average:       2    0.00    0.00    1.86    0.00    0.00    0.00    0.00    0.00   98.14
Average:       2    0.26    0.00    1.02    0.00    0.00    0.00    0.00    0.00   98.72
Average:       2    0.49    0.00    1.23    0.00    0.00    0.00    0.00    0.00   98.28
Average:       2    0.25    0.00    0.76    0.00    0.00    0.00    0.00    0.00   98.99
Average:       2    0.00    0.00    0.51    1.01    0.00    0.00    0.00    0.00   98.48
Average:       2    0.00    0.00    0.26   13.42    0.00    0.00    0.00    0.00   86.32
Average:       2    0.25    0.00    0.51    1.01    0.00    0.00    0.00    0.00   98.23
Average:       2    0.00    0.00    0.51    0.25    0.00    0.00    0.00    0.00   99.24
Average:       2    2.89    0.00    1.84    2.62    0.00    0.00    0.00    0.00   92.65
Average:       2    0.25    0.00    0.76    0.00    0.00    0.00    0.00    0.00   98.99
Average:       2    0.25    0.00    0.50    0.00    0.00    0.00    0.00    0.00   99.24
Average:       2    0.25    0.00    0.50    0.00    0.00    0.00    0.00    0.00   99.24
Average:       2    0.00    0.00    0.50    0.00    0.00    0.00    0.00    0.00   99.50
Average:       2    0.25    0.00    0.50    0.00    0.00    0.00    0.00    0.00   99.24
Average:       2    0.00    0.00    0.76    0.00    0.00    0.00    0.00    0.00   99.24
Average:       2    0.00    0.00    0.75    0.00    0.00    0.00    0.00    0.00   99.25
Average:       2    0.00    0.00    0.50    0.00    0.00    0.00    0.25    0.00   99.25
Average:       2    0.00    0.00    0.50    0.00    0.00    0.00    0.00    0.00   99.50
Average:       2    0.00    0.00    0.50    0.00    0.00    0.00    0.00    0.00   99.50
Average:       2    0.00    0.00    0.75    0.00    0.00    0.00    0.00    0.00   99.25
Average:       2    0.50    0.00    0.50    0.00    0.00    0.00    0.00    0.00   98.99
Average:       2    0.25    0.00    0.50    0.00    0.00    0.00    0.00    0.00   99.24
Average:       2    0.00    0.00    0.50    0.00    0.00    0.00    0.00    0.00   99.50
Average:       2    0.00    0.00    0.76    0.00    0.00    0.00    0.00    0.00   99.24
Average:       2    0.00    0.00    0.25    0.00    0.00    0.00    0.00    0.00   99.75
Average:       2    0.25    0.00    1.01    0.00    0.00    0.00    0.00    0.00   98.74
Average:       2    0.00    0.00    0.76    0.00    0.00    0.00    0.00    0.00   99.24
Average:       2    0.51    0.00    0.25    0.00    0.00    0.00    0.00    0.00   99.24
Average:       2    0.25    0.00    0.75    0.00    0.00    0.00    0.00    0.00   98.99
Average:       2    0.00    0.00    0.25    0.00    0.00    0.00    0.00    0.00   99.75
Average:       2    0.00    0.00    0.25    0.00    0.00    0.00    0.00    0.00   99.75
Average:       2    0.00    0.00    0.51    0.00    0.00    0.00    0.00    0.00   99.49
Average:       2    0.25    0.00    0.50    0.00    0.00    0.00    0.00    0.00   99.25
Average:       2    0.00    0.00    0.50    0.00    0.00    0.00    0.00    0.00   99.50
Average:       2    0.00    0.00    0.25    0.00    0.00    0.00    0.25    0.00   99.50
Average:       2    0.00    0.00    0.51    0.00    0.00    0.00    0.00    0.00   99.49
Average:       2    0.25    0.00    0.00    0.00    0.00    0.00    0.00    0.00   99.75
Average:       2    0.25    0.00    0.50    0.00    0.00    0.00    0.00    0.00   99.25
Average:       2    0.00    0.00    0.76    0.00    0.00    0.00    0.00    0.00   99.24
Average:       2    0.25    0.00    0.50    0.00    0.00    0.00    0.00    0.00   99.25
Average:       2    0.00    0.00    0.51    0.00    0.00    0.00    0.00    0.00   99.49
Average:       2    0.25    0.00    0.25    0.00    0.00    0.00    0.00    0.00   99.50
Average:       2    0.00    0.00    0.25    0.00    0.00    0.00    0.00    0.00   99.75
Average:       2    0.00    0.00    0.50    0.00    0.00    0.00    0.00    0.00   99.50
Average:       2    0.25    0.00    0.50    0.00    0.00    0.00    0.00    0.00   99.25
Average:       2    0.00    0.00    0.75    0.00    0.00    0.00    0.00    0.00   99.25
Average:       2    0.23    0.00    0.23    0.00    0.00    0.00    0.00    0.00   99.53
Average:       2    0.00    0.00    0.47    0.00    0.00    0.00    0.00    0.00   99.53
Average:       2    0.00    0.00    0.50    0.00    0.00    0.00    0.00    0.00   99.50
Average:       2    0.25    0.00    0.25    0.00    0.00    0.00    0.00    0.00   99.50
Average:       2    0.00    0.00    0.50    0.00    0.00    0.00    0.00    0.00   99.50
Average:       2    0.46    0.00    0.23    0.00    0.00    0.00    0.00    0.00   99.31
Average:       2    0.00    0.00    0.75    0.00    0.00    0.00    0.00    0.00   99.25
Average:       2    0.00    0.00    1.01    0.00    0.00    0.00    0.00    0.00   98.99
Average:       2    0.00    0.00    0.50    0.00    0.00    0.00    0.00    0.00   99.50
Average:       2    0.00    0.00    0.51    0.00    0.00    0.00    0.00    0.00   99.49
Average:       2    0.00    0.00    0.50    0.00    0.00    0.00    0.00    0.00   99.50
Average:       2    0.25    0.00    0.50    0.00    0.00    0.00    0.00    0.00   99.24
Average:       2    0.00    0.00    0.25    0.00    0.00    0.00    0.00    0.00   99.75
Average:       2    0.25    0.00    0.76    0.00    0.00    0.00    0.00    0.00   98.99
Average:       2    0.25    0.00    0.25    0.00    0.00    0.00    0.00    0.00   99.50
Average:       2    0.00    0.00    0.75    0.00    0.00    0.00    0.25    0.00   99.00
Average:       2    0.00    0.00    0.50    0.00    0.00    0.00    0.00    0.00   99.50
Average:       2    0.00    0.00    0.76    0.00    0.00    0.00    0.00    0.00   99.24
Average:       2    0.25    0.00    0.50    0.00    0.00    0.00    0.00    0.00   99.25
Average:       2    0.25    0.00    0.50    0.00    0.00    0.00    0.00    0.00   99.25
Average:       2    0.00    0.00    0.51    0.00    0.00    0.00    0.00    0.00   99.49
Average:       2    0.25    0.00    0.25    0.00    0.00    0.00    0.00    0.00   99.50
Average:       2    0.28    0.00    0.83    0.00    0.00    0.00    0.00    0.00   98.89
Average:       2    0.24    0.00    0.48    0.00    0.00    0.00    0.00    0.00   99.28
Average:       2    0.34    0.00    1.01    0.00    0.00    0.00    0.00    0.00   98.66
Average:       2    0.00    0.00    0.68    0.00    0.00    0.00    0.00    0.00   99.32
Average:       2    0.00    0.00    0.56    0.00    0.00    0.00    0.00    0.00   99.44
Average:       2    0.00    0.00    0.79    0.00    0.00    0.00    0.00    0.00   99.21
Average:       2    0.26    0.00    0.53    0.00    0.00    0.00    0.00    0.00   99.21
Average:       2    0.00    0.00    0.93    0.00    0.00    0.00    0.00    0.00   99.07
Average:       2    0.00    0.00    0.67    0.00    0.00    0.00    0.00    0.00   99.33
Average:       2    0.00    0.00    0.56    0.00    0.00    0.00    0.00    0.00   99.44
Average:       2    0.33    0.00    0.99    0.00    0.00    0.00    0.00    0.00   98.68
Average:       2    0.29    0.00    0.58    0.00    0.00    0.00    0.00    0.00   99.12
Average:       2    0.00    0.00    0.62    0.00    0.00    0.00    0.00    0.00   99.38
Average:       2    0.00    0.00    0.61    0.00    0.00    0.00    0.00    0.00   99.39
Average:       2    0.00    0.00    0.62    0.00    0.00    0.00    0.00    0.00   99.38
Average:       2    0.00    0.00    0.67    0.00    0.00    0.00    0.00    0.00   99.33
Average:       2    0.30    0.00    0.59    0.00    0.00    0.00    0.00    0.00   99.11
Average:       2    0.31    0.00    0.62    0.00    0.00    0.00    0.00    0.00   99.08
Average:       2    0.00    0.00    0.61    0.00    0.00    0.00    0.00    0.00   99.39
Average:       2    0.33    0.00    0.67    0.00    0.00    0.00    0.00    0.00   99.00
Average:       2    0.32    0.00    0.65    0.00    0.00    0.00    0.00    0.00   99.03
Average:       2    0.00    0.00    0.62    0.00    0.00    0.00    0.00    0.00   99.38
Average:       2    0.00    0.00    1.00    0.00    0.00    0.00    0.00    0.00   99.00
Average:       2    0.00    0.00    1.00    0.00    0.00    0.00    0.00    0.00   99.00
Average:       2    0.31    0.00    0.31    0.00    0.00    0.00    0.00    0.00   99.38
Average:       2    0.00    0.00    0.33    0.00    0.00    0.00    0.00    0.00   99.67
Average:       2    0.31    0.00    0.92    0.00    0.00    0.00    0.00    0.00   98.77
Average:       2    0.31    0.00    0.62    0.00    0.00    0.00    0.00    0.00   99.08
Average:       2    0.33    0.00    0.66    0.00    0.00    0.00    0.00    0.00   99.00
Average:       2    0.00    0.00    0.62    0.00    0.00    0.00    0.00    0.00   99.38
Average:       2    0.29    0.00    0.29    0.00    0.00    0.00    0.00    0.00   99.41
Average:       2    0.00    0.00    0.87    0.00    0.00    0.00    0.00    0.00   99.13
Average:       2    0.31    0.00    0.62    0.00    0.00    0.00    0.00    0.00   99.06
Average:       2    0.32    0.00    0.64    0.00    0.00    0.00    0.00    0.00   99.04
Average:       2    0.00    0.00    0.62    0.00    0.00    0.00    0.00    0.00   99.38
Average:       2    0.27    0.00    0.54    0.00    0.00    0.00    0.00    0.00   99.18
Average:       2    0.00    0.00    0.48    0.00    0.00    0.00    0.00    0.00   99.52
Average:       2    0.00    0.00    0.52    0.00    0.00    0.00    0.00    0.00   99.48
Average:       2    0.00    0.00    0.52    0.00    0.00    0.00    0.00    0.00   99.48
Average:       2    0.00    0.00    0.52    0.00    0.00    0.00    0.00    0.00   99.48
Average:       2    0.26    0.00    0.52    0.00    0.00    0.00    0.00    0.00   99.22
Average:       2    0.00    0.00    0.52    0.00    0.00    0.00    0.00    0.00   99.48
Average:       2    0.26    0.00    0.77    0.00    0.00    0.00    0.00    0.00   98.98
Average:       2    0.00    0.00    0.33    0.00    0.00    0.00    0.00    0.00   99.67
Average:       2    0.33    0.00    0.33    0.00    0.00    0.00    0.00    0.00   99.34
Average:       2    0.33    0.00    0.66    0.00    0.00    0.00    0.00    0.00   99.01
Average:       2    0.29    0.00    0.87    0.00    0.00    0.00    0.00    0.00   98.84
Average:       2    0.33    0.00    0.33    0.00    0.00    0.00    0.00    0.00   99.34
Average:       2    0.00    0.00    0.79    0.00    0.00    0.00    0.00    0.00   99.21
Average:       2    0.26    0.00    0.26    0.00    0.00    0.00    0.00    0.00   99.47
Average:       2    0.00    0.00    0.91    0.00    0.00    0.00    0.00    0.00   99.09
Average:       2    0.00    0.00    0.61    0.00    0.00    0.00    0.00    0.00   99.39
Average:       2    0.00    0.00    0.66    0.00    0.00    0.00    0.00    0.00   99.34
Average:       2    0.00    0.00    0.91    0.00    0.00    0.00    0.00    0.00   99.09
Average:       2    0.33    0.00    0.99    0.00    0.00    0.00    0.00    0.00   98.68
Average:       2    0.00    0.00    0.66    0.00    0.00    0.00    0.00    0.00   99.34
Average:       2    0.00    0.00    0.87    0.00    0.00    0.00    0.00    0.00   99.13
Average:       2    0.00    0.00    0.61    0.00    0.00    0.00    0.00    0.00   99.39
Average:       2    0.30    0.00    0.61    0.00    0.00    0.00    0.00    0.00   99.09
Average:       2    0.26    0.00    0.51    0.00    0.00    0.00    0.00    0.00   99.23
Average:       2    0.00    0.00    0.99    0.00    0.00    0.00    0.00    0.00   99.01
Average:       2    0.00    0.00    0.56    0.00    0.00    0.00    0.00    0.00   99.44
Average:       2    0.27    0.00    0.80    0.00    0.00    0.00    0.00    0.00   98.93
Average:       2    0.00    0.00    0.33    0.00    0.00    0.00    0.00    0.00   99.67
Average:       2    0.00    0.00    0.53    0.00    0.00    0.00    0.00    0.00   99.47
Average:       2    0.00    0.00    0.61    0.00    0.00    0.00    0.00    0.00   99.39
Average:       2    0.33    0.00    0.65    0.00    0.00    0.00    0.00    0.00   99.02
Average:       2    0.30    0.00    0.61    0.00    0.00    0.00    0.00    0.00   99.09
Average:       2    0.00    0.00    0.66    0.00    0.00    0.00    0.00    0.00   99.34
Average:       2    0.00    0.00    0.50    0.00    0.00    0.00    0.00    0.00   99.50
Average:       2    0.00    0.00    0.57    0.00    0.00    0.00    0.00    0.00   99.43
Average:       2    0.25    0.00    0.51    0.00    0.00    0.00    0.00    0.00   99.24
Average:       2    0.25    0.00    0.25    0.00    0.00    0.00    0.00    0.00   99.49
Average:       2    0.00    0.00    0.76    0.00    0.00    0.00    0.00    0.00   99.24
Average:       2    0.00    0.00    0.26    0.00    0.00    0.00    0.00    0.00   99.74
Average:       2    0.25    0.00    0.76    0.00    0.00    0.00    0.00    0.00   98.99
Average:       2    0.00    0.00    0.52    0.00    0.00    0.00    0.00    0.00   99.48
Average:       2    0.00    0.00    0.26    0.00    0.00    0.00    0.00    0.00   99.74
Average:       2    0.00    0.00    0.52    0.00    0.00    0.00    0.00    0.00   99.48
Average:       2    0.00    0.00    0.53    0.00    0.00    0.00    0.00    0.00   99.47
Average:       2    0.00    0.00    0.54    0.00    0.00    0.00    0.00    0.00   99.46
Average:       2    0.00    0.00    0.54    0.00    0.00    0.00    0.00    0.00   99.46
Average:       2    0.00    0.00    0.54    0.00    0.00    0.00    0.00    0.00   99.46
Average:       2    0.00    0.00    0.79    0.00    0.00    0.00    0.00    0.00   99.21
Average:       2    0.00    0.00    0.52    0.00    0.00    0.00    0.26    0.00   99.21
Average:       2    0.00    0.00    0.56    0.00    0.00    0.00    0.00    0.00   99.44
Average:       2    0.00    0.00    0.28    0.00    0.00    0.00    0.00    0.00   99.72
Average:       2    0.00    0.00    0.28    0.00    0.00    0.00    0.00    0.00   99.72
Average:       2    0.27    0.00    0.53    0.00    0.00    0.00    0.00    0.00   99.20
Average:       2    0.00    0.00    0.57    0.00    0.00    0.00    0.00    0.00   99.43
Average:       2    0.00    0.00    0.84    0.00    0.00    0.00    0.00    0.00   99.16
Average:       2    0.28    0.00    0.56    0.00    0.00    0.00    0.00    0.00   99.16
Average:       2    0.00    0.00    0.50    0.00    0.00    0.00    0.00    0.00   99.50
Average:       2    0.00    0.00    0.50    0.00    0.00    0.00    0.00    0.00   99.50
Average:       2    0.00    0.00    0.75    0.00    0.00    0.00    0.00    0.00   99.25
Average:       2    0.00    0.00    0.50    0.00    0.00    0.00    0.00    0.00   99.50
Average:       2    0.00    0.00    0.51    0.00    0.00    0.00    0.00    0.00   99.49
Average:       2    0.00    0.00    0.60    0.00    0.00    0.00    0.00    0.00   99.40
Average:       2    0.00    0.00    0.76    0.00    0.00    0.00    0.00    0.00   99.24
Average:       2    0.00    0.00    0.51    0.00    0.00    0.00    0.00    0.00   99.49
Average:       2    0.00    0.00    0.51    0.00    0.00    0.00    0.00    0.00   99.49
Average:       2    0.25    0.00    0.25    0.00    0.00    0.00    0.00    0.00   99.49
Average:       2    0.00    0.00    0.77    0.00    0.00    0.00    0.00    0.00   99.23
Average:       2    0.00    0.00    0.51    0.00    0.00    0.00    0.00    0.00   99.49
Average:       2    0.00    0.00    0.51    0.00    0.00    0.00    0.00    0.00   99.49
Average:       2    0.00    0.00    1.02    0.00    0.00    0.00    0.00    0.00   98.98
Average:       2    0.25    0.00    0.51    0.00    0.00    0.00    0.00    0.00   99.24
