Average:       1    0.00    0.00    0.00    0.00    0.00    0.00    0.00    0.00  100.00
Average:       1    0.00    0.00    0.25   16.29    0.00    0.00    0.00    0.00   83.46
Average:       1    0.00    0.00    0.25   20.00    0.00    0.00    0.00    0.00   79.75
Average:       1    0.00    0.00    0.00    0.00    0.00    0.00    0.00    0.00  100.00
Average:       1    0.00    0.00    0.00   16.04    0.00    0.00    0.00    0.00   83.96
Average:       1    0.50    0.00    0.25    0.00    0.00    0.00    0.00    0.00   99.25
Average:       1    0.76    0.00    0.25    4.05    0.00    0.00    0.00    0.00   94.94
Average:       1    0.00    0.00    0.25    8.02    0.00    0.00    0.00    0.00   91.73
Average:       1    0.00    0.00    0.50    0.00    0.00    0.00    0.00    0.00   99.50
Average:       1    0.00    0.00    0.25   15.29    0.00    0.00    0.00    0.00   84.46
Average:       1    0.00    0.00    0.25    0.00    0.00    0.00    0.00    0.00   99.75
Average:       1    0.00    0.00    0.00    5.01    0.00    0.00    0.00    0.00   94.99
Average:       1    0.00    0.00    0.25   11.75    0.00    0.00    0.00    0.00   88.00
Average:       1    0.00    0.00    0.50    0.50    0.00    0.00    0.00    0.00   98.99
Average:       1    0.25    0.00    0.25   12.06    0.00    0.00    0.00    0.00   87.44
Average:       1    0.00    0.00    0.00    0.00    0.00    0.00    0.00    0.00  100.00
Average:       1    0.00    0.00    0.00    0.50    0.00    0.00    0.00    0.00   99.50
Average:       1    0.00    0.00    0.00   15.79    0.00    0.00    0.00    0.00   84.21
Average:       1    0.76    0.00    0.00    0.00    0.00    0.00    0.00    0.00   99.24
Average:       1    0.00    0.00    0.00   14.82    0.00    0.00    0.00    0.00   85.18
Average:       1    0.00    0.00    0.00    0.00    0.00    0.00    0.00    0.00  100.00
Average:       1    0.00    0.00    0.00    0.00    0.00    0.00    0.00    0.00  100.00
Average:       1    0.00    0.00    0.25   16.08    0.00    0.00    0.00    0.00   83.67
Average:       1    0.00    0.00    0.00    0.00    0.00    0.00    0.00    0.00  100.00
Average:       1    0.00    0.00    0.00   16.79    0.00    0.00    0.00    0.00   83.21
Average:       1    0.25    0.00    0.25    0.00    0.00    0.00    0.00    0.00   99.50
Average:       1    0.00    0.00    0.00    0.00    0.00    0.00    0.00    0.00  100.00
Average:       1    0.00    0.00    0.00   16.04    0.00    0.00    0.00    0.00   83.96
Average:       1    0.00    0.00    0.00    0.00    0.00    0.00    0.00    0.00  100.00
Average:       1    0.00    0.00    0.25   14.04    0.00    0.00    0.00    0.00   85.71
Average:       1    0.00    0.00    0.00    0.00    0.00    0.00    0.00    0.00  100.00
Average:       1    0.00    0.00    0.00    0.00    0.00    0.00    0.00    0.00  100.00
Average:       1    0.00    0.00    0.25   10.28    0.00    0.00    0.00    0.00   89.47
Average:       1    0.00    0.00    0.76    0.25    0.00    0.00    0.00    0.00   98.99
Average:       1    0.00    0.00    0.50   10.75    0.00    0.00    0.00    0.00   88.75
Average:       1    0.00    0.00    0.25    0.00    0.00    0.00    0.00    0.00   99.75
Average:       1    0.50    0.00    0.00    0.00    0.00    0.00    0.00    0.00   99.50
Average:       1    0.25    0.00    0.76   17.22    0.00    0.00    0.00    0.00   81.77
Average:       1    0.00    0.00    0.00    0.00    0.00    0.00    0.00    0.00  100.00
Average:       1    0.00    0.00    0.00   16.08    0.00    0.00    0.00    0.00   83.92
Average:       1    0.76    0.00    0.25    0.00    0.00    0.00    0.00    0.00   98.98
Average:       1    0.00    0.00    0.25    0.00    0.00    0.00    0.00    0.00   99.75
Average:       1    0.00    0.00    0.00   15.04    0.00    0.00    0.00    0.00   84.96
Average:       1    0.00    0.00    0.00    0.00    0.00    0.00    0.00    0.00  100.00
Average:       1    0.00    0.00    0.25   15.75    0.00    0.00    0.00    0.00   84.00
Average:       1    0.50    0.00    0.00    0.00    0.00    0.00    0.00    0.00   99.50
Average:       1    0.00    0.00    0.00    0.00    0.00    0.00    0.00    0.00  100.00
Average:       1    0.00    0.00    0.00   16.54    0.00    0.00    0.25    0.00   83.21
Average:       1    0.76    0.00    0.25    0.25    0.00    0.00    0.00    0.00   98.73
Average:       1    0.51    0.00    0.76   10.15    0.00    0.00    0.00    0.00   88.58
Average:       1    0.50    0.00    0.76    0.76    0.00    0.00    0.00    0.00   97.98
Average:       1    0.00    0.00    0.25    0.00    0.00    0.00    0.00    0.00   99.75
Average:       1    0.00    0.00    0.00   13.53    0.00    0.00    0.00    0.00   86.47
Average:       1    0.51    0.00    0.51    0.25    0.00    0.00    0.00    0.00   98.73
Average:       1    0.00    0.00    0.76   88.32    0.00    0.00    0.00    0.00   10.91
Average:       1    0.00    0.00    0.00   50.38    0.00    0.00    0.00    0.00   49.62
Average:       1    0.00    0.00    0.50   13.53    0.00    0.00    0.00    0.00   85.96
Average:       1    0.00    0.00    1.01   87.34    0.00    0.00    0.00    0.00   11.65
