Average:       2   45.85    0.00    0.49    0.98    0.00    0.00    3.41    0.00   49.27
Average:       3   45.19    0.00    0.96    0.96    0.00    0.00    3.85    0.00   49.04
Average:       4   42.44    0.00    0.49    1.95    0.00    0.00    2.44    0.00   52.68
Average:       5   42.08    0.00    0.50    1.98    0.00    0.00    1.98    0.00   53.47
Average:       6   41.67    0.00    0.49    1.96    0.00    0.00    3.43    0.00   52.45
Average:       7   40.20    0.00    0.49    3.43    0.00    0.00    3.92    0.00   51.96
Average:       2   50.99    0.00    0.50    0.00    0.00    0.00    0.50    0.00   48.02
Average:       3   54.90    0.00    0.49    0.00    0.00    0.00    0.98    0.00   43.63
Average:       4   52.26    0.00    0.00    0.00    0.00    0.00    0.00    0.00   47.74
Average:       5   51.24    0.00    0.50    0.00    0.00    0.00    0.00    0.00   48.26
Average:       6   51.00    0.00    0.00    0.00    0.00    0.00    0.50    0.00   48.50
Average:       7   51.26    0.00    0.00    0.00    0.00    0.00    0.50    0.00   48.24
Average:       2   71.64    0.00    0.50    0.00    0.00    0.00    0.50    0.00   27.36
Average:       3   69.95    0.00    0.99    0.00    0.00    0.00    0.99    0.00   28.08
Average:       4   69.76    0.00    0.49    0.00    0.00    0.00    2.93    0.00   26.83
Average:       5   73.27    0.00    0.50    0.00    0.00    0.00    1.49    0.00   24.75
Average:       6   71.14    0.00    0.50    0.00    0.00    0.00    0.50    0.00   27.86
Average:       7   71.50    0.00    0.50    0.00    0.00    0.00    0.00    0.00   28.00
Average:       2   73.13    0.00    0.50    0.00    0.00    0.00    1.00    0.00   25.37
Average:       3   64.22    0.00    0.49    0.00    0.00    0.00    0.98    0.00   34.31
Average:       4   68.97    0.00    0.49    0.00    0.00    0.00    0.99    0.00   29.56
Average:       5   68.16    0.00    0.00    0.00    0.00    0.00    0.00    0.00   31.84
Average:       6   67.33    0.00    0.00    0.00    0.00    0.00    0.50    0.00   32.18
Average:       7   69.12    0.00    0.00    0.00    0.00    0.00    1.96    0.00   28.92
Average:       2   53.47    0.00    0.50    0.00    0.00    0.00    0.99    0.00   45.05
Average:       3   52.50    0.00    0.00    0.00    0.00    0.00    0.50    0.00   47.00
Average:       4   53.20    0.00    0.49    0.00    0.00    0.00    1.48    0.00   44.83
Average:       5   53.96    0.00    0.50    0.00    0.00    0.00    0.99    0.00   44.55
Average:       6   55.50    0.00    0.50    0.00    0.00    0.00    0.50    0.00   43.50
Average:       7   75.86    0.00    1.48    0.00    0.00    0.00    1.48    0.00   21.18
Average:       2   55.39    0.00    0.00    0.00    0.00    0.00    2.94    0.00   41.67
Average:       3   51.46    0.00    0.49    0.00    0.00    0.00    3.40    0.00   44.66
Average:       4   53.20    0.00    0.49    0.00    0.00    0.00    1.97    0.00   44.33
Average:       5   52.68    0.00    0.00    0.00    0.00    0.00    4.39    0.00   42.93
Average:       6   49.27    0.00    0.49    0.00    0.00    0.00    3.41    0.00   46.83
Average:       7   82.94    0.00    3.32    0.00    0.00    0.00    5.21    0.00    8.53
Average:       2   58.71    0.00    0.00    0.00    0.00    0.00    0.50    0.00   40.80
Average:       3   54.37    0.00    0.00    0.00    0.00    0.00    2.91    0.00   42.72
Average:       4   56.00    0.00    0.00    0.00    0.00    0.00    0.50    0.00   43.50
Average:       5   54.23    0.00    0.00    0.00    0.00    0.00    1.00    0.00   44.78
Average:       6   54.73    0.00    0.00    0.00    0.00    0.00    0.00    0.00   45.27
Average:       7   88.56    0.00    1.99    0.00    0.00    0.00    0.00    0.00    9.45
Average:       2   93.10    0.00    1.48    0.00    0.00    0.00    1.48    0.00    3.94
Average:       3   78.33    0.00    0.99    0.00    0.00    0.00    1.48    0.00   19.21
Average:       4   77.23    0.00    0.00    0.00    0.00    0.00    1.49    0.00   21.29
Average:       5   77.23    0.00    0.50    0.00    0.00    0.00    0.99    0.00   21.29
Average:       6   74.88    0.00    0.49    0.00    0.00    0.00    1.48    0.00   23.15
Average:       7   75.86    0.00    0.00    0.00    0.00    0.00    0.99    0.00   23.15
Average:       2   68.97    0.00    0.00    0.00    0.00    0.00    1.48    0.00   29.56
Average:       3   85.29    0.00    1.47    0.00    0.00    0.00    1.47    0.00   11.76
Average:       4   67.16    0.00    0.50    0.00    0.00    0.00    0.50    0.00   31.84
Average:       5   72.20    0.00    0.49    0.00    0.00    0.00    2.93    0.00   24.39
Average:       6   70.94    0.00    1.97    0.00    0.00    0.00    0.99    0.00   26.11
Average:       7   65.52    0.00    0.49    0.00    0.00    0.00    0.99    0.00   33.00
Average:       2   56.00    0.00    0.00    0.00    0.00    0.00    0.00    0.00   44.00
Average:       3   58.79    0.00    0.50    0.00    0.00    0.00    0.00    0.00   40.70
Average:       4   57.00    0.00    0.50    0.00    0.00    0.00    0.00    0.00   42.50
Average:       5   55.22    0.00    0.00    0.00    0.00    0.00    0.50    0.00   44.28
Average:       6   53.43    0.00    0.49    0.00    0.00    0.00    1.96    0.00   44.12
Average:       7   57.07    0.00    0.00    0.00    0.00    0.00    2.93    0.00   40.00
Average:       2   52.20    0.00    0.49    0.00    0.00    0.00    2.93    0.00   44.39
Average:       3   50.97    0.00    0.49    0.00    0.00    0.00    5.34    0.00   43.20
Average:       4   56.93    0.00    0.50    0.00    0.00    0.00    1.98    0.00   40.59
Average:       5   54.11    0.00    0.00    0.00    0.00    0.00    4.83    0.00   41.06
Average:       6   56.65    0.00    0.00    0.00    0.00    0.00    2.96    0.00   40.39
Average:       7   52.43    0.00    0.49    0.00    0.00    0.00    3.40    0.00   43.69
Average:       2   58.50    0.00    0.50    0.00    0.00    0.00    0.50    0.00   40.50
Average:       3   55.28    0.00    0.00    0.00    0.00    0.00    0.00    0.00   44.72
Average:       4   54.50    0.00    0.00    0.00    0.00    0.00    0.00    0.00   45.50
Average:       5   53.96    0.00    0.50    0.00    0.00    0.00    0.99    0.00   44.55
Average:       6   53.20    0.00    0.49    0.00    0.00    0.00    1.48    0.00   44.83
Average:       7   53.47    0.00    0.00    0.00    0.00    0.00    0.99    0.00   45.54
Average:       2   74.75    0.00    0.00    0.00    0.00    0.00    0.99    0.00   24.26
Average:       3   70.10    0.00    0.00    0.00    0.00    0.00    1.96    0.00   27.94
Average:       4   69.61    0.00    0.49    0.00    0.00    0.00    1.96    0.00   27.94
Average:       5   70.24    0.00    0.49    0.00    0.00    0.00    1.95    0.00   27.32
Average:       6   96.00    0.00    1.50    0.00    0.00    0.00    0.00    0.00    2.50
Average:       7   73.89    0.00    0.49    0.00    0.00    0.00    0.99    0.00   24.63
Average:       2   57.69    0.00    0.00    0.00    0.00    0.00    6.73    0.00   35.58
Average:       3   62.07    0.00    0.49    0.00    0.00    0.00    6.90    0.00   30.54
Average:       4   62.38    0.00    0.00    0.00    0.00    0.00    5.45    0.00   32.18
Average:       5   82.04    0.00    2.91    0.00    0.00    0.00    7.77    0.00    7.28
Average:       6   56.04    0.00    0.97    0.00    0.00    0.00    8.21    0.00   34.78
Average:       7   57.00    0.00    0.48    0.00    0.00    0.00    7.25    0.00   35.27
Average:       2   88.44    0.00    3.52    0.00    0.00    0.00    0.00    0.00    8.04
Average:       3   55.12    0.00    0.49    0.00    0.00    0.00    1.95    0.00   42.44
Average:       4   53.73    0.00    0.50    0.00    0.00    0.00    0.00    0.00   45.77
Average:       5   58.00    0.00    0.00    0.00    0.00    0.00    0.00    0.00   42.00
Average:       6   60.50    0.00    0.00    0.00    0.00    0.00    0.50    0.00   39.00
Average:       7   54.95    0.00    0.00    0.00    0.00    0.00    1.49    0.00   43.56
Average:       2   59.51    0.00    0.49    0.00    0.00    0.00    2.93    0.00   37.07
Average:       3   55.56    0.00    0.48    0.00    0.00    0.00    4.35    0.00   39.61
Average:       4   72.95    0.00    1.45    0.00    0.00    0.00    4.35    0.00   21.26
Average:       5   67.48    0.00    1.46    0.00    0.00    0.00    7.28    0.00   23.79
Average:       6   54.63    0.00    0.49    0.00    0.00    0.00    3.90    0.00   40.98
Average:       7   55.56    0.00    0.00    0.00    0.00    0.00    3.86    0.00   40.58
Average:       2   88.67    0.00    2.46    0.00    0.00    0.00    0.99    0.00    7.88
Average:       3   72.64    0.00    0.50    0.00    0.00    0.00    0.50    0.00   26.37
Average:       4   73.17    0.00    0.49    0.00    0.00    0.00    2.44    0.00   23.90
Average:       5   74.38    0.00    0.49    0.00    0.00    0.00    1.97    0.00   23.15
Average:       6   72.77    0.00    0.00    0.00    0.00    0.00    1.49    0.00   25.74
Average:       7   71.78    0.00    0.50    0.00    0.00    0.00    0.99    0.00   26.73
Average:       2   53.43    0.00    0.00    0.00    0.00    0.00    2.45    0.00   44.12
Average:       3   71.64    0.00    1.00    0.00    0.00    0.00    0.50    0.00   26.87
Average:       4   54.95    0.00    0.00    0.00    0.00    0.00    1.49    0.00   43.56
Average:       5   55.22    0.00    0.50    0.00    0.00    0.00    0.50    0.00   43.78
Average:       6   73.27    0.00    1.49    0.00    0.00    0.00    0.99    0.00   24.26
Average:       7   58.91    0.00    0.00    0.00    0.00    0.00    1.49    0.00   39.60
Average:       2   61.00    0.00    0.50    0.00    0.00    0.00    0.50    0.00   38.00
Average:       3   90.73    0.00    1.95    0.00    0.00    0.00    2.44    0.00    4.88
Average:       4   63.55    0.00    0.00    0.00    0.00    0.00    1.48    0.00   34.98
Average:       5   59.90    0.00    0.00    0.00    0.00    0.00    1.98    0.00   38.12
Average:       6   60.40    0.00    0.99    0.00    0.00    0.00    0.50    0.00   38.12
Average:       7   65.17    0.00    0.00    0.00    0.00    0.00    1.00    0.00   33.83
Average:       2   73.74    0.00    0.00    0.00    0.00    0.00    0.00    0.00   26.26
Average:       3   70.79    0.00    0.00    0.00    0.00    0.00    1.49    0.00   27.72
Average:       4   70.73    0.00    0.49    0.00    0.00    0.00    1.95    0.00   26.83
Average:       5   67.33    0.00    0.50    0.00    0.00    0.00    0.99    0.00   31.19
Average:       6   67.49    0.00    0.00    0.00    0.00    0.00    1.97    0.00   30.54
Average:       7   89.11    0.00    0.99    0.00    0.00    0.00    0.99    0.00    8.91
Average:       2   48.08    0.00    0.00    0.00    0.00    0.00    4.81    0.00   47.12
Average:       3   46.54    0.00    0.00    0.00    0.00    0.00   11.06    0.00   42.40
Average:       4   81.43    0.00    3.33    0.00    0.00    0.00    9.52    0.00    5.71
Average:       5   52.68    0.00    0.00    0.00    0.00    0.00    5.37    0.00   41.95
Average:       6   50.73    0.00    0.49    0.00    0.00    0.00    3.90    0.00   44.88
Average:       7   48.33    0.00    1.44    0.00    0.00    0.00    5.26    0.00   44.98
Average:       2   52.40    0.00    0.00    0.00    0.00    0.00    4.33    0.00   43.27
Average:       3   68.90    0.00    1.91    0.00    0.00    0.00    6.22    0.00   22.97
Average:       4   57.64    0.00    0.49    0.00    0.00    0.00    2.46    0.00   39.41
Average:       5   71.57    0.00    0.98    0.00    0.00    0.00    4.41    0.00   23.04
Average:       6   59.51    0.00    0.49    0.00    0.00    0.00    3.90    0.00   36.10
Average:       7   55.07    0.00    0.48    0.00    0.00    0.00    3.86    0.00   40.58
Average:       2   89.90    0.00    2.40    0.00    0.00    0.00    3.85    0.00    3.85
Average:       3   70.30    0.00    0.00    0.00    0.00    0.00    2.48    0.00   27.23
Average:       4   69.95    0.00    0.49    0.00    0.00    0.00    2.46    0.00   27.09
Average:       5   65.84    0.00    0.00    0.00    0.00    0.00    3.47    0.00   30.69
Average:       6   66.67    0.00    0.49    0.00    0.00    0.00    2.94    0.00   29.90
Average:       7   69.50    0.00    0.50    0.00    0.00    0.00    0.00    0.00   30.00
Average:       2   68.32    0.00    0.99    0.00    0.00    0.00    0.99    0.00   29.70
Average:       3   73.76    0.00    1.49    0.00    0.00    0.00    0.99    0.00   23.76
Average:       4   66.99    0.00    0.49    0.00    0.00    0.00    2.43    0.00   30.10
Average:       5   67.16    0.00    0.00    0.00    0.00    0.00    1.00    0.00   31.84
Average:       6   65.35    0.00    0.00    0.00    0.00    0.00    0.99    0.00   33.66
Average:       7   66.00    0.00    0.50    0.00    0.00    0.00    0.00    0.00   33.50
Average:       2   75.00    0.00    1.50    0.00    0.00    0.00    0.50    0.00   23.00
Average:       3   65.35    0.00    0.50    0.00    0.00    0.00    1.49    0.00   32.67
Average:       4   62.00    0.00    0.50    0.00    0.00    0.00    0.00    0.00   37.50
Average:       5   75.50    0.00    1.00    0.00    0.00    0.00    1.00    0.00   22.50
Average:       6   60.00    0.00    0.49    0.00    0.00    0.00    1.95    0.00   37.56
Average:       7   60.59    0.00    0.00    0.00    0.00    0.00    1.48    0.00   37.93
Average:       2   73.81    0.00    0.48    0.00    0.00    0.48    7.14    0.00   18.10
Average:       3   76.85    0.00    0.49    0.00    0.00    0.00    5.91    0.00   16.75
Average:       4   87.50    0.00    1.44    0.00    0.00    0.00    8.17    0.00    2.88
Average:       5   79.13    0.00    0.00    0.00    0.00    0.00    4.85    0.00   16.02
Average:       6   71.36    0.00    0.00    0.00    0.00    0.00    9.86    0.00   18.78
Average:       7   76.35    0.00    0.49    0.00    0.00    0.00    3.94    0.00   19.21
Average:       2   68.45    0.00    0.49    0.49    0.00    0.00    4.37    0.00   26.21
Average:       3   71.23    0.00    1.89    0.00    0.00    0.00    7.08    0.00   19.81
Average:       4   66.83    0.00    0.00    0.00    0.00    0.00    5.29    0.00   27.88
Average:       5   71.08    0.00    0.00    0.00    0.00    0.00    2.45    0.00   26.47
Average:       6   70.24    0.00    0.49    0.00    0.00    0.00    2.44    0.00   26.83
Average:       7   67.15    0.00    0.48    0.00    0.00    0.00    5.31    0.00   27.05
Average:       2   57.43    0.00    0.50    0.00    0.00    0.00    0.99    0.00   41.09
Average:       3   54.90    0.00    0.00    0.00    0.00    0.00    2.45    0.00   42.65
Average:       4   60.40    0.00    0.50    0.00    0.00    0.00    0.99    0.00   38.12
Average:       5   71.00    0.00    1.50    0.00    0.00    0.00    0.50    0.00   27.00
Average:       6   57.79    0.00    0.00    0.00    0.00    0.00    0.00    0.00   42.21
Average:       7   61.08    0.00    0.49    0.00    0.00    0.00    1.48    0.00   36.95
Average:       2   81.55    0.00    1.46    0.00    0.00    0.00    5.83    0.00   11.17
Average:       3   69.95    0.00    0.49    0.00    0.00    0.00    2.46    0.00   27.09
Average:       4   68.97    0.00    0.00    0.00    0.00    0.00    6.90    0.00   24.14
Average:       5   68.14    0.00    0.98    0.00    0.00    0.00    5.39    0.00   25.49
Average:       6   69.61    0.00    0.00    0.00    0.00    0.00    4.90    0.00   25.49
Average:       7   68.78    0.00    0.00    0.00    0.00    0.00    4.88    0.00   26.34
Average:       2   67.16    0.00    0.50    0.00    0.00    0.00    0.50    0.00   31.84
Average:       3   84.73    0.00    1.48    0.00    0.00    0.00    1.48    0.00   12.32
Average:       4   70.30    0.00    0.50    0.00    0.00    0.00    0.99    0.00   28.22
Average:       5   69.31    0.00    0.50    0.00    0.00    0.00    0.50    0.00   29.70
Average:       6   65.84    0.00    0.50    0.00    0.00    0.00    0.99    0.00   32.67
Average:       7   68.14    0.00    1.47    0.00    0.00    0.00    1.47    0.00   28.92
Average:       2   76.35    0.00    1.48    0.00    0.00    0.00    1.48    0.00   20.69
Average:       3   62.69    0.00    0.00    0.00    0.00    0.00    0.00    0.00   37.31
Average:       4   78.00    0.00    1.50    0.00    0.00    0.00    0.50    0.00   20.00
Average:       5   63.18    0.00    0.00    0.00    0.00    0.00    0.00    0.00   36.82
Average:       6   60.89    0.00    0.50    0.00    0.00    0.00    0.99    0.00   37.62
Average:       7   60.49    0.00    0.49    0.00    0.00    0.00    1.95    0.00   37.07
Average:       2   75.70    0.00    0.93    0.00    0.00    0.47    6.54    0.00   16.36
Average:       3   69.08    0.00    0.00    0.00    0.00    0.00    6.28    0.00   24.64
Average:       4   80.95    0.00    0.48    0.00    0.00    0.00    6.19    0.00   12.38
Average:       5   67.92    0.00    0.47    0.00    0.00    0.00    7.55    0.00   24.06
Average:       6   75.24    0.00    0.97    0.00    0.00    0.00    2.91    0.00   20.87
Average:       7   71.98    0.00    0.48    0.00    0.00    0.00    4.83    0.00   22.71
Average:       2   87.80    0.00    1.95    0.00    0.00    0.00    1.46    0.00    8.78
Average:       3   75.74    0.00    0.50    0.00    0.00    0.00    0.99    0.00   22.77
Average:       4   70.59    0.00    0.49    0.00    0.00    0.00    1.47    0.00   27.45
Average:       5   68.81    0.00    0.00    0.00    0.00    0.00    0.99    0.00   30.20
Average:       6   67.80    0.00    0.98    0.00    0.00    0.00    1.46    0.00   29.76
Average:       7   72.77    0.00    0.50    0.00    0.00    0.00    0.99    0.00   25.74
Average:       2   59.11    0.00    0.49    0.00    0.00    0.00    1.48    0.00   38.92
Average:       3   75.62    0.00    1.00    0.00    0.00    0.00    0.00    0.00   23.38
Average:       4   60.29    0.00    0.00    0.00    0.00    0.00    1.96    0.00   37.75
Average:       5   62.87    0.00    0.00    0.00    0.00    0.00    0.99    0.00   36.14
Average:       6   60.70    0.00    0.00    0.00    0.00    0.00    0.50    0.00   38.81
Average:       7   64.68    0.00    0.00    0.00    0.00    0.00    0.00    0.00   35.32
Average:       2   68.81    0.00    0.00    0.00    0.00    0.00    0.50    0.00   30.69
Average:       3   62.25    0.00    0.00    0.00    0.00    0.00    1.96    0.00   35.78
Average:       4   65.67    0.00    0.00    0.00    0.00    0.00    0.00    0.00   34.33
Average:       5   66.67    0.00    0.50    0.00    0.00    0.00    1.00    0.00   31.84
Average:       6   65.17    0.00    0.50    0.00    0.00    0.00    0.00    0.00   34.33
Average:       7   65.33    0.00    0.00    0.00    0.00    0.00    0.00    0.00   34.67
Average:       2   65.00    0.00    0.00    0.00    0.00    0.00    0.00    0.00   35.00
Average:       3   65.17    0.00    0.50    0.00    0.00    0.00    1.00    0.00   33.33
Average:       4   68.32    0.00    0.00    0.00    0.00    0.00    0.50    0.00   31.19
Average:       5   64.68    0.00    0.00    0.00    0.00    0.00    0.50    0.00   34.83
Average:       6   79.21    0.00    0.00    0.00    0.00    0.00    0.99    0.00   19.80
Average:       7   79.71    0.00    0.97    0.00    0.00    0.00    2.42    0.00   16.91
Average:       2   78.43    0.00    0.49    0.00    0.00    0.00    3.92    0.00   17.16
Average:       3   88.57    0.00    0.95    0.00    0.00    0.00    7.62    0.00    2.86
Average:       4   76.96    0.00    0.00    0.00    0.00    0.00    3.43    0.00   19.61
Average:       5   77.07    0.00    0.00    0.00    0.00    0.00    2.93    0.00   20.00
Average:       6   73.56    0.00    0.48    0.00    0.00    0.00    6.25    0.00   19.71
Average:       7   76.92    0.00    0.48    0.00    0.00    0.00    4.81    0.00   17.79
Average:       2   59.80    0.00    0.00    0.00    0.00    0.00    0.00    0.00   40.20
Average:       3   57.84    0.00    0.00    0.00    0.00    0.00    1.96    0.00   40.20
Average:       4   59.41    0.00    0.50    0.00    0.00    0.00    0.50    0.00   39.60
Average:       5   57.64    0.00    0.00    0.00    0.00    0.00    1.97    0.00   40.39
Average:       6   64.68    0.00    1.00    0.00    0.00    0.00    0.00    0.00   34.33
Average:       7   57.92    0.00    0.00    0.00    0.00    0.00    1.49    0.00   40.59
Average:       2   67.32    0.00    0.00    0.00    0.00    0.00    1.95    0.00   30.73
Average:       3   70.10    0.00    0.49    0.00    0.00    0.00    1.96    0.00   27.45
Average:       4   68.32    0.00    0.50    0.00    0.00    0.00    0.99    0.00   30.20
Average:       5   67.00    0.00    0.99    0.00    0.00    0.00    1.48    0.00   30.54
Average:       6   68.81    0.00    0.50    0.00    0.00    0.00    0.99    0.00   29.70
Average:       7   70.00    0.00    0.50    0.00    0.00    0.00    0.00    0.00   29.50
Average:       2   72.86    0.00    0.00    0.00    0.00    0.00    0.00    0.00   27.14
Average:       3   74.38    0.00    0.49    0.00    0.00    0.00    0.99    0.00   24.14
Average:       4   73.27    0.00    0.99    0.00    0.00    0.00    0.99    0.00   24.75
Average:       5   93.03    0.00    1.00    0.00    0.00    0.00    0.50    0.00    5.47
Average:       6   76.73    0.00    0.00    0.00    0.00    0.00    0.99    0.00   22.28
Average:       7   68.78    0.00    0.49    0.00    0.00    0.00    2.93    0.00   27.80
Average:       2   73.00    0.00    1.50    0.00    0.00    0.00    0.00    0.00   25.50
Average:       3   58.25    0.00    0.97    0.00    0.00    0.00    2.91    0.00   37.86
Average:       4   58.71    0.00    0.50    0.00    0.00    0.00    0.00    0.00   40.80
Average:       5   76.00    0.00    1.00    0.00    0.00    0.00    0.50    0.00   22.50
Average:       6   61.19    0.00    0.00    0.00    0.00    0.00    1.00    0.00   37.81
Average:       7   59.80    0.00    0.00    0.00    0.00    0.00    2.94    0.00   37.25
Average:       2   63.94    0.00    0.96    0.00    0.00    0.00    5.29    0.00   29.81
Average:       3   64.90    0.00    0.96    0.00    0.00    0.00    5.77    0.00   28.37
Average:       4   68.69    0.00    0.51    0.00    0.00    0.00    0.00    0.00   30.81
Average:       5   74.41    0.00    0.95    0.00    0.00    0.00    7.58    0.00   17.06
Average:       6   66.35    0.00    0.00    0.00    0.00    0.00    4.33    0.00   29.33
Average:       7   66.67    0.00    0.48    0.00    0.00    0.00    2.90    0.00   29.95
Average:       2   77.67    0.00    0.49    0.00    0.00    0.00    2.91    0.00   18.93
Average:       3   80.50    0.00    0.00    0.00    0.00    0.00    0.00    0.00   19.50
Average:       4   93.17    0.00    1.46    0.00    0.00    0.00    2.44    0.00    2.93
Average:       5   81.28    0.00    0.49    0.00    0.00    0.00    0.99    0.00   17.24
Average:       6   79.80    0.00    0.99    0.00    0.00    0.00    1.48    0.00   17.73
Average:       7   79.10    0.00    0.00    0.00    0.00    0.00    0.50    0.00   20.40
Average:       2   60.40    0.00    0.50    0.00    0.00    0.00    0.99    0.00   38.12
Average:       3   79.10    0.00    1.49    0.00    0.00    0.00    0.50    0.00   18.91
Average:       4   68.29    0.00    1.46    0.00    0.00    0.00    2.44    0.00   27.80
Average:       5   62.87    0.00    0.50    0.00    0.00    0.00    1.98    0.00   34.65
Average:       6   62.87    0.00    0.00    0.00    0.00    0.00    1.49    0.00   35.64
Average:       7   62.69    0.00    0.00    0.00    0.00    0.00    0.50    0.00   36.82
Average:       2   88.24    0.00    3.43    0.00    0.00    0.00    2.45    0.00    5.88
Average:       3   60.89    0.00    0.00    0.00    0.00    0.00    0.99    0.00   38.12
Average:       4   57.84    0.00    0.49    0.00    0.00    0.00    1.96    0.00   39.71
Average:       5   60.00    0.00    0.50    0.00    0.00    0.00    0.00    0.00   39.50
Average:       6   57.92    0.00    0.50    0.00    0.00    0.00    0.50    0.00   41.09
Average:       7   59.70    0.00    0.50    0.00    0.00    0.00    0.00    0.00   39.80
Average:       2   78.82    0.00    0.00    0.00    0.00    0.00    1.48    0.00   19.70
Average:       3   76.85    0.00    0.49    0.00    0.00    0.00    1.97    0.00   20.69
Average:       4   81.50    0.00    0.00    0.00    0.00    0.00    0.50    0.00   18.00
Average:       5   80.40    0.00    0.00    0.00    0.00    0.00    0.00    0.00   19.60
Average:       6   78.22    0.00    0.00    0.00    0.00    0.00    0.99    0.00   20.79
Average:       7   78.11    0.00    0.00    0.00    0.00    0.00    0.00    0.00   21.89
Average:       2   73.66    0.00    0.49    0.00    0.00    0.00    2.44    0.00   23.41
Average:       3   71.01    0.00    0.48    0.00    0.00    0.00    4.35    0.00   24.15
Average:       4   68.12    0.00    0.00    0.00    0.00    0.00    5.31    0.00   26.57
Average:       5   70.53    0.00    1.45    0.00    0.00    0.00    5.31    0.00   22.71
Average:       6   66.35    0.00    0.95    0.00    0.00    0.00    6.16    0.00   26.54
Average:       7   79.00    0.00    1.83    0.00    0.00    0.00   10.05    0.00    9.13
Average:       2   56.44    0.00    0.50    0.00    0.00    0.00    0.99    0.00   42.08
Average:       3   60.10    0.00    0.00    0.00    0.00    0.00    1.48    0.00   38.42
Average:       4   59.50    0.00    0.00    0.00    0.00    0.00    0.00    0.00   40.50
Average:       5   60.70    0.00    1.00    0.00    0.00    0.00    0.50    0.00   37.81
Average:       6   80.10    0.00    1.00    0.00    0.00    0.00    0.50    0.00   18.41
Average:       7   56.16    0.00    0.49    0.00    0.00    0.00    1.48    0.00   41.87
Average:       2   67.66    0.00    0.50    0.00    0.00    0.00    0.50    0.00   31.34
Average:       3   67.82    0.00    0.50    0.00    0.00    0.00    0.50    0.00   31.19
Average:       4   61.08    0.00    3.94    0.00    0.00    0.00    1.48    0.00   33.50
Average:       5   64.08    0.00    0.49    0.00    0.00    0.00    2.43    0.00   33.01
Average:       6   65.52    0.00    0.49    0.00    0.00    0.00    0.99    0.00   33.00
Average:       7   95.50    0.00    1.00    0.00    0.00    0.00    0.50    0.00    3.00
Average:       2   59.02    0.00    0.98    0.00    0.00    0.00    1.46    0.00   38.54
Average:       3   56.72    0.00    0.00    0.00    0.00    0.00    1.00    0.00   42.29
Average:       4   61.50    0.00    0.50    0.00    0.00    0.00    0.00    0.00   38.00
Average:       5   60.50    0.00    1.00    0.00    0.00    0.00    0.00    0.00   38.50
Average:       6   62.00    0.00    0.00    0.00    0.00    0.00    0.00    0.00   38.00
Average:       7   59.80    0.00    0.00    0.00    0.00    0.00    1.96    0.00   38.24
Average:       2   75.62    0.00    0.00    0.00    0.00    0.00    1.00    0.00   23.38
Average:       3   97.03    0.00    0.99    0.00    0.00    0.00    0.99    0.00    0.99
Average:       4   75.49    0.00    0.00    0.00    0.00    0.00    1.47    0.00   23.04
Average:       5   75.25    0.00    0.00    0.00    0.00    0.00    0.99    0.00   23.76
Average:       6   77.39    0.00    0.00    0.00    0.00    0.00    0.00    0.00   22.61
Average:       7   75.12    0.00    0.00    0.00    0.00    0.00    1.00    0.00   23.88
Average:       2   70.89    0.00    0.47    0.00    0.00    0.00    7.51    0.00   21.13
Average:       3   68.57    0.00    0.48    0.00    0.00    0.00    6.67    0.00   24.29
Average:       4   70.33    0.00    0.48    0.00    0.00    0.00    5.74    0.00   23.44
Average:       5   75.86    0.00    0.49    0.00    0.00    0.00    2.46    0.00   21.18
Average:       6   72.55    0.00    0.49    0.00    0.00    0.00    2.94    0.00   24.02
Average:       7   69.71    0.00    0.96    0.00    0.00    0.00    5.29    0.00   24.04
Average:       2   58.45    0.00    0.00    0.00    0.00    0.00    3.38    0.00   38.16
Average:       3   56.16    0.00    0.49    0.00    0.00    0.00    1.48    0.00   41.87
Average:       4   54.55    0.00    0.48    0.00    0.00    0.00    4.78    0.00   40.19
Average:       5   54.85    0.00    0.00    0.00    0.00    0.00    3.40    0.00   41.75
Average:       6   53.92    0.00    0.00    0.00    0.00    0.00    2.94    0.00   43.14
Average:       7   71.71    0.00    0.98    0.00    0.00    0.00    5.37    0.00   21.95
Average:       2   67.00    0.00    0.00    0.00    0.00    0.00    2.96    0.00   30.05
Average:       3   68.63    0.00    0.49    0.00    0.00    0.00    1.96    0.00   28.92
Average:       4   68.81    0.00    0.00    0.00    0.00    0.00    0.99    0.00   30.20
Average:       5   93.17    0.00    1.46    0.00    0.00    0.00    2.44    0.00    2.93
Average:       6   70.00    0.00    0.00    0.00    0.00    0.00    0.50    0.00   29.50
Average:       7   70.79    0.00    0.50    0.00    0.00    0.00    0.99    0.00   27.72
Average:       2   67.33    0.00    0.00    0.00    0.00    0.00    1.49    0.00   31.19
Average:       3   64.08    0.00    0.00    0.00    0.00    0.00    2.91    0.00   33.01
Average:       4   62.69    0.00    0.50    0.00    0.00    0.00    1.00    0.00   35.82
Average:       5   62.75    0.00    0.49    0.00    0.00    0.00    1.96    0.00   34.80
Average:       6   65.00    0.00    0.50    0.00    0.00    0.00    0.50    0.00   34.00
Average:       7   65.05    0.00    0.49    0.00    0.00    0.00    2.43    0.00   32.04
Average:       2   69.52    0.00    0.48    0.00    0.00    0.00    7.62    0.00   22.38
Average:       3   73.33    0.00    0.95    0.00    0.00    0.00    7.14    0.00   18.57
Average:       4   58.25    0.00    0.49    0.00    0.00    0.00    4.85    0.00   36.41
Average:       5   63.64    0.00    0.00    0.00    0.00    0.00    5.26    0.00   31.10
Average:       6   57.97    0.00    0.00    0.00    0.00    0.00    5.80    0.00   36.23
Average:       7   58.45    0.00    0.48    0.00    0.00    0.00    4.35    0.00   36.71
Average:       2   85.85    0.00    1.95    0.00    0.00    0.00    2.44    0.00    9.76
Average:       3   72.68    0.00    0.49    0.00    0.00    0.00    2.44    0.00   24.39
Average:       4   72.55    0.00    0.00    0.00    0.00    0.00    2.45    0.00   25.00
Average:       5   74.63    0.00    0.00    0.00    0.00    0.00    2.93    0.00   22.44
Average:       6   74.02    0.00    0.49    0.00    0.00    0.00    1.47    0.00   24.02
Average:       7   70.87    0.00    0.49    0.00    0.00    0.00    3.88    0.00   24.76
Average:       2   60.70    0.00    0.50    0.00    0.00    0.00    0.50    0.00   38.31
Average:       3   65.17    0.00    0.00    0.00    0.00    0.00    1.00    0.00   33.83
Average:       4   58.33    0.00    0.00    0.00    0.00    0.00    2.45    0.00   39.22
Average:       5   60.50    0.00    0.00    0.00    0.00    0.00    0.00    0.00   39.50
Average:       6   62.56    0.00    0.00    0.00    0.00    0.00    0.99    0.00   36.45
Average:       7   91.18    0.00    1.96    0.00    0.00    0.00    1.96    0.00    4.90
Average:       2   66.34    0.00    0.00    0.00    0.00    0.00    0.50    0.00   33.17
Average:       3   78.33    0.00    0.49    0.00    0.00    0.00    1.48    0.00   19.70
Average:       4   68.66    0.00    0.50    0.00    0.00    0.00    0.50    0.00   30.35
Average:       5   66.83    0.00    0.00    0.00    0.00    0.00    0.99    0.00   32.18
Average:       6   79.41    0.00    1.47    0.00    0.00    0.00    1.47    0.00   17.65
Average:       7   70.10    0.00    0.98    0.00    0.00    0.00    0.98    0.00   27.94
Average:       2   76.62    0.00    1.00    0.00    0.00    0.00    0.50    0.00   21.89
Average:       3   64.32    0.00    0.00    0.00    0.00    0.00    0.00    0.00   35.68
Average:       4   58.33    0.00    1.47    0.00    0.00    0.00    1.47    0.00   38.73
Average:       5   61.58    0.00    0.99    0.00    0.00    0.00    1.97    0.00   35.47
Average:       6   59.00    0.00    0.00    0.00    0.00    0.00    0.00    0.00   41.00
Average:       7   61.88    0.00    0.00    0.00    0.00    0.00    0.99    0.00   37.13
Average:       2   73.43    0.00    0.97    0.00    0.00    0.00    8.70    0.00   16.91
Average:       3   63.46    0.00    0.00    0.00    0.00    0.00    7.21    0.00   29.33
Average:       4   62.02    0.00    0.48    0.00    0.00    0.00    7.21    0.00   30.29
Average:       5   61.54    0.00    0.48    0.00    0.00    0.00    8.17    0.00   29.81
Average:       6   62.80    0.00    0.48    0.00    0.00    0.00    6.76    0.00   29.95
Average:       7   63.64    0.00    0.96    0.00    0.00    0.00    5.74    0.00   29.67
Average:       2   72.25    0.00    0.00    0.00    0.00    0.00    8.61    0.00   19.14
Average:       3   79.51    0.00    0.49    0.00    0.00    0.00    3.90    0.00   16.10
Average:       4   79.50    0.00    0.00    0.00    0.00    0.00    3.00    0.00   17.50
Average:       5   87.56    0.00    1.44    0.00    0.00    0.00    7.18    0.00    3.83
Average:       6   77.45    0.00    0.49    0.00    0.00    0.00    3.43    0.00   18.63
Average:       7   74.06    0.00    0.47    0.00    0.00    0.00    8.02    0.00   17.45
Average:       2   62.31    0.00    0.50    0.00    0.00    0.00    0.00    0.00   37.19
Average:       3   59.80    0.00    0.00    0.00    0.00    0.00    0.00    0.00   40.20
Average:       4   58.21    0.00    0.50    0.00    0.00    0.00    0.00    0.00   41.29
Average:       5   61.69    0.00    0.50    0.00    0.00    0.00    0.50    0.00   37.31
Average:       6   60.00    0.00    0.50    0.00    0.00    0.00    0.50    0.00   39.00
Average:       7   58.71    0.00    0.00    0.00    0.00    0.00    1.00    0.00   40.30
Average:       2   75.98    0.00    1.47    0.00    0.00    0.00    2.45    0.00   20.10
Average:       3   84.08    0.00    2.49    0.00    0.00    0.00    0.50    0.00   12.94
Average:       4   78.22    0.00    0.99    0.00    0.00    0.00    0.50    0.00   20.30
Average:       5   81.28    0.00    0.49    0.00    0.00    0.00    0.99    0.00   17.24
Average:       6   79.51    0.00    0.49    0.00    0.00    0.00    2.44    0.00   17.56
Average:       7   91.50    0.00    1.00    0.00    0.00    0.00    0.00    0.00    7.50
Average:       2   59.41    0.00    0.50    0.00    0.00    0.00    0.99    0.00   39.11
Average:       3   60.70    0.00    0.50    0.00    0.00    0.00    0.00    0.00   38.81
Average:       4   89.71    0.00    1.47    0.00    0.00    0.00    1.96    0.00    6.86
Average:       5   60.50    0.00    0.00    0.00    0.00    0.00    0.00    0.00   39.50
Average:       6   61.00    0.00    0.00    0.00    0.00    0.00    0.00    0.00   39.00
Average:       7   61.65    0.00    0.49    0.00    0.00    0.00    1.94    0.00   35.92
Average:       2   70.28    0.00    0.47    0.00    0.00    0.00   11.79    0.00   17.45
Average:       3   68.87    0.00    0.00    0.00    0.00    0.00   12.74    0.00   18.40
Average:       4   82.71    0.00    0.93    0.00    0.00    0.00   12.62    0.00    3.74
Average:       5   69.52    0.00    0.48    0.00    0.00    0.00   13.81    0.00   16.19
Average:       6   79.29    0.00    0.00    0.00    0.00    0.00    5.56    0.00   15.15
Average:       7   71.01    0.00    0.00    0.00    0.00    0.00   11.59    0.00   17.39
Average:       2   80.68    0.00    0.48    0.00    0.00    0.00    4.35    0.00   14.49
Average:       3   75.83    0.00    0.47    0.00    0.00    0.00    7.11    0.00   16.59
Average:       4   79.05    0.00    0.48    0.00    0.00    0.00    6.67    0.00   13.81
Average:       5   89.10    0.00    0.95    0.00    0.00    0.00    7.11    0.00    2.84
Average:       6   77.78    0.00    0.48    0.00    0.00    0.00    4.83    0.00   16.91
Average:       7   80.38    0.00    0.00    0.00    0.00    0.00    4.78    0.00   14.83
Average:       2   79.70    0.00    0.99    0.00    0.00    0.00    0.99    0.00   18.32
Average:       3   62.38    0.00    0.00    0.00    0.00    0.00    0.99    0.00   36.63
Average:       4   59.11    0.00    0.49    0.00    0.00    0.00    1.48    0.00   38.92
Average:       5   61.39    0.00    0.50    0.00    0.00    0.00    0.99    0.00   37.13
Average:       6   67.00    0.00    0.00    0.00    0.00    0.00    0.50    0.00   32.50
Average:       7   66.18    0.00    0.00    0.00    0.00    0.00    2.45    0.00   31.37
Average:       2   71.92    0.00    0.00    0.00    0.00    0.00    1.97    0.00   26.11
Average:       3   95.02    0.00    1.49    0.00    0.00    0.00    0.00    0.00    3.48
Average:       4   67.98    0.00    0.49    0.00    0.00    0.00    1.48    0.00   30.05
Average:       5   71.64    0.00    1.00    0.00    0.00    0.00    0.00    0.00   27.36
Average:       6   68.97    0.00    0.99    0.00    0.00    0.00    1.48    0.00   28.57
Average:       7   70.30    0.00    0.00    0.00    0.00    0.00    0.99    0.00   28.71
Average:       2   46.23    0.00    0.00    0.00    0.00    0.00    0.00    0.00   53.77
Average:       3   49.75    0.00    0.49    0.00    0.00    0.00    1.48    0.00   48.28
Average:       4   73.50    0.00    1.50    0.00    0.00    0.00    0.50    0.00   24.50
Average:       5   46.27    0.00    0.50    0.00    0.00    0.00    1.00    0.00   52.24
Average:       6   50.25    0.00    0.00    0.00    0.00    0.00    0.50    0.00   49.25
Average:       7   47.24    0.00    0.00    0.00    0.00    0.00    0.00    0.00   52.76
Average:       2   95.00    0.00    0.50    0.00    0.00    0.00    1.00    0.00    3.50
Average:       3   70.30    0.00    0.00    0.00    0.00    0.00    0.99    0.00   28.71
Average:       4   68.32    0.00    0.50    0.00    0.00    0.00    0.50    0.00   30.69
Average:       5   66.50    0.00    0.49    0.00    0.00    0.00    1.97    0.00   31.03
Average:       6   67.98    0.00    0.00    0.00    0.00    0.00    1.97    0.00   30.05
Average:       7   68.50    0.00    0.00    0.00    0.00    0.00    0.50    0.00   31.00
Average:       2   85.92    0.00    0.47    0.00    0.00    0.00    8.45    0.00    5.16
Average:       3   82.35    0.00    0.00    0.00    0.00    0.00    3.92    0.00   13.73
Average:       4   75.60    0.00    0.00    0.00    0.00    0.00    7.66    0.00   16.75
Average:       5   75.71    0.00    0.48    0.00    0.00    0.00    7.62    0.00   16.19
Average:       6   78.10    0.00    0.48    0.00    0.00    0.00    5.71    0.00   15.71
Average:       7   77.10    0.00    0.47    0.00    0.00    0.00    8.41    0.00   14.02
Average:       2   75.24    0.00    0.97    0.00    0.00    0.00    2.91    0.00   20.87
Average:       3   72.91    0.00    0.00    0.00    0.00    0.00    1.97    0.00   25.12
Average:       4   78.54    0.00    0.49    0.00    0.00    0.00    2.44    0.00   18.54
Average:       5   75.00    0.00    0.00    0.00    0.00    0.00    1.47    0.00   23.53
Average:       6   74.38    0.00    0.49    0.00    0.00    0.00    1.48    0.00   23.65
Average:       7   76.50    0.00    0.00    0.00    0.00    0.00    0.50    0.00   23.00
Average:       2   62.62    0.00    0.00    0.00    0.00    0.00    4.37    0.00   33.01
Average:       3   59.51    0.00    0.49    0.00    0.00    0.00    3.41    0.00   36.59
Average:       4   58.42    0.00    0.00    0.00    0.00    0.00    2.97    0.00   38.61
Average:       5   56.60    0.00    0.00    0.00    0.00    0.00    8.49    0.00   34.91
Average:       6   82.94    0.00    1.42    0.47    0.00    0.00    8.53    0.00    6.64
Average:       7   61.65    0.00    0.00    0.00    0.00    0.00    5.34    0.00   33.01
Average:       2   59.62    0.00    0.48    0.00    0.00    0.48    5.77    0.00   33.65
Average:       3   54.55    0.00    1.44    0.00    0.00    0.00    5.74    0.00   38.28
Average:       4   58.74    0.00    0.49    0.00    0.00    0.00    4.85    0.00   35.92
Average:       5   64.11    0.00    0.00    0.00    0.00    0.00    4.31    0.00   31.58
Average:       6   58.25    0.00    0.97    0.00    0.00    0.00    3.40    0.00   37.38
